# Force coefficients
# dragDir     : (1.000000e+00 0.000000e+00 0.000000e+00)
# sideDir     : (0.000000e+00 0.000000e+00 -1.000000e+00)
# liftDir     : (0.000000e+00 1.000000e+00 0.000000e+00)
# rollAxis    : (1.000000e+00 0.000000e+00 0.000000e+00)
# pitchAxis   : (0.000000e+00 0.000000e+00 -1.000000e+00)
# yawAxis     : (0.000000e+00 1.000000e+00 0.000000e+00)
# magUInf     : 2.000000e-02
# lRef        : 1.000000e-01
# Aref        : 1.000000e-01
# CofR        : (0.000000e+00 0.000000e+00 0.000000e+00)
#
# Time        	Cd            	Cs            	Cl            	CmRoll        	CmPitch       	CmYaw         	Cd(f)         	Cd(r)         	Cs(f)         	Cs(r)         	Cl(f)         	Cl(r)         
1             	3.313382e-03	-2.178700e-19	6.935006e-04	-1.733751e-05	5.451263e-03	8.283455e-05	1.639353e-03	1.674028e-03	8.283455e-05	-8.283455e-05	5.798013e-03	-5.104512e-03
2             	7.380138e-03	-1.593950e-19	1.354260e-03	-3.385650e-05	1.267192e-02	1.845034e-04	3.656212e-03	3.723925e-03	1.845034e-04	-1.845034e-04	1.334905e-02	-1.199479e-02
3             	5.646188e-03	-6.250398e-21	1.589704e-03	-3.974259e-05	8.738134e-03	1.411547e-04	2.783351e-03	2.862837e-03	1.411547e-04	-1.411547e-04	9.532986e-03	-7.943282e-03
4             	3.865630e-03	3.230140e-20	1.805823e-03	-4.514557e-05	4.709302e-03	9.664075e-05	1.887669e-03	1.977961e-03	9.664075e-05	-9.664075e-05	5.612214e-03	-3.806391e-03
5             	3.102542e-03	2.699009e-20	1.676967e-03	-4.192418e-05	3.476655e-03	7.756355e-05	1.509347e-03	1.593195e-03	7.756355e-05	-7.756355e-05	4.315139e-03	-2.638172e-03
6             	3.081327e-03	1.206232e-20	1.590185e-03	-3.975462e-05	3.674057e-03	7.703319e-05	1.500909e-03	1.580418e-03	7.703319e-05	-7.703319e-05	4.469150e-03	-2.878965e-03
7             	3.432089e-03	-3.067154e-21	1.785067e-03	-4.462667e-05	4.041400e-03	8.580222e-05	1.671418e-03	1.760671e-03	8.580222e-05	-8.580222e-05	4.933934e-03	-3.148867e-03
8             	3.772010e-03	-7.831392e-21	2.272387e-03	-5.680967e-05	3.805030e-03	9.430026e-05	1.829196e-03	1.942815e-03	9.430026e-05	-9.430026e-05	4.941223e-03	-2.668836e-03
9             	3.956747e-03	-7.914775e-21	2.884420e-03	-7.211050e-05	3.012252e-03	9.891868e-05	1.906263e-03	2.050484e-03	9.891868e-05	-9.891868e-05	4.454462e-03	-1.570042e-03
10            	4.039720e-03	-7.618135e-21	3.509619e-03	-8.774048e-05	1.994605e-03	1.009930e-04	1.932119e-03	2.107600e-03	1.009930e-04	-1.009930e-04	3.749415e-03	-2.397955e-04
11            	4.034304e-03	-5.745060e-21	4.047238e-03	-1.011809e-04	9.757197e-04	1.008576e-04	1.915971e-03	2.118333e-03	1.008576e-04	-1.008576e-04	2.999338e-03	1.047899e-03
12            	3.984082e-03	-5.513519e-21	4.450727e-03	-1.112682e-04	1.314064e-04	9.960206e-05	1.880773e-03	2.103309e-03	9.960206e-05	-9.960206e-05	2.356770e-03	2.093957e-03
13            	3.924827e-03	-5.819433e-21	4.722906e-03	-1.180726e-04	-4.759750e-04	9.812067e-05	1.844341e-03	2.080486e-03	9.812067e-05	-9.812067e-05	1.885478e-03	2.837428e-03
14            	3.857903e-03	-5.797028e-21	4.903418e-03	-1.225855e-04	-9.254796e-04	9.644758e-05	1.806366e-03	2.051537e-03	9.644758e-05	-9.644758e-05	1.526230e-03	3.377189e-03
15            	3.792589e-03	-5.779835e-21	5.012460e-03	-1.253115e-04	-1.237809e-03	9.481473e-05	1.770983e-03	2.021606e-03	9.481473e-05	-9.481473e-05	1.268421e-03	3.744039e-03
16            	3.732957e-03	-5.734583e-21	5.066481e-03	-1.266620e-04	-1.437106e-03	9.332393e-05	1.739817e-03	1.993141e-03	9.332393e-05	-9.332393e-05	1.096134e-03	3.970347e-03
17            	3.692236e-03	-5.662173e-21	5.082083e-03	-1.270521e-04	-1.528917e-03	9.230590e-05	1.719066e-03	1.973170e-03	9.230590e-05	-9.230590e-05	1.012125e-03	4.069958e-03
18            	3.648780e-03	-5.546648e-21	5.077394e-03	-1.269349e-04	-1.591237e-03	9.121950e-05	1.697455e-03	1.951325e-03	9.121950e-05	-9.121950e-05	9.474604e-04	4.129934e-03
19            	3.609766e-03	-5.474630e-21	5.057896e-03	-1.264474e-04	-1.619426e-03	9.024414e-05	1.678435e-03	1.931330e-03	9.024414e-05	-9.024414e-05	9.095216e-04	4.148374e-03
20            	3.579642e-03	-5.420056e-21	5.025231e-03	-1.256308e-04	-1.607457e-03	8.949104e-05	1.664190e-03	1.915452e-03	8.949104e-05	-8.949104e-05	9.051581e-04	4.120073e-03
21            	3.556792e-03	-5.378204e-21	4.990373e-03	-1.247593e-04	-1.580354e-03	8.891979e-05	1.653637e-03	1.903155e-03	8.891979e-05	-8.891979e-05	9.148329e-04	4.075540e-03
22            	3.537147e-03	-5.325047e-21	4.951719e-03	-1.237930e-04	-1.542697e-03	8.842868e-05	1.644781e-03	1.892366e-03	8.842868e-05	-8.842868e-05	9.331628e-04	4.018556e-03
23            	3.525560e-03	-5.358502e-21	4.928734e-03	-1.232184e-04	-1.522574e-03	8.813901e-05	1.639562e-03	1.885998e-03	8.813901e-05	-8.813901e-05	9.417934e-04	3.986941e-03
24            	3.509284e-03	-5.331279e-21	4.901484e-03	-1.225371e-04	-1.505572e-03	8.773210e-05	1.632105e-03	1.877179e-03	8.773210e-05	-8.773210e-05	9.451699e-04	3.956314e-03
25            	3.494253e-03	-5.375618e-21	4.876356e-03	-1.219089e-04	-1.490359e-03	8.735632e-05	1.625217e-03	1.869035e-03	8.735632e-05	-8.735632e-05	9.478186e-04	3.928537e-03
26            	3.481613e-03	-5.401154e-21	4.841397e-03	-1.210349e-04	-1.449672e-03	8.704032e-05	1.619771e-03	1.861841e-03	8.704032e-05	-8.704032e-05	9.710261e-04	3.870371e-03
27            	3.469913e-03	-5.462705e-21	4.798378e-03	-1.199594e-04	-1.390216e-03	8.674782e-05	1.614997e-03	1.854916e-03	8.674782e-05	-8.674782e-05	1.008973e-03	3.789405e-03
28            	3.461922e-03	-5.628431e-21	4.747400e-03	-1.186850e-04	-1.306510e-03	8.654805e-05	1.612276e-03	1.849646e-03	8.654805e-05	-8.654805e-05	1.067190e-03	3.680210e-03
29            	3.458815e-03	-5.804666e-21	4.694392e-03	-1.173598e-04	-1.208384e-03	8.647038e-05	1.612048e-03	1.846767e-03	8.647038e-05	-8.647038e-05	1.138812e-03	3.555580e-03
30            	3.461355e-03	-5.982723e-21	4.647529e-03	-1.161882e-04	-1.111222e-03	8.653387e-05	1.614489e-03	1.846866e-03	8.653387e-05	-8.653387e-05	1.212542e-03	3.434987e-03
31            	3.466580e-03	-6.079857e-21	4.613670e-03	-1.153417e-04	-1.035034e-03	8.666451e-05	1.617948e-03	1.848632e-03	8.666451e-05	-8.666451e-05	1.271801e-03	3.341869e-03
32            	3.474107e-03	-6.304998e-21	4.591205e-03	-1.147801e-04	-9.778018e-04	8.685268e-05	1.622274e-03	1.851834e-03	8.685268e-05	-8.685268e-05	1.317801e-03	3.273404e-03
33            	3.482782e-03	-6.491165e-21	4.583820e-03	-1.145955e-04	-9.491381e-04	8.706954e-05	1.626795e-03	1.855986e-03	8.706954e-05	-8.706954e-05	1.342772e-03	3.241048e-03
34            	3.490029e-03	-6.673443e-21	4.589221e-03	-1.147305e-04	-9.495609e-04	8.725073e-05	1.630284e-03	1.859745e-03	8.725073e-05	-8.725073e-05	1.345049e-03	3.244171e-03
35            	3.495113e-03	-6.855935e-21	4.604085e-03	-1.151021e-04	-9.734176e-04	8.737783e-05	1.632454e-03	1.862659e-03	8.737783e-05	-8.737783e-05	1.328625e-03	3.275460e-03
36            	3.496662e-03	-7.012650e-21	4.622246e-03	-1.155561e-04	-1.010460e-03	8.741656e-05	1.632775e-03	1.863887e-03	8.741656e-05	-8.741656e-05	1.300662e-03	3.321583e-03
37            	3.496015e-03	-7.152821e-21	4.637274e-03	-1.159319e-04	-1.044515e-03	8.740039e-05	1.632076e-03	1.863940e-03	8.740039e-05	-8.740039e-05	1.274123e-03	3.363152e-03
38            	3.494345e-03	-7.271227e-21	4.645660e-03	-1.161415e-04	-1.065952e-03	8.735862e-05	1.631031e-03	1.863314e-03	8.735862e-05	-8.735862e-05	1.256878e-03	3.388782e-03
39            	3.493109e-03	-7.380941e-21	4.647736e-03	-1.161934e-04	-1.072725e-03	8.732772e-05	1.630361e-03	1.862748e-03	8.732772e-05	-8.732772e-05	1.251143e-03	3.396594e-03
40            	3.493205e-03	-7.491755e-21	4.645175e-03	-1.161294e-04	-1.066637e-03	8.733014e-05	1.630473e-03	1.862732e-03	8.733014e-05	-8.733014e-05	1.255951e-03	3.389224e-03
41            	3.495192e-03	-7.599803e-21	4.640200e-03	-1.160050e-04	-1.051482e-03	8.737980e-05	1.631591e-03	1.863601e-03	8.737980e-05	-8.737980e-05	1.268618e-03	3.371582e-03
42            	3.499364e-03	-7.715545e-21	4.636426e-03	-1.159106e-04	-1.034409e-03	8.748411e-05	1.633772e-03	1.865593e-03	8.748411e-05	-8.748411e-05	1.283804e-03	3.352622e-03
43            	3.504847e-03	-7.812306e-21	4.637244e-03	-1.159311e-04	-1.024409e-03	8.762118e-05	1.636492e-03	1.868355e-03	8.762118e-05	-8.762118e-05	1.294213e-03	3.343031e-03
44            	3.510971e-03	-7.915448e-21	4.644273e-03	-1.161068e-04	-1.026257e-03	8.777428e-05	1.639379e-03	1.871592e-03	8.777428e-05	-8.777428e-05	1.295879e-03	3.348393e-03
45            	3.516421e-03	-8.012931e-21	4.657680e-03	-1.164420e-04	-1.042922e-03	8.791053e-05	1.641769e-03	1.874653e-03	8.791053e-05	-8.791053e-05	1.285918e-03	3.371762e-03
46            	3.520234e-03	-8.098950e-21	4.675568e-03	-1.168892e-04	-1.072229e-03	8.800585e-05	1.643228e-03	1.877006e-03	8.800585e-05	-8.800585e-05	1.265555e-03	3.410014e-03
47            	3.522154e-03	-8.170258e-21	4.694634e-03	-1.173658e-04	-1.107588e-03	8.805385e-05	1.643711e-03	1.878443e-03	8.805385e-05	-8.805385e-05	1.239729e-03	3.454905e-03
48            	3.522040e-03	-8.224072e-21	4.711185e-03	-1.177796e-04	-1.141563e-03	8.805100e-05	1.643240e-03	1.878800e-03	8.805100e-05	-8.805100e-05	1.214030e-03	3.497155e-03
49            	3.520617e-03	-8.261419e-21	4.722663e-03	-1.180666e-04	-1.167361e-03	8.801543e-05	1.642242e-03	1.878375e-03	8.801543e-05	-8.801543e-05	1.193971e-03	3.528693e-03
50            	3.518853e-03	-8.273034e-21	4.728301e-03	-1.182075e-04	-1.181463e-03	8.797133e-05	1.641219e-03	1.877634e-03	8.797133e-05	-8.797133e-05	1.182687e-03	3.545614e-03
51            	3.517444e-03	-8.285676e-21	4.728664e-03	-1.182166e-04	-1.183728e-03	8.793610e-05	1.640505e-03	1.876939e-03	8.793610e-05	-8.793610e-05	1.180604e-03	3.548060e-03
52            	3.517249e-03	-8.295890e-21	4.725445e-03	-1.181361e-04	-1.176031e-03	8.793121e-05	1.640488e-03	1.876760e-03	8.793121e-05	-8.793121e-05	1.186691e-03	3.538754e-03
53            	3.518518e-03	-8.312636e-21	4.721180e-03	-1.180295e-04	-1.163339e-03	8.796296e-05	1.641230e-03	1.877289e-03	8.796296e-05	-8.796296e-05	1.197251e-03	3.523929e-03
54            	3.521024e-03	-8.338018e-21	4.718451e-03	-1.179613e-04	-1.151621e-03	8.802561e-05	1.642551e-03	1.878473e-03	8.802561e-05	-8.802561e-05	1.207604e-03	3.510846e-03
55            	3.524177e-03	-8.361726e-21	4.719233e-03	-1.179808e-04	-1.146206e-03	8.810443e-05	1.644108e-03	1.880070e-03	8.810443e-05	-8.810443e-05	1.213411e-03	3.505822e-03
56            	3.527161e-03	-8.384296e-21	4.724017e-03	-1.181004e-04	-1.149720e-03	8.817902e-05	1.645480e-03	1.881681e-03	8.817902e-05	-8.817902e-05	1.212289e-03	3.511728e-03
57            	3.529367e-03	-8.403053e-21	4.732180e-03	-1.183045e-04	-1.162012e-03	8.823418e-05	1.646379e-03	1.882988e-03	8.823418e-05	-8.823418e-05	1.204078e-03	3.528102e-03
58            	3.530476e-03	-8.418126e-21	4.742901e-03	-1.185725e-04	-1.181836e-03	8.826190e-05	1.646666e-03	1.883811e-03	8.826190e-05	-8.826190e-05	1.189615e-03	3.553286e-03
59            	3.529831e-03	-8.423791e-21	4.753308e-03	-1.188327e-04	-1.204536e-03	8.824578e-05	1.646083e-03	1.883748e-03	8.824578e-05	-8.824578e-05	1.172118e-03	3.581190e-03
60            	3.527992e-03	-8.420486e-21	4.760316e-03	-1.190079e-04	-1.222430e-03	8.819981e-05	1.644988e-03	1.883004e-03	8.819981e-05	-8.819981e-05	1.157728e-03	3.602588e-03
61            	3.525731e-03	-8.410769e-21	4.763056e-03	-1.190764e-04	-1.232160e-03	8.814327e-05	1.643789e-03	1.881942e-03	8.814327e-05	-8.814327e-05	1.149368e-03	3.613689e-03
62            	3.523672e-03	-8.392850e-21	4.762023e-03	-1.190506e-04	-1.233515e-03	8.809180e-05	1.642785e-03	1.880887e-03	8.809180e-05	-8.809180e-05	1.147496e-03	3.614527e-03
63            	3.522204e-03	-8.381529e-21	4.757736e-03	-1.189434e-04	-1.226887e-03	8.805509e-05	1.642158e-03	1.880045e-03	8.805509e-05	-8.805509e-05	1.151981e-03	3.605755e-03
64            	3.521936e-03	-8.370492e-21	4.751642e-03	-1.187910e-04	-1.214129e-03	8.804840e-05	1.642177e-03	1.879759e-03	8.804840e-05	-8.804840e-05	1.161692e-03	3.589949e-03
65            	3.522681e-03	-8.363213e-21	4.746046e-03	-1.186512e-04	-1.200554e-03	8.806703e-05	1.642689e-03	1.879992e-03	8.806703e-05	-8.806703e-05	1.172469e-03	3.573577e-03
66            	3.524202e-03	-8.359685e-21	4.742686e-03	-1.185671e-04	-1.190273e-03	8.810504e-05	1.643534e-03	1.880668e-03	8.810504e-05	-8.810504e-05	1.181069e-03	3.561616e-03
67            	3.525834e-03	-8.358932e-21	4.742400e-03	-1.185600e-04	-1.186359e-03	8.814585e-05	1.644357e-03	1.881477e-03	8.814585e-05	-8.814585e-05	1.184841e-03	3.557559e-03
68            	3.527106e-03	-8.358711e-21	4.744912e-03	-1.186228e-04	-1.189153e-03	8.817765e-05	1.644930e-03	1.882176e-03	8.817765e-05	-8.817765e-05	1.183303e-03	3.561608e-03
69            	3.527771e-03	-8.358709e-21	4.749669e-03	-1.187417e-04	-1.197918e-03	8.819427e-05	1.645144e-03	1.882627e-03	8.819427e-05	-8.819427e-05	1.176917e-03	3.572752e-03
70            	3.527506e-03	-8.355704e-21	4.755535e-03	-1.188884e-04	-1.210850e-03	8.818764e-05	1.644864e-03	1.882641e-03	8.818764e-05	-8.818764e-05	1.166917e-03	3.588618e-03
71            	3.526227e-03	-8.348615e-21	4.760281e-03	-1.190070e-04	-1.223406e-03	8.815567e-05	1.644106e-03	1.882120e-03	8.815567e-05	-8.815567e-05	1.156735e-03	3.603546e-03
72            	3.524392e-03	-8.338285e-21	4.762501e-03	-1.190625e-04	-1.231691e-03	8.810981e-05	1.643134e-03	1.881259e-03	8.810981e-05	-8.810981e-05	1.149559e-03	3.612942e-03
73            	3.522533e-03	-8.325275e-21	4.761828e-03	-1.190457e-04	-1.233885e-03	8.806332e-05	1.642221e-03	1.880312e-03	8.806332e-05	-8.806332e-05	1.147029e-03	3.614798e-03
74            	3.521051e-03	-8.311871e-21	4.758588e-03	-1.189647e-04	-1.229896e-03	8.802626e-05	1.641561e-03	1.879490e-03	8.802626e-05	-8.802626e-05	1.149398e-03	3.609191e-03
75            	3.520009e-03	-8.299568e-21	4.753168e-03	-1.188292e-04	-1.220512e-03	8.800022e-05	1.641175e-03	1.878834e-03	8.800022e-05	-8.800022e-05	1.156072e-03	3.597096e-03
76            	3.520246e-03	-8.290972e-21	4.747298e-03	-1.186825e-04	-1.207643e-03	8.800614e-05	1.641440e-03	1.878805e-03	8.800614e-05	-8.800614e-05	1.166006e-03	3.581292e-03
77            	3.521213e-03	-8.286200e-21	4.743024e-03	-1.185756e-04	-1.196754e-03	8.803031e-05	1.642031e-03	1.879182e-03	8.803031e-05	-8.803031e-05	1.174758e-03	3.568266e-03
78            	3.522436e-03	-8.284787e-21	4.741110e-03	-1.185278e-04	-1.190399e-03	8.806090e-05	1.642690e-03	1.879746e-03	8.806090e-05	-8.806090e-05	1.180156e-03	3.560955e-03
79            	3.523542e-03	-8.284898e-21	4.741523e-03	-1.185381e-04	-1.189227e-03	8.808854e-05	1.643233e-03	1.880309e-03	8.808854e-05	-8.808854e-05	1.181535e-03	3.559988e-03
80            	3.524310e-03	-8.286005e-21	4.743966e-03	-1.185992e-04	-1.193022e-03	8.810774e-05	1.643556e-03	1.880754e-03	8.810774e-05	-8.810774e-05	1.178961e-03	3.565006e-03
81            	3.524487e-03	-8.285601e-21	4.747749e-03	-1.186937e-04	-1.200803e-03	8.811218e-05	1.643550e-03	1.880937e-03	8.811218e-05	-8.811218e-05	1.173071e-03	3.574677e-03
82            	3.523905e-03	-8.282682e-21	4.751466e-03	-1.187866e-04	-1.209908e-03	8.809762e-05	1.643166e-03	1.880739e-03	8.809762e-05	-8.809762e-05	1.165824e-03	3.585641e-03
83            	3.522546e-03	-8.278434e-21	4.755047e-03	-1.188762e-04	-1.220099e-03	8.806364e-05	1.642397e-03	1.880149e-03	8.806364e-05	-8.806364e-05	1.157424e-03	3.597623e-03
84            	3.521163e-03	-8.271248e-21	4.755052e-03	-1.188763e-04	-1.222865e-03	8.802907e-05	1.641705e-03	1.879458e-03	8.802907e-05	-8.802907e-05	1.154661e-03	3.600391e-03
85            	3.520126e-03	-8.261908e-21	4.752892e-03	-1.188223e-04	-1.220348e-03	8.800316e-05	1.641241e-03	1.878885e-03	8.800316e-05	-8.800316e-05	1.156098e-03	3.596795e-03
86            	3.519445e-03	-8.253855e-21	4.749508e-03	-1.187377e-04	-1.214546e-03	8.798614e-05	1.640985e-03	1.878460e-03	8.798614e-05	-8.798614e-05	1.160208e-03	3.589300e-03
87            	3.519271e-03	-8.247509e-21	4.745420e-03	-1.186355e-04	-1.206310e-03	8.798178e-05	1.641000e-03	1.878271e-03	8.798178e-05	-8.798178e-05	1.166400e-03	3.579020e-03
88            	3.519829e-03	-8.249497e-21	4.740300e-03	-1.185075e-04	-1.194620e-03	8.799573e-05	1.641407e-03	1.878422e-03	8.799573e-05	-8.799573e-05	1.175530e-03	3.564770e-03
89            	3.520893e-03	-8.246630e-21	4.738688e-03	-1.184672e-04	-1.189184e-03	8.802233e-05	1.641979e-03	1.878914e-03	8.802233e-05	-8.802233e-05	1.180160e-03	3.558528e-03
90            	3.521783e-03	-8.247479e-21	4.738843e-03	-1.184711e-04	-1.187843e-03	8.804458e-05	1.642420e-03	1.879363e-03	8.804458e-05	-8.804458e-05	1.181579e-03	3.557264e-03
91            	3.522493e-03	-8.246426e-21	4.740055e-03	-1.185014e-04	-1.189099e-03	8.806232e-05	1.642745e-03	1.879748e-03	8.806232e-05	-8.806232e-05	1.180929e-03	3.559126e-03
92            	3.523023e-03	-8.248223e-21	4.742548e-03	-1.185637e-04	-1.193358e-03	8.807556e-05	1.642948e-03	1.880075e-03	8.807556e-05	-8.807556e-05	1.177916e-03	3.564632e-03
93            	3.522729e-03	-8.247220e-21	4.745577e-03	-1.186394e-04	-1.200409e-03	8.806823e-05	1.642725e-03	1.880004e-03	8.806823e-05	-8.806823e-05	1.172380e-03	3.573197e-03
94            	3.521785e-03	-8.232707e-21	4.748852e-03	-1.187213e-04	-1.209133e-03	8.804464e-05	1.642171e-03	1.879614e-03	8.804464e-05	-8.804464e-05	1.165293e-03	3.583559e-03
95            	3.520759e-03	-8.234319e-21	4.749513e-03	-1.187378e-04	-1.212572e-03	8.801896e-05	1.641641e-03	1.879117e-03	8.801896e-05	-8.801896e-05	1.162184e-03	3.587328e-03
96            	3.519963e-03	-8.231863e-21	4.748614e-03	-1.187154e-04	-1.212239e-03	8.799909e-05	1.641266e-03	1.878697e-03	8.799909e-05	-8.799909e-05	1.162068e-03	3.586546e-03
97            	3.519339e-03	-8.230924e-21	4.746715e-03	-1.186679e-04	-1.209458e-03	8.798348e-05	1.641002e-03	1.878337e-03	8.798348e-05	-8.798348e-05	1.163900e-03	3.582815e-03
98            	3.519175e-03	-8.231468e-21	4.743916e-03	-1.185979e-04	-1.203882e-03	8.797938e-05	1.640990e-03	1.878185e-03	8.797938e-05	-8.797938e-05	1.168076e-03	3.575840e-03
99            	3.519532e-03	-8.241436e-21	4.740328e-03	-1.185082e-04	-1.195726e-03	8.798830e-05	1.641258e-03	1.878274e-03	8.798830e-05	-8.798830e-05	1.174438e-03	3.565890e-03
100           	3.520284e-03	-8.237451e-21	4.738983e-03	-1.184746e-04	-1.191426e-03	8.800711e-05	1.641668e-03	1.878617e-03	8.800711e-05	-8.800711e-05	1.178066e-03	3.560918e-03
101           	3.520946e-03	-8.235856e-21	4.738750e-03	-1.184687e-04	-1.189667e-03	8.802366e-05	1.642004e-03	1.878942e-03	8.802366e-05	-8.802366e-05	1.179708e-03	3.559042e-03
102           	3.521527e-03	-8.234246e-21	4.739275e-03	-1.184819e-04	-1.189677e-03	8.803818e-05	1.642282e-03	1.879245e-03	8.803818e-05	-8.803818e-05	1.179960e-03	3.559315e-03
103           	3.521912e-03	-8.232213e-21	4.740752e-03	-1.185188e-04	-1.192066e-03	8.804781e-05	1.642437e-03	1.879475e-03	8.804781e-05	-8.804781e-05	1.178310e-03	3.562441e-03
104           	3.521950e-03	-8.231011e-21	4.742740e-03	-1.185685e-04	-1.196217e-03	8.804874e-05	1.642406e-03	1.879543e-03	8.804874e-05	-8.804874e-05	1.175153e-03	3.567587e-03
105           	3.521501e-03	-8.225772e-21	4.745323e-03	-1.186331e-04	-1.202518e-03	8.803753e-05	1.642118e-03	1.879384e-03	8.803753e-05	-8.803753e-05	1.170144e-03	3.575179e-03
106           	3.520841e-03	-8.227416e-21	4.746203e-03	-1.186551e-04	-1.205693e-03	8.802103e-05	1.641766e-03	1.879076e-03	8.802103e-05	-8.802103e-05	1.167408e-03	3.578794e-03
107           	3.520278e-03	-8.227982e-21	4.746122e-03	-1.186530e-04	-1.206623e-03	8.800695e-05	1.641486e-03	1.878792e-03	8.800695e-05	-8.800695e-05	1.166438e-03	3.579684e-03
108           	3.519783e-03	-8.229581e-21	4.745370e-03	-1.186343e-04	-1.206001e-03	8.799458e-05	1.641257e-03	1.878526e-03	8.799458e-05	-8.799458e-05	1.166684e-03	3.578686e-03
109           	3.519474e-03	-8.230259e-21	4.743823e-03	-1.185956e-04	-1.203347e-03	8.798685e-05	1.641141e-03	1.878333e-03	8.798685e-05	-8.798685e-05	1.168564e-03	3.575259e-03
110           	3.519545e-03	-8.231757e-21	4.741961e-03	-1.185490e-04	-1.199270e-03	8.798863e-05	1.641224e-03	1.878322e-03	8.798863e-05	-8.798863e-05	1.171710e-03	3.570250e-03
111           	3.520003e-03	-8.235294e-21	4.739854e-03	-1.184964e-04	-1.193979e-03	8.800009e-05	1.641505e-03	1.878498e-03	8.800009e-05	-8.800009e-05	1.175948e-03	3.563906e-03
112           	3.520573e-03	-8.234575e-21	4.739266e-03	-1.184816e-04	-1.191621e-03	8.801432e-05	1.641805e-03	1.878768e-03	8.801432e-05	-8.801432e-05	1.178012e-03	3.561254e-03
113           	3.521027e-03	-8.234131e-21	4.739514e-03	-1.184879e-04	-1.191274e-03	8.802568e-05	1.642026e-03	1.879001e-03	8.802568e-05	-8.802568e-05	1.178483e-03	3.561031e-03
114           	3.521381e-03	-8.232606e-21	4.740326e-03	-1.185081e-04	-1.192315e-03	8.803452e-05	1.642182e-03	1.879198e-03	8.803452e-05	-8.803452e-05	1.177848e-03	3.562478e-03
115           	3.521553e-03	-8.232273e-21	4.741694e-03	-1.185424e-04	-1.194873e-03	8.803883e-05	1.642234e-03	1.879319e-03	8.803883e-05	-8.803883e-05	1.175974e-03	3.565720e-03
116           	3.521374e-03	-8.226181e-21	4.743725e-03	-1.185931e-04	-1.199475e-03	8.803436e-05	1.642094e-03	1.879280e-03	8.803436e-05	-8.803436e-05	1.172387e-03	3.571338e-03
117           	3.520947e-03	-8.228818e-21	4.744594e-03	-1.186149e-04	-1.202160e-03	8.802368e-05	1.641859e-03	1.879089e-03	8.802368e-05	-8.802368e-05	1.170137e-03	3.574457e-03
118           	3.520560e-03	-8.230341e-21	4.744843e-03	-1.186211e-04	-1.203442e-03	8.801400e-05	1.641659e-03	1.878901e-03	8.801400e-05	-8.801400e-05	1.168979e-03	3.575864e-03
119           	3.520192e-03	-8.231769e-21	4.744661e-03	-1.186165e-04	-1.203770e-03	8.800480e-05	1.641479e-03	1.878713e-03	8.800480e-05	-8.800480e-05	1.168561e-03	3.576100e-03
120           	3.519916e-03	-8.232984e-21	4.743886e-03	-1.185971e-04	-1.202670e-03	8.799789e-05	1.641361e-03	1.878555e-03	8.799789e-05	-8.799789e-05	1.169273e-03	3.574613e-03
121           	3.519802e-03	-8.233707e-21	4.742698e-03	-1.185675e-04	-1.200387e-03	8.799506e-05	1.641334e-03	1.878469e-03	8.799506e-05	-8.799506e-05	1.170963e-03	3.571736e-03
122           	3.520016e-03	-8.236229e-21	4.741042e-03	-1.185261e-04	-1.196501e-03	8.800040e-05	1.641482e-03	1.878534e-03	8.800040e-05	-8.800040e-05	1.174020e-03	3.567022e-03
123           	3.520402e-03	-8.235481e-21	4.740400e-03	-1.185100e-04	-1.194377e-03	8.801006e-05	1.641691e-03	1.878711e-03	8.801006e-05	-8.801006e-05	1.175823e-03	3.564577e-03
124           	3.520735e-03	-8.234874e-21	4.740291e-03	-1.185073e-04	-1.193501e-03	8.801838e-05	1.641860e-03	1.878875e-03	8.801838e-05	-8.801838e-05	1.176645e-03	3.563646e-03
125           	3.521044e-03	-8.234289e-21	4.740569e-03	-1.185142e-04	-1.193493e-03	8.802610e-05	1.642008e-03	1.879036e-03	8.802610e-05	-8.802610e-05	1.176792e-03	3.563777e-03
126           	3.521247e-03	-8.233437e-21	4.741339e-03	-1.185335e-04	-1.194724e-03	8.803117e-05	1.642090e-03	1.879157e-03	8.803117e-05	-8.803117e-05	1.175946e-03	3.565393e-03
127           	3.521280e-03	-8.233265e-21	4.742365e-03	-1.185591e-04	-1.196829e-03	8.803199e-05	1.642081e-03	1.879199e-03	8.803199e-05	-8.803199e-05	1.174353e-03	3.568012e-03
128           	3.521096e-03	-8.231306e-21	4.743701e-03	-1.185925e-04	-1.199981e-03	8.802739e-05	1.641955e-03	1.879140e-03	8.802739e-05	-8.802739e-05	1.171869e-03	3.571832e-03
129           	3.520770e-03	-8.232229e-21	4.744192e-03	-1.186048e-04	-1.201661e-03	8.801925e-05	1.641780e-03	1.878990e-03	8.801925e-05	-8.801925e-05	1.170435e-03	3.573757e-03
130           	3.520498e-03	-8.233030e-21	4.744205e-03	-1.186051e-04	-1.202213e-03	8.801246e-05	1.641644e-03	1.878854e-03	8.801246e-05	-8.801246e-05	1.169889e-03	3.574316e-03
131           	3.520259e-03	-8.233975e-21	4.743895e-03	-1.185974e-04	-1.202017e-03	8.800647e-05	1.641532e-03	1.878727e-03	8.800647e-05	-8.800647e-05	1.169931e-03	3.573964e-03
132           	3.520109e-03	-8.234416e-21	4.743188e-03	-1.185797e-04	-1.200814e-03	8.800272e-05	1.641475e-03	1.878634e-03	8.800272e-05	-8.800272e-05	1.170780e-03	3.572408e-03
133           	3.520148e-03	-8.235207e-21	4.742303e-03	-1.185576e-04	-1.198857e-03	8.800371e-05	1.641517e-03	1.878632e-03	8.800371e-05	-8.800371e-05	1.172294e-03	3.570009e-03
134           	3.520359e-03	-8.237089e-21	4.741300e-03	-1.185325e-04	-1.196349e-03	8.800897e-05	1.641647e-03	1.878712e-03	8.800897e-05	-8.800897e-05	1.174302e-03	3.566999e-03
135           	3.520640e-03	-8.236751e-21	4.741011e-03	-1.185253e-04	-1.195182e-03	8.801600e-05	1.641795e-03	1.878845e-03	8.801600e-05	-8.801600e-05	1.175324e-03	3.565687e-03
136           	3.520863e-03	-8.236593e-21	4.741133e-03	-1.185283e-04	-1.195007e-03	8.802158e-05	1.641903e-03	1.878960e-03	8.802158e-05	-8.802158e-05	1.175559e-03	3.565574e-03
137           	3.521046e-03	-8.236270e-21	4.741552e-03	-1.185388e-04	-1.195540e-03	8.802616e-05	1.641984e-03	1.879062e-03	8.802616e-05	-8.802616e-05	1.175236e-03	3.566316e-03
138           	3.521113e-03	-8.235743e-21	4.742266e-03	-1.185566e-04	-1.196920e-03	8.802782e-05	1.642000e-03	1.879113e-03	8.802782e-05	-8.802782e-05	1.174213e-03	3.568053e-03
139           	3.521028e-03	-8.232631e-21	4.743244e-03	-1.185811e-04	-1.199128e-03	8.802571e-05	1.641933e-03	1.879095e-03	8.802571e-05	-8.802571e-05	1.172494e-03	3.570750e-03
140           	3.520819e-03	-8.233908e-21	4.743651e-03	-1.185913e-04	-1.200402e-03	8.802049e-05	1.641818e-03	1.879001e-03	8.802049e-05	-8.802049e-05	1.171423e-03	3.572228e-03
141           	3.520634e-03	-8.234645e-21	4.743755e-03	-1.185939e-04	-1.200982e-03	8.801585e-05	1.641723e-03	1.878911e-03	8.801585e-05	-8.801585e-05	1.170895e-03	3.572860e-03
142           	3.520462e-03	-8.235427e-21	4.743648e-03	-1.185912e-04	-1.201088e-03	8.801155e-05	1.641640e-03	1.878822e-03	8.801155e-05	-8.801155e-05	1.170736e-03	3.572912e-03
143           	3.520334e-03	-8.236023e-21	4.743261e-03	-1.185815e-04	-1.200518e-03	8.800836e-05	1.641586e-03	1.878749e-03	8.800836e-05	-8.800836e-05	1.171112e-03	3.572149e-03
144           	3.520308e-03	-8.236300e-21	4.742713e-03	-1.185678e-04	-1.199407e-03	8.800769e-05	1.641586e-03	1.878722e-03	8.800769e-05	-8.800769e-05	1.171949e-03	3.570763e-03
145           	3.520398e-03	-8.237728e-21	4.741955e-03	-1.185489e-04	-1.197646e-03	8.800994e-05	1.641650e-03	1.878748e-03	8.800994e-05	-8.800994e-05	1.173332e-03	3.568624e-03
146           	3.520580e-03	-8.237263e-21	4.741655e-03	-1.185414e-04	-1.196648e-03	8.801451e-05	1.641749e-03	1.878831e-03	8.801451e-05	-8.801451e-05	1.174179e-03	3.567475e-03
147           	3.520738e-03	-8.236863e-21	4.741615e-03	-1.185404e-04	-1.196256e-03	8.801846e-05	1.641829e-03	1.878910e-03	8.801846e-05	-8.801846e-05	1.174551e-03	3.567063e-03
148           	3.520883e-03	-8.236446e-21	4.741760e-03	-1.185440e-04	-1.196283e-03	8.802207e-05	1.641897e-03	1.878985e-03	8.802207e-05	-8.802207e-05	1.174597e-03	3.567163e-03
149           	3.520976e-03	-8.235986e-21	4.742135e-03	-1.185534e-04	-1.196894e-03	8.802440e-05	1.641935e-03	1.879041e-03	8.802440e-05	-8.802440e-05	1.174174e-03	3.567962e-03
150           	3.520986e-03	-8.235883e-21	4.742624e-03	-1.185656e-04	-1.197908e-03	8.802466e-05	1.641928e-03	1.879059e-03	8.802466e-05	-8.802466e-05	1.173404e-03	3.569220e-03
151           	3.520895e-03	-8.234981e-21	4.743254e-03	-1.185813e-04	-1.199401e-03	8.802238e-05	1.641866e-03	1.879029e-03	8.802238e-05	-8.802238e-05	1.172225e-03	3.571028e-03
152           	3.520736e-03	-8.235324e-21	4.743477e-03	-1.185869e-04	-1.200187e-03	8.801840e-05	1.641781e-03	1.878955e-03	8.801840e-05	-8.801840e-05	1.171551e-03	3.571925e-03
153           	3.520605e-03	-8.235688e-21	4.743468e-03	-1.185867e-04	-1.200421e-03	8.801514e-05	1.641716e-03	1.878889e-03	8.801514e-05	-8.801514e-05	1.171313e-03	3.572155e-03
154           	3.520492e-03	-8.236089e-21	4.743303e-03	-1.185826e-04	-1.200291e-03	8.801229e-05	1.641663e-03	1.878828e-03	8.801229e-05	-8.801229e-05	1.171361e-03	3.571943e-03
155           	3.520422e-03	-8.236253e-21	4.742953e-03	-1.185738e-04	-1.199687e-03	8.801055e-05	1.641637e-03	1.878785e-03	8.801055e-05	-8.801055e-05	1.171790e-03	3.571163e-03
156           	3.520448e-03	-8.238138e-21	4.742382e-03	-1.185595e-04	-1.198439e-03	8.801120e-05	1.641664e-03	1.878783e-03	8.801120e-05	-8.801120e-05	1.172752e-03	3.569630e-03
157           	3.520560e-03	-8.237414e-21	4.742111e-03	-1.185528e-04	-1.197643e-03	8.801400e-05	1.641727e-03	1.878833e-03	8.801400e-05	-8.801400e-05	1.173413e-03	3.568698e-03
158           	3.520695e-03	-8.236066e-21	4.741930e-03	-1.185482e-04	-1.197001e-03	8.801738e-05	1.641799e-03	1.878896e-03	8.801738e-05	-8.801738e-05	1.173963e-03	3.567966e-03
159           	3.520802e-03	-8.236372e-21	4.741950e-03	-1.185488e-04	-1.196838e-03	8.802005e-05	1.641852e-03	1.878950e-03	8.802005e-05	-8.802005e-05	1.174138e-03	3.567813e-03
160           	3.520875e-03	-8.236430e-21	4.742162e-03	-1.185541e-04	-1.197142e-03	8.802188e-05	1.641884e-03	1.878992e-03	8.802188e-05	-8.802188e-05	1.173939e-03	3.568223e-03
161           	3.520905e-03	-8.236772e-21	4.742472e-03	-1.185618e-04	-1.197740e-03	8.802263e-05	1.641891e-03	1.879014e-03	8.802263e-05	-8.802263e-05	1.173496e-03	3.568976e-03
162           	3.520878e-03	-8.235442e-21	4.742948e-03	-1.185737e-04	-1.198786e-03	8.802196e-05	1.641865e-03	1.879013e-03	8.802196e-05	-8.802196e-05	1.172688e-03	3.570260e-03
163           	3.520776e-03	-8.235948e-21	4.743164e-03	-1.185791e-04	-1.199444e-03	8.801940e-05	1.641809e-03	1.878967e-03	8.801940e-05	-8.801940e-05	1.172138e-03	3.571026e-03
164           	3.520684e-03	-8.236185e-21	4.743235e-03	-1.185809e-04	-1.199771e-03	8.801710e-05	1.641761e-03	1.878923e-03	8.801710e-05	-8.801710e-05	1.171846e-03	3.571389e-03
165           	3.520595e-03	-8.236388e-21	4.743206e-03	-1.185801e-04	-1.199882e-03	8.801488e-05	1.641717e-03	1.878878e-03	8.801488e-05	-8.801488e-05	1.171721e-03	3.571485e-03
166           	3.520529e-03	-8.236651e-21	4.743034e-03	-1.185759e-04	-1.199647e-03	8.801322e-05	1.641689e-03	1.878840e-03	8.801322e-05	-8.801322e-05	1.171870e-03	3.571164e-03
167           	3.520499e-03	-8.236791e-21	4.742761e-03	-1.185690e-04	-1.199130e-03	8.801247e-05	1.641680e-03	1.878818e-03	8.801247e-05	-8.801247e-05	1.172251e-03	3.570511e-03
168           	3.520544e-03	-8.237377e-21	4.742375e-03	-1.185594e-04	-1.198232e-03	8.801359e-05	1.641713e-03	1.878831e-03	8.801359e-05	-8.801359e-05	1.172956e-03	3.569419e-03
169           	3.520632e-03	-8.237139e-21	4.742219e-03	-1.185555e-04	-1.197728e-03	8.801579e-05	1.641760e-03	1.878871e-03	8.801579e-05	-8.801579e-05	1.173382e-03	3.568837e-03
170           	3.520708e-03	-8.236972e-21	4.742185e-03	-1.185546e-04	-1.197507e-03	8.801771e-05	1.641800e-03	1.878909e-03	8.801771e-05	-8.801771e-05	1.173586e-03	3.568599e-03
171           	3.520781e-03	-8.236825e-21	4.742239e-03	-1.185560e-04	-1.197483e-03	8.801952e-05	1.641834e-03	1.878946e-03	8.801952e-05	-8.801952e-05	1.173637e-03	3.568602e-03
172           	3.520832e-03	-8.236768e-21	4.742416e-03	-1.185604e-04	-1.197755e-03	8.802081e-05	1.641856e-03	1.878977e-03	8.802081e-05	-8.802081e-05	1.173453e-03	3.568963e-03
173           	3.520836e-03	-8.236575e-21	4.742659e-03	-1.185665e-04	-1.198263e-03	8.802090e-05	1.641852e-03	1.878985e-03	8.802090e-05	-8.802090e-05	1.173066e-03	3.569593e-03
174           	3.520793e-03	-8.236008e-21	4.742964e-03	-1.185741e-04	-1.198985e-03	8.801982e-05	1.641822e-03	1.878970e-03	8.801982e-05	-8.801982e-05	1.172497e-03	3.570467e-03
175           	3.520718e-03	-8.236211e-21	4.743076e-03	-1.185769e-04	-1.199367e-03	8.801796e-05	1.641782e-03	1.878936e-03	8.801796e-05	-8.801796e-05	1.172171e-03	3.570905e-03
176           	3.520656e-03	-8.236364e-21	4.743079e-03	-1.185770e-04	-1.199494e-03	8.801640e-05	1.641751e-03	1.878905e-03	8.801640e-05	-8.801640e-05	1.172045e-03	3.571034e-03
177           	3.520601e-03	-8.236533e-21	4.743008e-03	-1.185752e-04	-1.199450e-03	8.801502e-05	1.641725e-03	1.878876e-03	8.801502e-05	-8.801502e-05	1.172054e-03	3.570954e-03
178           	3.520566e-03	-8.236601e-21	4.742845e-03	-1.185711e-04	-1.199175e-03	8.801414e-05	1.641712e-03	1.878854e-03	8.801414e-05	-8.801414e-05	1.172248e-03	3.570597e-03
179           	3.520574e-03	-8.237528e-21	4.742571e-03	-1.185643e-04	-1.198585e-03	8.801435e-05	1.641723e-03	1.878851e-03	8.801435e-05	-8.801435e-05	1.172701e-03	3.569870e-03
180           	3.520625e-03	-8.237153e-21	4.742436e-03	-1.185609e-04	-1.198197e-03	8.801563e-05	1.641752e-03	1.878873e-03	8.801563e-05	-8.801563e-05	1.173021e-03	3.569415e-03
181           	3.520688e-03	-8.236529e-21	4.742337e-03	-1.185584e-04	-1.197867e-03	8.801720e-05	1.641786e-03	1.878902e-03	8.801720e-05	-8.801720e-05	1.173301e-03	3.569036e-03
182           	3.520740e-03	-8.236652e-21	4.742337e-03	-1.185584e-04	-1.197767e-03	8.801851e-05	1.641812e-03	1.878929e-03	8.801851e-05	-8.801851e-05	1.173402e-03	3.568936e-03
183           	3.520777e-03	-8.236668e-21	4.742431e-03	-1.185608e-04	-1.197894e-03	8.801943e-05	1.641828e-03	1.878949e-03	8.801943e-05	-8.801943e-05	1.173322e-03	3.569110e-03
184           	3.520793e-03	-8.236640e-21	4.742579e-03	-1.185645e-04	-1.198175e-03	8.801982e-05	1.641832e-03	1.878961e-03	8.801982e-05	-8.801982e-05	1.173114e-03	3.569465e-03
185           	3.520784e-03	-8.236258e-21	4.742804e-03	-1.185701e-04	-1.198664e-03	8.801959e-05	1.641822e-03	1.878962e-03	8.801959e-05	-8.801959e-05	1.172738e-03	3.570067e-03
186           	3.520737e-03	-8.236440e-21	4.742911e-03	-1.185728e-04	-1.198983e-03	8.801842e-05	1.641796e-03	1.878941e-03	8.801842e-05	-8.801842e-05	1.172472e-03	3.570439e-03
187           	3.520682e-03	-8.236843e-21	4.742973e-03	-1.185743e-04	-1.199219e-03	8.801705e-05	1.641767e-03	1.878915e-03	8.801705e-05	-8.801705e-05	1.172268e-03	3.570705e-03
188           	3.520641e-03	-8.236753e-21	4.742959e-03	-1.185740e-04	-1.199269e-03	8.801602e-05	1.641746e-03	1.878894e-03	8.801602e-05	-8.801602e-05	1.172211e-03	3.570748e-03
189           	3.520612e-03	-8.236732e-21	4.742871e-03	-1.185718e-04	-1.199137e-03	8.801531e-05	1.641734e-03	1.878878e-03	8.801531e-05	-8.801531e-05	1.172299e-03	3.570573e-03
190           	3.520598e-03	-8.236598e-21	4.742740e-03	-1.185685e-04	-1.198889e-03	8.801495e-05	1.641730e-03	1.878867e-03	8.801495e-05	-8.801495e-05	1.172481e-03	3.570259e-03
191           	3.520618e-03	-8.237056e-21	4.742546e-03	-1.185637e-04	-1.198444e-03	8.801545e-05	1.641745e-03	1.878873e-03	8.801545e-05	-8.801545e-05	1.172829e-03	3.569717e-03
192           	3.520660e-03	-8.236890e-21	4.742467e-03	-1.185617e-04	-1.198193e-03	8.801651e-05	1.641769e-03	1.878892e-03	8.801651e-05	-8.801651e-05	1.173040e-03	3.569427e-03
193           	3.520697e-03	-8.236842e-21	4.742450e-03	-1.185613e-04	-1.198087e-03	8.801743e-05	1.641787e-03	1.878910e-03	8.801743e-05	-8.801743e-05	1.173139e-03	3.569312e-03
194           	3.520732e-03	-8.236779e-21	4.742474e-03	-1.185618e-04	-1.198069e-03	8.801829e-05	1.641804e-03	1.878928e-03	8.801829e-05	-8.801829e-05	1.173167e-03	3.569306e-03
195           	3.520756e-03	-8.236695e-21	4.742551e-03	-1.185638e-04	-1.198185e-03	8.801891e-05	1.641814e-03	1.878942e-03	8.801891e-05	-8.801891e-05	1.173091e-03	3.569461e-03
196           	3.520763e-03	-8.236651e-21	4.742663e-03	-1.185666e-04	-1.198410e-03	8.801908e-05	1.641815e-03	1.878948e-03	8.801908e-05	-8.801908e-05	1.172922e-03	3.569741e-03
197           	3.520745e-03	-8.236404e-21	4.742814e-03	-1.185703e-04	-1.198761e-03	8.801861e-05	1.641802e-03	1.878943e-03	8.801861e-05	-8.801861e-05	1.172646e-03	3.570168e-03
198           	3.520708e-03	-8.236491e-21	4.742871e-03	-1.185718e-04	-1.198954e-03	8.801771e-05	1.641782e-03	1.878926e-03	8.801771e-05	-8.801771e-05	1.172482e-03	3.570390e-03
199           	3.520678e-03	-8.236558e-21	4.742876e-03	-1.185719e-04	-1.199024e-03	8.801694e-05	1.641767e-03	1.878911e-03	8.801694e-05	-8.801694e-05	1.172415e-03	3.570462e-03
200           	3.520650e-03	-8.236622e-21	4.742846e-03	-1.185711e-04	-1.199013e-03	8.801624e-05	1.641754e-03	1.878896e-03	8.801624e-05	-8.801624e-05	1.172410e-03	3.570436e-03
201           	3.520631e-03	-8.236653e-21	4.742770e-03	-1.185692e-04	-1.198889e-03	8.801577e-05	1.641746e-03	1.878885e-03	8.801577e-05	-8.801577e-05	1.172496e-03	3.570274e-03
202           	3.520632e-03	-8.236730e-21	4.742672e-03	-1.185668e-04	-1.198679e-03	8.801580e-05	1.641749e-03	1.878883e-03	8.801580e-05	-8.801580e-05	1.172657e-03	3.570015e-03
203           	3.520655e-03	-8.236940e-21	4.742556e-03	-1.185639e-04	-1.198392e-03	8.801637e-05	1.641763e-03	1.878891e-03	8.801637e-05	-8.801637e-05	1.172886e-03	3.569670e-03
204           	3.520684e-03	-8.236877e-21	4.742520e-03	-1.185630e-04	-1.198258e-03	8.801711e-05	1.641779e-03	1.878905e-03	8.801711e-05	-8.801711e-05	1.173002e-03	3.569518e-03
205           	3.520709e-03	-8.236843e-21	4.742528e-03	-1.185632e-04	-1.198227e-03	8.801773e-05	1.641791e-03	1.878918e-03	8.801773e-05	-8.801773e-05	1.173037e-03	3.569491e-03
206           	3.520730e-03	-8.236761e-21	4.742567e-03	-1.185642e-04	-1.198269e-03	8.801824e-05	1.641801e-03	1.878929e-03	8.801824e-05	-8.801824e-05	1.173014e-03	3.569553e-03
207           	3.520741e-03	-8.236732e-21	4.742638e-03	-1.185660e-04	-1.198398e-03	8.801852e-05	1.641804e-03	1.878936e-03	8.801852e-05	-8.801852e-05	1.172921e-03	3.569717e-03
208           	3.520733e-03	-8.236374e-21	4.742748e-03	-1.185687e-04	-1.198643e-03	8.801834e-05	1.641798e-03	1.878935e-03	8.801834e-05	-8.801834e-05	1.172731e-03	3.570017e-03
209           	3.520711e-03	-8.236514e-21	4.742798e-03	-1.185699e-04	-1.198793e-03	8.801778e-05	1.641786e-03	1.878925e-03	8.801778e-05	-8.801778e-05	1.172606e-03	3.570192e-03
210           	3.520685e-03	-8.236776e-21	4.742826e-03	-1.185707e-04	-1.198903e-03	8.801712e-05	1.641772e-03	1.878913e-03	8.801712e-05	-8.801712e-05	1.172510e-03	3.570316e-03
211           	3.520665e-03	-8.236716e-21	4.742819e-03	-1.185705e-04	-1.198924e-03	8.801663e-05	1.641762e-03	1.878903e-03	8.801663e-05	-8.801663e-05	1.172485e-03	3.570334e-03
212           	3.520652e-03	-8.236708e-21	4.742775e-03	-1.185694e-04	-1.198858e-03	8.801630e-05	1.641757e-03	1.878895e-03	8.801630e-05	-8.801630e-05	1.172530e-03	3.570246e-03
213           	3.520645e-03	-8.236641e-21	4.742712e-03	-1.185678e-04	-1.198737e-03	8.801614e-05	1.641755e-03	1.878891e-03	8.801614e-05	-8.801614e-05	1.172619e-03	3.570093e-03
214           	3.520655e-03	-8.236875e-21	4.742618e-03	-1.185655e-04	-1.198522e-03	8.801638e-05	1.641762e-03	1.878893e-03	8.801638e-05	-8.801638e-05	1.172787e-03	3.569831e-03
215           	3.520676e-03	-8.236791e-21	4.742580e-03	-1.185645e-04	-1.198401e-03	8.801690e-05	1.641773e-03	1.878902e-03	8.801690e-05	-8.801690e-05	1.172889e-03	3.569691e-03
216           	3.520694e-03	-8.236762e-21	4.742572e-03	-1.185643e-04	-1.198350e-03	8.801734e-05	1.641783e-03	1.878911e-03	8.801734e-05	-8.801734e-05	1.172936e-03	3.569636e-03
217           	3.520710e-03	-8.236725e-21	4.742584e-03	-1.185646e-04	-1.198343e-03	8.801775e-05	1.641790e-03	1.878920e-03	8.801775e-05	-8.801775e-05	1.172949e-03	3.569635e-03
218           	3.520722e-03	-8.236680e-21	4.742621e-03	-1.185655e-04	-1.198399e-03	8.801804e-05	1.641795e-03	1.878926e-03	8.801804e-05	-8.801804e-05	1.172911e-03	3.569710e-03
219           	3.520725e-03	-8.236658e-21	4.742675e-03	-1.185669e-04	-1.198508e-03	8.801812e-05	1.641795e-03	1.878929e-03	8.801812e-05	-8.801812e-05	1.172830e-03	3.569845e-03
220           	3.520716e-03	-8.236540e-21	4.742747e-03	-1.185687e-04	-1.198677e-03	8.801789e-05	1.641789e-03	1.878927e-03	8.801789e-05	-8.801789e-05	1.172697e-03	3.570050e-03
221           	3.520698e-03	-8.236583e-21	4.742775e-03	-1.185694e-04	-1.198769e-03	8.801745e-05	1.641780e-03	1.878918e-03	8.801745e-05	-8.801745e-05	1.172618e-03	3.570157e-03
222           	3.520683e-03	-8.236617e-21	4.742777e-03	-1.185694e-04	-1.198803e-03	8.801709e-05	1.641772e-03	1.878911e-03	8.801709e-05	-8.801709e-05	1.172586e-03	3.570191e-03
223           	3.520670e-03	-8.236651e-21	4.742762e-03	-1.185691e-04	-1.198797e-03	8.801675e-05	1.641766e-03	1.878904e-03	8.801675e-05	-8.801675e-05	1.172584e-03	3.570178e-03
224           	3.520661e-03	-8.236667e-21	4.742725e-03	-1.185681e-04	-1.198737e-03	8.801653e-05	1.641762e-03	1.878899e-03	8.801653e-05	-8.801653e-05	1.172626e-03	3.570099e-03
225           	3.520662e-03	-8.236882e-21	4.742662e-03	-1.185666e-04	-1.198602e-03	8.801656e-05	1.641765e-03	1.878898e-03	8.801656e-05	-8.801656e-05	1.172729e-03	3.569933e-03
226           	3.520674e-03	-8.236795e-21	4.742630e-03	-1.185658e-04	-1.198512e-03	8.801685e-05	1.641771e-03	1.878903e-03	8.801685e-05	-8.801685e-05	1.172803e-03	3.569827e-03
227           	3.520688e-03	-8.236648e-21	4.742606e-03	-1.185651e-04	-1.198432e-03	8.801721e-05	1.641779e-03	1.878909e-03	8.801721e-05	-8.801721e-05	1.172871e-03	3.569735e-03
228           	3.520701e-03	-8.236676e-21	4.742605e-03	-1.185651e-04	-1.198407e-03	8.801752e-05	1.641785e-03	1.878915e-03	8.801752e-05	-8.801752e-05	1.172896e-03	3.569710e-03
229           	3.520709e-03	-8.236680e-21	4.742626e-03	-1.185657e-04	-1.198434e-03	8.801773e-05	1.641789e-03	1.878920e-03	8.801773e-05	-8.801773e-05	1.172879e-03	3.569747e-03
230           	3.520713e-03	-8.236673e-21	4.742660e-03	-1.185665e-04	-1.198498e-03	8.801783e-05	1.641790e-03	1.878923e-03	8.801783e-05	-8.801783e-05	1.172832e-03	3.569827e-03
231           	3.520711e-03	-8.236582e-21	4.742712e-03	-1.185678e-04	-1.198610e-03	8.801779e-05	1.641788e-03	1.878924e-03	8.801779e-05	-8.801779e-05	1.172746e-03	3.569966e-03
232           	3.520701e-03	-8.236626e-21	4.742737e-03	-1.185684e-04	-1.198684e-03	8.801752e-05	1.641782e-03	1.878919e-03	8.801752e-05	-8.801752e-05	1.172685e-03	3.570052e-03
233           	3.520688e-03	-8.236719e-21	4.742752e-03	-1.185688e-04	-1.198740e-03	8.801721e-05	1.641775e-03	1.878913e-03	8.801721e-05	-8.801721e-05	1.172636e-03	3.570116e-03
234           	3.520679e-03	-8.236698e-21	4.742749e-03	-1.185687e-04	-1.198753e-03	8.801696e-05	1.641771e-03	1.878908e-03	8.801696e-05	-8.801696e-05	1.172622e-03	3.570127e-03
235           	3.520672e-03	-8.236693e-21	4.742729e-03	-1.185682e-04	-1.198723e-03	8.801680e-05	1.641768e-03	1.878904e-03	8.801680e-05	-8.801680e-05	1.172641e-03	3.570088e-03
236           	3.520670e-03	-8.236665e-21	4.742701e-03	-1.185675e-04	-1.198667e-03	8.801674e-05	1.641767e-03	1.878902e-03	8.801674e-05	-8.801674e-05	1.172683e-03	3.570018e-03
237           	3.520672e-03	-8.236778e-21	4.742658e-03	-1.185664e-04	-1.198572e-03	8.801681e-05	1.641770e-03	1.878903e-03	8.801681e-05	-8.801681e-05	1.172757e-03	3.569901e-03
238           	3.520682e-03	-8.236737e-21	4.742639e-03	-1.185660e-04	-1.198513e-03	8.801705e-05	1.641775e-03	1.878907e-03	8.801705e-05	-8.801705e-05	1.172806e-03	3.569832e-03
239           	3.520693e-03	-8.236662e-21	4.742630e-03	-1.185658e-04	-1.198475e-03	8.801732e-05	1.641781e-03	1.878912e-03	8.801732e-05	-8.801732e-05	1.172840e-03	3.569790e-03
240           	3.520700e-03	-8.236680e-21	4.742635e-03	-1.185659e-04	-1.198471e-03	8.801750e-05	1.641784e-03	1.878916e-03	8.801750e-05	-8.801750e-05	1.172847e-03	3.569788e-03
241           	3.520705e-03	-8.236682e-21	4.742654e-03	-1.185663e-04	-1.198500e-03	8.801763e-05	1.641786e-03	1.878919e-03	8.801763e-05	-8.801763e-05	1.172827e-03	3.569827e-03
242           	3.520707e-03	-8.236704e-21	4.742679e-03	-1.185670e-04	-1.198551e-03	8.801766e-05	1.641786e-03	1.878920e-03	8.801766e-05	-8.801766e-05	1.172789e-03	3.569890e-03
243           	3.520702e-03	-8.236616e-21	4.742714e-03	-1.185679e-04	-1.198633e-03	8.801756e-05	1.641783e-03	1.878919e-03	8.801756e-05	-8.801756e-05	1.172724e-03	3.569990e-03
244           	3.520694e-03	-8.236645e-21	4.742728e-03	-1.185682e-04	-1.198678e-03	8.801735e-05	1.641779e-03	1.878915e-03	8.801735e-05	-8.801735e-05	1.172686e-03	3.570042e-03
245           	3.520687e-03	-8.236651e-21	4.742729e-03	-1.185682e-04	-1.198695e-03	8.801717e-05	1.641775e-03	1.878912e-03	8.801717e-05	-8.801717e-05	1.172670e-03	3.570060e-03
246           	3.520680e-03	-8.236666e-21	4.742723e-03	-1.185681e-04	-1.198693e-03	8.801701e-05	1.641772e-03	1.878908e-03	8.801701e-05	-8.801701e-05	1.172668e-03	3.570055e-03
247           	3.520676e-03	-8.236671e-21	4.742706e-03	-1.185676e-04	-1.198666e-03	8.801690e-05	1.641770e-03	1.878906e-03	8.801690e-05	-8.801690e-05	1.172687e-03	3.570019e-03
248           	3.520676e-03	-8.236773e-21	4.742675e-03	-1.185669e-04	-1.198601e-03	8.801691e-05	1.641771e-03	1.878905e-03	8.801691e-05	-8.801691e-05	1.172736e-03	3.569939e-03
249           	3.520682e-03	-8.236731e-21	4.742660e-03	-1.185665e-04	-1.198558e-03	8.801704e-05	1.641774e-03	1.878907e-03	8.801704e-05	-8.801704e-05	1.172771e-03	3.569888e-03
250           	3.520689e-03	-8.236673e-21	4.742648e-03	-1.185662e-04	-1.198520e-03	8.801722e-05	1.641778e-03	1.878911e-03	8.801722e-05	-8.801722e-05	1.172804e-03	3.569844e-03
251           	3.520695e-03	-8.236681e-21	4.742647e-03	-1.185662e-04	-1.198507e-03	8.801736e-05	1.641781e-03	1.878913e-03	8.801736e-05	-8.801736e-05	1.172817e-03	3.569830e-03
252           	3.520699e-03	-8.236682e-21	4.742657e-03	-1.185664e-04	-1.198519e-03	8.801747e-05	1.641783e-03	1.878916e-03	8.801747e-05	-8.801747e-05	1.172810e-03	3.569847e-03
253           	3.520701e-03	-8.236677e-21	4.742672e-03	-1.185668e-04	-1.198548e-03	8.801752e-05	1.641784e-03	1.878917e-03	8.801752e-05	-8.801752e-05	1.172788e-03	3.569884e-03
254           	3.520700e-03	-8.236632e-21	4.742697e-03	-1.185674e-04	-1.198601e-03	8.801750e-05	1.641783e-03	1.878917e-03	8.801750e-05	-8.801750e-05	1.172748e-03	3.569949e-03
255           	3.520695e-03	-8.236653e-21	4.742709e-03	-1.185677e-04	-1.198636e-03	8.801738e-05	1.641780e-03	1.878915e-03	8.801738e-05	-8.801738e-05	1.172718e-03	3.569991e-03
256           	3.520689e-03	-8.236699e-21	4.742717e-03	-1.185679e-04	-1.198664e-03	8.801723e-05	1.641777e-03	1.878912e-03	8.801723e-05	-8.801723e-05	1.172695e-03	3.570022e-03
257           	3.520684e-03	-8.236689e-21	4.742715e-03	-1.185679e-04	-1.198670e-03	8.801711e-05	1.641774e-03	1.878910e-03	8.801711e-05	-8.801711e-05	1.172687e-03	3.570028e-03
258           	3.520681e-03	-8.236687e-21	4.742706e-03	-1.185677e-04	-1.198657e-03	8.801703e-05	1.641773e-03	1.878908e-03	8.801703e-05	-8.801703e-05	1.172696e-03	3.570010e-03
259           	3.520680e-03	-8.236674e-21	4.742693e-03	-1.185673e-04	-1.198630e-03	8.801700e-05	1.641773e-03	1.878907e-03	8.801700e-05	-8.801700e-05	1.172716e-03	3.569977e-03
260           	3.520681e-03	-8.236729e-21	4.742672e-03	-1.185668e-04	-1.198585e-03	8.801703e-05	1.641774e-03	1.878907e-03	8.801703e-05	-8.801703e-05	1.172751e-03	3.569921e-03
261           	3.520686e-03	-8.236709e-21	4.742663e-03	-1.185666e-04	-1.198557e-03	8.801715e-05	1.641776e-03	1.878910e-03	8.801715e-05	-8.801715e-05	1.172775e-03	3.569888e-03
262           	3.520691e-03	-8.236674e-21	4.742659e-03	-1.185665e-04	-1.198538e-03	8.801727e-05	1.641779e-03	1.878912e-03	8.801727e-05	-8.801727e-05	1.172791e-03	3.569868e-03
263           	3.520695e-03	-8.236681e-21	4.742661e-03	-1.185665e-04	-1.198536e-03	8.801736e-05	1.641781e-03	1.878914e-03	8.801736e-05	-8.801736e-05	1.172795e-03	3.569866e-03
264           	3.520697e-03	-8.236683e-21	4.742670e-03	-1.185667e-04	-1.198550e-03	8.801742e-05	1.641782e-03	1.878915e-03	8.801742e-05	-8.801742e-05	1.172785e-03	3.569884e-03
265           	3.520698e-03	-8.236693e-21	4.742682e-03	-1.185670e-04	-1.198574e-03	8.801744e-05	1.641782e-03	1.878916e-03	8.801744e-05	-8.801744e-05	1.172767e-03	3.569915e-03
266           	3.520696e-03	-8.236651e-21	4.742699e-03	-1.185675e-04	-1.198613e-03	8.801739e-05	1.641780e-03	1.878915e-03	8.801739e-05	-8.801739e-05	1.172736e-03	3.569962e-03
267           	3.520692e-03	-8.236665e-21	4.742705e-03	-1.185676e-04	-1.198634e-03	8.801729e-05	1.641778e-03	1.878913e-03	8.801729e-05	-8.801729e-05	1.172718e-03	3.569987e-03
268           	3.520688e-03	-8.236668e-21	4.742706e-03	-1.185676e-04	-1.198643e-03	8.801721e-05	1.641777e-03	1.878912e-03	8.801721e-05	-8.801721e-05	1.172710e-03	3.569996e-03
269           	3.520685e-03	-8.236675e-21	4.742703e-03	-1.185676e-04	-1.198642e-03	8.801713e-05	1.641775e-03	1.878910e-03	8.801713e-05	-8.801713e-05	1.172709e-03	3.569994e-03
270           	3.520683e-03	-8.236678e-21	4.742695e-03	-1.185674e-04	-1.198629e-03	8.801708e-05	1.641774e-03	1.878909e-03	8.801708e-05	-8.801708e-05	1.172718e-03	3.569977e-03
271           	3.520683e-03	-8.236727e-21	4.742680e-03	-1.185670e-04	-1.198599e-03	8.801708e-05	1.641775e-03	1.878909e-03	8.801708e-05	-8.801708e-05	1.172741e-03	3.569939e-03
272           	3.520686e-03	-8.236707e-21	4.742673e-03	-1.185668e-04	-1.198578e-03	8.801714e-05	1.641776e-03	1.878910e-03	8.801714e-05	-8.801714e-05	1.172758e-03	3.569915e-03
273           	3.520689e-03	-8.236678e-21	4.742667e-03	-1.185667e-04	-1.198560e-03	8.801723e-05	1.641778e-03	1.878911e-03	8.801723e-05	-8.801723e-05	1.172774e-03	3.569893e-03
274           	3.520692e-03	-8.236683e-21	4.742667e-03	-1.185667e-04	-1.198553e-03	8.801730e-05	1.641779e-03	1.878913e-03	8.801730e-05	-8.801730e-05	1.172780e-03	3.569887e-03
275           	3.520694e-03	-8.236683e-21	4.742671e-03	-1.185668e-04	-1.198559e-03	8.801735e-05	1.641780e-03	1.878914e-03	8.801735e-05	-8.801735e-05	1.172777e-03	3.569895e-03
276           	3.520695e-03	-8.236681e-21	4.742679e-03	-1.185670e-04	-1.198573e-03	8.801737e-05	1.641780e-03	1.878914e-03	8.801737e-05	-8.801737e-05	1.172767e-03	3.569912e-03
277           	3.520695e-03	-8.236659e-21	4.742690e-03	-1.185673e-04	-1.198598e-03	8.801737e-05	1.641780e-03	1.878915e-03	8.801737e-05	-8.801737e-05	1.172747e-03	3.569943e-03
278           	3.520692e-03	-8.236669e-21	4.742696e-03	-1.185674e-04	-1.198615e-03	8.801731e-05	1.641779e-03	1.878914e-03	8.801731e-05	-8.801731e-05	1.172733e-03	3.569963e-03
279           	3.520689e-03	-8.236691e-21	4.742700e-03	-1.185675e-04	-1.198628e-03	8.801723e-05	1.641777e-03	1.878912e-03	8.801723e-05	-8.801723e-05	1.172722e-03	3.569978e-03
280           	3.520687e-03	-8.236686e-21	4.742699e-03	-1.185675e-04	-1.198631e-03	8.801718e-05	1.641776e-03	1.878911e-03	8.801718e-05	-8.801718e-05	1.172719e-03	3.569981e-03
281           	3.520686e-03	-8.236685e-21	4.742695e-03	-1.185674e-04	-1.198625e-03	8.801714e-05	1.641775e-03	1.878910e-03	8.801714e-05	-8.801714e-05	1.172723e-03	3.569972e-03
282           	3.520685e-03	-8.236679e-21	4.742689e-03	-1.185672e-04	-1.198612e-03	8.801713e-05	1.641775e-03	1.878910e-03	8.801713e-05	-8.801713e-05	1.172732e-03	3.569957e-03
283           	3.520686e-03	-8.236705e-21	4.742679e-03	-1.185670e-04	-1.198591e-03	8.801714e-05	1.641776e-03	1.878910e-03	8.801714e-05	-8.801714e-05	1.172749e-03	3.569930e-03
284           	3.520688e-03	-8.236696e-21	4.742674e-03	-1.185669e-04	-1.198577e-03	8.801719e-05	1.641777e-03	1.878911e-03	8.801719e-05	-8.801719e-05	1.172760e-03	3.569914e-03
285           	3.520690e-03	-8.236679e-21	4.742672e-03	-1.185668e-04	-1.198568e-03	8.801725e-05	1.641778e-03	1.878912e-03	8.801725e-05	-8.801725e-05	1.172768e-03	3.569905e-03
286           	3.520692e-03	-8.236683e-21	4.742673e-03	-1.185668e-04	-1.198567e-03	8.801730e-05	1.641779e-03	1.878913e-03	8.801730e-05	-8.801730e-05	1.172769e-03	3.569904e-03
287           	3.520693e-03	-8.236683e-21	4.742677e-03	-1.185669e-04	-1.198574e-03	8.801733e-05	1.641780e-03	1.878913e-03	8.801733e-05	-8.801733e-05	1.172765e-03	3.569912e-03
288           	3.520693e-03	-8.236688e-21	4.742683e-03	-1.185671e-04	-1.198585e-03	8.801734e-05	1.641780e-03	1.878914e-03	8.801734e-05	-8.801734e-05	1.172757e-03	3.569927e-03
289           	3.520692e-03	-8.236668e-21	4.742691e-03	-1.185673e-04	-1.198604e-03	8.801731e-05	1.641779e-03	1.878914e-03	8.801731e-05	-8.801731e-05	1.172742e-03	3.569949e-03
290           	3.520691e-03	-8.236675e-21	4.742694e-03	-1.185674e-04	-1.198614e-03	8.801727e-05	1.641778e-03	1.878913e-03	8.801727e-05	-8.801727e-05	1.172733e-03	3.569961e-03
291           	3.520689e-03	-8.236676e-21	4.742695e-03	-1.185674e-04	-1.198618e-03	8.801722e-05	1.641777e-03	1.878912e-03	8.801722e-05	-8.801722e-05	1.172729e-03	3.569965e-03
292           	3.520688e-03	-8.236680e-21	4.742693e-03	-1.185673e-04	-1.198618e-03	8.801719e-05	1.641776e-03	1.878911e-03	8.801719e-05	-8.801719e-05	1.172729e-03	3.569965e-03
293           	3.520686e-03	-8.236681e-21	4.742690e-03	-1.185672e-04	-1.198612e-03	8.801716e-05	1.641776e-03	1.878910e-03	8.801716e-05	-8.801716e-05	1.172733e-03	3.569957e-03
294           	3.520687e-03	-8.236704e-21	4.742683e-03	-1.185671e-04	-1.198597e-03	8.801716e-05	1.641776e-03	1.878910e-03	8.801716e-05	-8.801716e-05	1.172744e-03	3.569939e-03
295           	3.520688e-03	-8.236695e-21	4.742679e-03	-1.185670e-04	-1.198588e-03	8.801719e-05	1.641777e-03	1.878911e-03	8.801719e-05	-8.801719e-05	1.172752e-03	3.569927e-03
296           	3.520689e-03	-8.236681e-21	4.742676e-03	-1.185669e-04	-1.198579e-03	8.801723e-05	1.641778e-03	1.878912e-03	8.801723e-05	-8.801723e-05	1.172759e-03	3.569917e-03
297           	3.520691e-03	-8.236683e-21	4.742676e-03	-1.185669e-04	-1.198576e-03	8.801727e-05	1.641778e-03	1.878912e-03	8.801727e-05	-8.801727e-05	1.172762e-03	3.569914e-03
298           	3.520692e-03	-8.236683e-21	4.742678e-03	-1.185670e-04	-1.198578e-03	8.801729e-05	1.641779e-03	1.878913e-03	8.801729e-05	-8.801729e-05	1.172761e-03	3.569917e-03
299           	3.520692e-03	-8.236682e-21	4.742682e-03	-1.185670e-04	-1.198585e-03	8.801730e-05	1.641779e-03	1.878913e-03	8.801730e-05	-8.801730e-05	1.172756e-03	3.569926e-03
300           	3.520692e-03	-8.236672e-21	4.742687e-03	-1.185672e-04	-1.198597e-03	8.801730e-05	1.641779e-03	1.878913e-03	8.801730e-05	-8.801730e-05	1.172747e-03	3.569940e-03
301           	3.520691e-03	-8.236677e-21	4.742690e-03	-1.185673e-04	-1.198605e-03	8.801727e-05	1.641778e-03	1.878913e-03	8.801727e-05	-8.801727e-05	1.172740e-03	3.569950e-03
302           	3.520689e-03	-8.236687e-21	4.742692e-03	-1.185673e-04	-1.198611e-03	8.801724e-05	1.641777e-03	1.878912e-03	8.801724e-05	-8.801724e-05	1.172735e-03	3.569957e-03
303           	3.520688e-03	-8.236685e-21	4.742692e-03	-1.185673e-04	-1.198613e-03	8.801721e-05	1.641777e-03	1.878912e-03	8.801721e-05	-8.801721e-05	1.172733e-03	3.569958e-03
304           	3.520688e-03	-8.236685e-21	4.742690e-03	-1.185672e-04	-1.198610e-03	8.801719e-05	1.641777e-03	1.878911e-03	8.801719e-05	-8.801719e-05	1.172735e-03	3.569955e-03
305           	3.520687e-03	-8.236682e-21	4.742687e-03	-1.185672e-04	-1.198604e-03	8.801718e-05	1.641777e-03	1.878911e-03	8.801718e-05	-8.801718e-05	1.172740e-03	3.569947e-03
306           	3.520688e-03	-8.236694e-21	4.742682e-03	-1.185670e-04	-1.198594e-03	8.801719e-05	1.641777e-03	1.878911e-03	8.801719e-05	-8.801719e-05	1.172747e-03	3.569934e-03
307           	3.520689e-03	-8.236689e-21	4.742680e-03	-1.185670e-04	-1.198587e-03	8.801722e-05	1.641777e-03	1.878911e-03	8.801722e-05	-8.801722e-05	1.172753e-03	3.569927e-03
308           	3.520690e-03	-8.236682e-21	4.742679e-03	-1.185670e-04	-1.198583e-03	8.801725e-05	1.641778e-03	1.878912e-03	8.801725e-05	-8.801725e-05	1.172757e-03	3.569922e-03
309           	3.520691e-03	-8.236683e-21	4.742679e-03	-1.185670e-04	-1.198582e-03	8.801727e-05	1.641778e-03	1.878912e-03	8.801727e-05	-8.801727e-05	1.172757e-03	3.569922e-03
310           	3.520691e-03	-8.236684e-21	4.742681e-03	-1.185670e-04	-1.198585e-03	8.801728e-05	1.641779e-03	1.878913e-03	8.801728e-05	-8.801728e-05	1.172755e-03	3.569926e-03
311           	3.520691e-03	-8.236686e-21	4.742684e-03	-1.185671e-04	-1.198591e-03	8.801728e-05	1.641779e-03	1.878913e-03	8.801728e-05	-8.801728e-05	1.172751e-03	3.569933e-03
