# Force coefficients
# dragDir     : (1.000000e+00 0.000000e+00 0.000000e+00)
# sideDir     : (0.000000e+00 0.000000e+00 -1.000000e+00)
# liftDir     : (0.000000e+00 1.000000e+00 0.000000e+00)
# rollAxis    : (1.000000e+00 0.000000e+00 0.000000e+00)
# pitchAxis   : (0.000000e+00 0.000000e+00 -1.000000e+00)
# yawAxis     : (0.000000e+00 1.000000e+00 0.000000e+00)
# magUInf     : 2.000000e-02
# lRef        : 1.000000e-01
# Aref        : 1.000000e-01
# CofR        : (0.000000e+00 0.000000e+00 0.000000e+00)
#
# Time        	Cd            	Cs            	Cl            	CmRoll        	CmPitch       	CmYaw         	Cd(f)         	Cd(r)         	Cs(f)         	Cs(r)         	Cl(f)         	Cl(r)         
1             	2.172472e-03	7.008708e-20	-2.907642e-03	7.269105e-05	9.938461e-03	5.431181e-05	1.158927e-03	1.013545e-03	5.431181e-05	-5.431181e-05	8.484640e-03	-1.139228e-02
2             	5.179743e-03	8.106311e-20	-5.797723e-03	1.449431e-04	2.145473e-02	1.294936e-04	2.734815e-03	2.444929e-03	1.294936e-04	-1.294936e-04	1.855587e-02	-2.435359e-02
3             	4.498730e-03	6.296706e-20	-3.736107e-03	9.340268e-05	1.600026e-02	1.124682e-04	2.342767e-03	2.155962e-03	1.124682e-04	-1.124682e-04	1.413221e-02	-1.786831e-02
4             	3.859690e-03	1.312725e-20	-3.102808e-03	7.757020e-05	1.325766e-02	9.649225e-05	2.007415e-03	1.852275e-03	9.649225e-05	-9.649225e-05	1.170626e-02	-1.480907e-02
5             	3.944411e-03	-2.229055e-20	-3.773354e-03	9.433386e-05	1.465752e-02	9.861027e-05	2.066539e-03	1.877872e-03	9.861027e-05	-9.861027e-05	1.277085e-02	-1.654420e-02
6             	4.177584e-03	-3.919100e-20	-4.539528e-03	1.134882e-04	1.660141e-02	1.044396e-04	2.202280e-03	1.975304e-03	1.044396e-04	-1.044396e-04	1.433164e-02	-1.887117e-02
7             	4.315006e-03	-4.225492e-20	-4.994085e-03	1.248521e-04	1.778595e-02	1.078751e-04	2.282355e-03	2.032651e-03	1.078751e-04	-1.078751e-04	1.528891e-02	-2.028299e-02
8             	4.302563e-03	-3.776455e-20	-5.066579e-03	1.266645e-04	1.793090e-02	1.075641e-04	2.277946e-03	2.024617e-03	1.075641e-04	-1.075641e-04	1.539761e-02	-2.046419e-02
9             	4.214406e-03	-3.255825e-20	-4.993541e-03	1.248385e-04	1.762686e-02	1.053601e-04	2.232041e-03	1.982364e-03	1.053601e-04	-1.053601e-04	1.513009e-02	-2.012363e-02
10            	4.078449e-03	-2.924916e-20	-4.838445e-03	1.209611e-04	1.706468e-02	1.019612e-04	2.160185e-03	1.918263e-03	1.019612e-04	-1.019612e-04	1.464546e-02	-1.948390e-02
11            	3.959716e-03	-2.740416e-20	-4.687097e-03	1.171774e-04	1.654998e-02	9.899289e-05	2.097035e-03	1.862680e-03	9.899289e-05	-9.899289e-05	1.420643e-02	-1.889353e-02
12            	3.841463e-03	-2.632151e-20	-4.479651e-03	1.119913e-04	1.593520e-02	9.603659e-05	2.032723e-03	1.808740e-03	9.603659e-05	-9.603659e-05	1.369537e-02	-1.817502e-02
13            	3.749720e-03	-2.528434e-20	-4.265993e-03	1.066498e-04	1.536661e-02	9.374300e-05	1.981510e-03	1.768210e-03	9.374300e-05	-9.374300e-05	1.323361e-02	-1.749961e-02
14            	3.671403e-03	-2.422805e-20	-4.023503e-03	1.005876e-04	1.477398e-02	9.178507e-05	1.936289e-03	1.735114e-03	9.178507e-05	-9.178507e-05	1.276223e-02	-1.678573e-02
15            	3.585343e-03	-2.285226e-20	-3.742658e-03	9.356644e-05	1.409403e-02	8.963358e-05	1.886238e-03	1.699105e-03	8.963358e-05	-8.963358e-05	1.222270e-02	-1.596536e-02
16            	3.510549e-03	-2.137931e-20	-3.472366e-03	8.680914e-05	1.345762e-02	8.776373e-05	1.842084e-03	1.668465e-03	8.776373e-05	-8.776373e-05	1.172143e-02	-1.519380e-02
17            	3.446726e-03	-1.997094e-20	-3.215542e-03	8.038854e-05	1.286915e-02	8.616814e-05	1.803751e-03	1.642974e-03	8.616814e-05	-8.616814e-05	1.126138e-02	-1.447692e-02
18            	3.391429e-03	-1.865974e-20	-2.975711e-03	7.439277e-05	1.232928e-02	8.478573e-05	1.770107e-03	1.621322e-03	8.478573e-05	-8.478573e-05	1.084142e-02	-1.381713e-02
19            	3.342818e-03	-1.755471e-20	-2.758907e-03	6.897267e-05	1.184342e-02	8.357046e-05	1.740382e-03	1.602437e-03	8.357046e-05	-8.357046e-05	1.046397e-02	-1.322288e-02
20            	3.302278e-03	-1.662233e-20	-2.573927e-03	6.434818e-05	1.142985e-02	8.255694e-05	1.715487e-03	1.586791e-03	8.255694e-05	-8.255694e-05	1.014288e-02	-1.271681e-02
21            	3.265813e-03	-1.586653e-20	-2.417794e-03	6.044485e-05	1.107335e-02	8.164533e-05	1.693352e-03	1.572462e-03	8.164533e-05	-8.164533e-05	9.864452e-03	-1.228225e-02
22            	3.235413e-03	-1.527227e-20	-2.295215e-03	5.738038e-05	1.078679e-02	8.088533e-05	1.675087e-03	1.560326e-03	8.088533e-05	-8.088533e-05	9.639186e-03	-1.193440e-02
23            	3.215608e-03	-1.487189e-20	-2.214244e-03	5.535609e-05	1.059496e-02	8.039020e-05	1.663160e-03	1.552448e-03	8.039020e-05	-8.039020e-05	9.487839e-03	-1.170208e-02
24            	3.188802e-03	-1.454484e-20	-2.139419e-03	5.348547e-05	1.039624e-02	7.972004e-05	1.647886e-03	1.540915e-03	7.972004e-05	-7.972004e-05	9.326529e-03	-1.146595e-02
25            	3.177013e-03	-1.435659e-20	-2.111585e-03	5.278963e-05	1.031407e-02	7.942533e-05	1.641296e-03	1.535717e-03	7.942533e-05	-7.942533e-05	9.258276e-03	-1.136986e-02
26            	3.162026e-03	-1.427688e-20	-2.092517e-03	5.231291e-05	1.023994e-02	7.905064e-05	1.633326e-03	1.528700e-03	7.905064e-05	-7.905064e-05	9.193683e-03	-1.128620e-02
27            	3.160160e-03	-1.425737e-20	-2.108385e-03	5.270963e-05	1.025830e-02	7.900400e-05	1.632790e-03	1.527370e-03	7.900400e-05	-7.900400e-05	9.204110e-03	-1.131250e-02
28            	3.157734e-03	-1.437109e-20	-2.134235e-03	5.335587e-05	1.029377e-02	7.894334e-05	1.632223e-03	1.525511e-03	7.894334e-05	-7.894334e-05	9.226650e-03	-1.136089e-02
29            	3.168092e-03	-1.451081e-20	-2.183274e-03	5.458184e-05	1.040101e-02	7.920231e-05	1.638628e-03	1.529464e-03	7.920231e-05	-7.920231e-05	9.309371e-03	-1.149264e-02
30            	3.179686e-03	-1.472679e-20	-2.238104e-03	5.595261e-05	1.052166e-02	7.949214e-05	1.645795e-03	1.533890e-03	7.949214e-05	-7.949214e-05	9.402603e-03	-1.164071e-02
31            	3.198276e-03	-1.491727e-20	-2.302354e-03	5.755886e-05	1.067646e-02	7.995689e-05	1.656697e-03	1.541579e-03	7.995689e-05	-7.995689e-05	9.525282e-03	-1.182764e-02
32            	3.214000e-03	-1.516048e-20	-2.354700e-03	5.886749e-05	1.080330e-02	8.035000e-05	1.665868e-03	1.548133e-03	8.035000e-05	-8.035000e-05	9.625950e-03	-1.198065e-02
33            	3.228612e-03	-1.536837e-20	-2.401809e-03	6.004522e-05	1.091870e-02	8.071530e-05	1.674351e-03	1.554261e-03	8.071530e-05	-8.071530e-05	9.717791e-03	-1.211960e-02
34            	3.240887e-03	-1.556397e-20	-2.439523e-03	6.098806e-05	1.101193e-02	8.102218e-05	1.681432e-03	1.559456e-03	8.102218e-05	-8.102218e-05	9.792173e-03	-1.223170e-02
35            	3.249613e-03	-1.571847e-20	-2.467700e-03	6.169249e-05	1.107974e-02	8.124033e-05	1.686499e-03	1.563114e-03	8.124033e-05	-8.124033e-05	9.845890e-03	-1.231359e-02
36            	3.254431e-03	-1.582376e-20	-2.488030e-03	6.220075e-05	1.112443e-02	8.136078e-05	1.689416e-03	1.565015e-03	8.136078e-05	-8.136078e-05	9.880415e-03	-1.236844e-02
37            	3.256516e-03	-1.589836e-20	-2.504578e-03	6.261446e-05	1.115602e-02	8.141290e-05	1.690873e-03	1.565644e-03	8.141290e-05	-8.141290e-05	9.903734e-03	-1.240831e-02
38            	3.258068e-03	-1.596584e-20	-2.520785e-03	6.301963e-05	1.118613e-02	8.145171e-05	1.692054e-03	1.566015e-03	8.145171e-05	-8.145171e-05	9.925741e-03	-1.244653e-02
39            	3.259469e-03	-1.599886e-20	-2.539309e-03	6.348272e-05	1.122060e-02	8.148674e-05	1.693217e-03	1.566252e-03	8.148674e-05	-8.148674e-05	9.950951e-03	-1.249026e-02
40            	3.261213e-03	-1.603755e-20	-2.557812e-03	6.394529e-05	1.125667e-02	8.153032e-05	1.694552e-03	1.566661e-03	8.153032e-05	-8.153032e-05	9.977762e-03	-1.253557e-02
41            	3.264821e-03	-1.610394e-20	-2.580100e-03	6.450250e-05	1.130431e-02	8.162052e-05	1.696913e-03	1.567908e-03	8.162052e-05	-8.162052e-05	1.001426e-02	-1.259436e-02
42            	3.269896e-03	-1.616242e-20	-2.603127e-03	6.507818e-05	1.135770e-02	8.174740e-05	1.700026e-03	1.569870e-03	8.174740e-05	-8.174740e-05	1.005614e-02	-1.265926e-02
43            	3.275449e-03	-1.621206e-20	-2.623960e-03	6.559901e-05	1.140872e-02	8.188622e-05	1.703323e-03	1.572125e-03	8.188622e-05	-8.188622e-05	1.009674e-02	-1.272070e-02
44            	3.281081e-03	-1.625407e-20	-2.641105e-03	6.602762e-05	1.145376e-02	8.202702e-05	1.706568e-03	1.574513e-03	8.202702e-05	-8.202702e-05	1.013321e-02	-1.277431e-02
45            	3.286039e-03	-1.628569e-20	-2.652701e-03	6.631753e-05	1.148737e-02	8.215099e-05	1.709337e-03	1.576702e-03	8.215099e-05	-8.215099e-05	1.016102e-02	-1.281372e-02
46            	3.289949e-03	-1.630445e-20	-2.658350e-03	6.645874e-05	1.150776e-02	8.224872e-05	1.711433e-03	1.578516e-03	8.224872e-05	-8.224872e-05	1.017858e-02	-1.283693e-02
47            	3.292101e-03	-1.630589e-20	-2.657091e-03	6.642727e-05	1.151134e-02	8.230252e-05	1.712478e-03	1.579623e-03	8.230252e-05	-8.230252e-05	1.018279e-02	-1.283988e-02
48            	3.291104e-03	-1.629457e-20	-2.648090e-03	6.620224e-05	1.149320e-02	8.227759e-05	1.711754e-03	1.579350e-03	8.227759e-05	-8.227759e-05	1.016915e-02	-1.281724e-02
49            	3.287771e-03	-1.626983e-20	-2.635558e-03	6.588895e-05	1.146294e-02	8.219427e-05	1.709774e-03	1.577996e-03	8.219427e-05	-8.219427e-05	1.014516e-02	-1.278072e-02
50            	3.283489e-03	-1.623654e-20	-2.623258e-03	6.558146e-05	1.143071e-02	8.208723e-05	1.707326e-03	1.576163e-03	8.208723e-05	-8.208723e-05	1.011908e-02	-1.274234e-02
51            	3.279374e-03	-1.619892e-20	-2.613278e-03	6.533195e-05	1.140297e-02	8.198435e-05	1.705019e-03	1.574355e-03	8.198435e-05	-8.198435e-05	1.009633e-02	-1.270961e-02
52            	3.275771e-03	-1.616742e-20	-2.606266e-03	6.515665e-05	1.138185e-02	8.189428e-05	1.703042e-03	1.572729e-03	8.189428e-05	-8.189428e-05	1.007872e-02	-1.268498e-02
53            	3.273175e-03	-1.614015e-20	-2.602977e-03	6.507443e-05	1.137003e-02	8.182938e-05	1.701662e-03	1.571513e-03	8.182938e-05	-8.182938e-05	1.006854e-02	-1.267152e-02
54            	3.272308e-03	-1.611542e-20	-2.604062e-03	6.510155e-05	1.137043e-02	8.180769e-05	1.701255e-03	1.571052e-03	8.180769e-05	-8.180769e-05	1.006840e-02	-1.267246e-02
55            	3.273218e-03	-1.609752e-20	-2.608068e-03	6.520170e-05	1.138050e-02	8.183045e-05	1.701811e-03	1.571407e-03	8.183045e-05	-8.183045e-05	1.007647e-02	-1.268453e-02
56            	3.275053e-03	-1.608849e-20	-2.612433e-03	6.531082e-05	1.139351e-02	8.187634e-05	1.702838e-03	1.572216e-03	8.187634e-05	-8.187634e-05	1.008730e-02	-1.269973e-02
57            	3.277139e-03	-1.608642e-20	-2.615637e-03	6.539093e-05	1.140507e-02	8.192847e-05	1.703960e-03	1.573178e-03	8.192847e-05	-8.192847e-05	1.009725e-02	-1.271289e-02
58            	3.279091e-03	-1.608339e-20	-2.616725e-03	6.541812e-05	1.141243e-02	8.197727e-05	1.704964e-03	1.574127e-03	8.197727e-05	-8.197727e-05	1.010407e-02	-1.272079e-02
59            	3.280253e-03	-1.608258e-20	-2.614524e-03	6.536310e-05	1.141169e-02	8.200632e-05	1.705490e-03	1.574763e-03	8.200632e-05	-8.200632e-05	1.010443e-02	-1.271895e-02
60            	3.280087e-03	-1.608279e-20	-2.608749e-03	6.521873e-05	1.140118e-02	8.200218e-05	1.705262e-03	1.574825e-03	8.200218e-05	-8.200218e-05	1.009681e-02	-1.270555e-02
61            	3.278017e-03	-1.607713e-20	-2.599735e-03	6.499336e-05	1.138012e-02	8.195043e-05	1.704002e-03	1.574015e-03	8.195043e-05	-8.195043e-05	1.008025e-02	-1.267999e-02
62            	3.275424e-03	-1.606151e-20	-2.591353e-03	6.478381e-05	1.135870e-02	8.188559e-05	1.702496e-03	1.572928e-03	8.188559e-05	-8.188559e-05	1.006302e-02	-1.265437e-02
63            	3.272696e-03	-1.604347e-20	-2.584337e-03	6.460843e-05	1.133928e-02	8.181740e-05	1.700956e-03	1.571740e-03	8.181740e-05	-8.181740e-05	1.004711e-02	-1.263145e-02
64            	3.270166e-03	-1.602628e-20	-2.579399e-03	6.448496e-05	1.132398e-02	8.175414e-05	1.699568e-03	1.570598e-03	8.175414e-05	-8.175414e-05	1.003428e-02	-1.261368e-02
65            	3.268290e-03	-1.601397e-20	-2.577462e-03	6.443654e-05	1.131577e-02	8.170725e-05	1.698581e-03	1.569708e-03	8.170725e-05	-8.170725e-05	1.002704e-02	-1.260450e-02
66            	3.267475e-03	-1.600572e-20	-2.578769e-03	6.446921e-05	1.131610e-02	8.168689e-05	1.698207e-03	1.569269e-03	8.168689e-05	-8.168689e-05	1.002672e-02	-1.260548e-02
67            	3.268023e-03	-1.600160e-20	-2.582967e-03	6.457417e-05	1.132500e-02	8.170057e-05	1.698586e-03	1.569437e-03	8.170057e-05	-8.170057e-05	1.003352e-02	-1.261649e-02
68            	3.269622e-03	-1.600481e-20	-2.588526e-03	6.471315e-05	1.133895e-02	8.174055e-05	1.699524e-03	1.570098e-03	8.174055e-05	-8.174055e-05	1.004469e-02	-1.263322e-02
69            	3.271620e-03	-1.601381e-20	-2.593649e-03	6.484122e-05	1.135316e-02	8.179049e-05	1.700651e-03	1.570969e-03	8.179049e-05	-8.179049e-05	1.005634e-02	-1.264999e-02
70            	3.273543e-03	-1.602446e-20	-2.597379e-03	6.493447e-05	1.136473e-02	8.183858e-05	1.701706e-03	1.571837e-03	8.183858e-05	-8.183858e-05	1.006604e-02	-1.266342e-02
71            	3.275158e-03	-1.603186e-20	-2.599294e-03	6.498236e-05	1.137220e-02	8.187896e-05	1.702562e-03	1.572597e-03	8.187896e-05	-8.187896e-05	1.007256e-02	-1.267185e-02
72            	3.276267e-03	-1.603817e-20	-2.599082e-03	6.497705e-05	1.137452e-02	8.190669e-05	1.703111e-03	1.573157e-03	8.190669e-05	-8.190669e-05	1.007498e-02	-1.267406e-02
73            	3.276078e-03	-1.604443e-20	-2.595749e-03	6.489374e-05	1.136800e-02	8.190194e-05	1.702933e-03	1.573145e-03	8.190194e-05	-8.190194e-05	1.007012e-02	-1.266587e-02
74            	3.274834e-03	-1.604444e-20	-2.591119e-03	6.477797e-05	1.135649e-02	8.187086e-05	1.702195e-03	1.572639e-03	8.187086e-05	-8.187086e-05	1.006093e-02	-1.265205e-02
75            	3.273266e-03	-1.603887e-20	-2.587004e-03	6.467509e-05	1.134507e-02	8.183166e-05	1.701308e-03	1.571958e-03	8.183166e-05	-8.183166e-05	1.005157e-02	-1.263857e-02
76            	3.271685e-03	-1.603104e-20	-2.583923e-03	6.459807e-05	1.133543e-02	8.179213e-05	1.700441e-03	1.571245e-03	8.179213e-05	-8.179213e-05	1.004347e-02	-1.262739e-02
77            	3.270346e-03	-1.602574e-20	-2.582413e-03	6.456033e-05	1.132924e-02	8.175865e-05	1.699733e-03	1.570613e-03	8.175865e-05	-8.175865e-05	1.003803e-02	-1.262045e-02
78            	3.269507e-03	-1.602088e-20	-2.582853e-03	6.457134e-05	1.132789e-02	8.173769e-05	1.699325e-03	1.570182e-03	8.173769e-05	-8.173769e-05	1.003646e-02	-1.261932e-02
79            	3.269588e-03	-1.601642e-20	-2.585458e-03	6.463646e-05	1.133273e-02	8.173971e-05	1.699431e-03	1.570158e-03	8.173971e-05	-8.173971e-05	1.004000e-02	-1.262546e-02
80            	3.270404e-03	-1.601767e-20	-2.589182e-03	6.472954e-05	1.134141e-02	8.176010e-05	1.699932e-03	1.570473e-03	8.176010e-05	-8.176010e-05	1.004681e-02	-1.263600e-02
81            	3.271675e-03	-1.602333e-20	-2.593141e-03	6.482852e-05	1.135169e-02	8.179189e-05	1.700666e-03	1.571009e-03	8.179189e-05	-8.179189e-05	1.005512e-02	-1.264826e-02
82            	3.273058e-03	-1.603252e-20	-2.596408e-03	6.491021e-05	1.136106e-02	8.182646e-05	1.701439e-03	1.571619e-03	8.182646e-05	-8.182646e-05	1.006286e-02	-1.265927e-02
83            	3.274287e-03	-1.603969e-20	-2.598457e-03	6.496141e-05	1.136787e-02	8.185717e-05	1.702105e-03	1.572182e-03	8.185717e-05	-8.185717e-05	1.006864e-02	-1.266709e-02
84            	3.275203e-03	-1.604455e-20	-2.599079e-03	6.497697e-05	1.137128e-02	8.188008e-05	1.702579e-03	1.572625e-03	8.188008e-05	-8.188008e-05	1.007174e-02	-1.267082e-02
85            	3.275625e-03	-1.604824e-20	-2.598071e-03	6.495177e-05	1.137050e-02	8.189061e-05	1.702764e-03	1.572860e-03	8.189061e-05	-8.189061e-05	1.007147e-02	-1.266954e-02
86            	3.275079e-03	-1.604956e-20	-2.595087e-03	6.487718e-05	1.136379e-02	8.187698e-05	1.702417e-03	1.572663e-03	8.187698e-05	-8.187698e-05	1.006624e-02	-1.266133e-02
87            	3.274038e-03	-1.604646e-20	-2.591819e-03	6.479548e-05	1.135529e-02	8.185095e-05	1.701815e-03	1.572224e-03	8.185095e-05	-8.185095e-05	1.005938e-02	-1.265120e-02
88            	3.272885e-03	-1.604101e-20	-2.589106e-03	6.472765e-05	1.134750e-02	8.182212e-05	1.701170e-03	1.571715e-03	8.182212e-05	-8.182212e-05	1.005294e-02	-1.264205e-02
89            	3.271868e-03	-1.603568e-20	-2.587365e-03	6.468412e-05	1.134176e-02	8.179671e-05	1.700618e-03	1.571250e-03	8.179671e-05	-8.179671e-05	1.004808e-02	-1.263545e-02
90            	3.271058e-03	-1.603185e-20	-2.586682e-03	6.466704e-05	1.133848e-02	8.177646e-05	1.700196e-03	1.570862e-03	8.177646e-05	-8.177646e-05	1.004514e-02	-1.263182e-02
91            	3.270689e-03	-1.602851e-20	-2.587386e-03	6.468465e-05	1.133884e-02	8.176723e-05	1.700029e-03	1.570660e-03	8.176723e-05	-8.176723e-05	1.004514e-02	-1.263253e-02
92            	3.270886e-03	-1.602660e-20	-2.589352e-03	6.473381e-05	1.134286e-02	8.177215e-05	1.700177e-03	1.570709e-03	8.177215e-05	-8.177215e-05	1.004818e-02	-1.263754e-02
93            	3.271639e-03	-1.602792e-20	-2.592025e-03	6.480062e-05	1.134955e-02	8.179098e-05	1.700620e-03	1.571019e-03	8.179098e-05	-8.179098e-05	1.005353e-02	-1.264556e-02
94            	3.272545e-03	-1.603245e-20	-2.594382e-03	6.485955e-05	1.135608e-02	8.181364e-05	1.701132e-03	1.571413e-03	8.181364e-05	-8.181364e-05	1.005889e-02	-1.265327e-02
95            	3.273399e-03	-1.603713e-20	-2.596045e-03	6.490112e-05	1.136126e-02	8.183498e-05	1.701601e-03	1.571798e-03	8.183498e-05	-8.183498e-05	1.006324e-02	-1.265929e-02
96            	3.274125e-03	-1.604016e-20	-2.596883e-03	6.492208e-05	1.136462e-02	8.185312e-05	1.701984e-03	1.572140e-03	8.185312e-05	-8.185312e-05	1.006618e-02	-1.266306e-02
97            	3.274552e-03	-1.604302e-20	-2.596625e-03	6.491563e-05	1.136522e-02	8.186379e-05	1.702191e-03	1.572360e-03	8.186379e-05	-8.186379e-05	1.006691e-02	-1.266353e-02
98            	3.274540e-03	-1.604524e-20	-2.595238e-03	6.488095e-05	1.136271e-02	8.186349e-05	1.702151e-03	1.572389e-03	8.186349e-05	-8.186349e-05	1.006509e-02	-1.266033e-02
99            	3.273959e-03	-1.604498e-20	-2.592965e-03	6.482413e-05	1.135718e-02	8.184898e-05	1.701804e-03	1.572155e-03	8.184898e-05	-8.184898e-05	1.006070e-02	-1.265366e-02
100           	3.273236e-03	-1.604151e-20	-2.590936e-03	6.477340e-05	1.135171e-02	8.183090e-05	1.701391e-03	1.571845e-03	8.183090e-05	-8.183090e-05	1.005624e-02	-1.264718e-02
101           	3.272479e-03	-1.603725e-20	-2.589314e-03	6.473285e-05	1.134687e-02	8.181198e-05	1.700973e-03	1.571507e-03	8.181198e-05	-8.181198e-05	1.005221e-02	-1.264152e-02
102           	3.271834e-03	-1.603391e-20	-2.588406e-03	6.471015e-05	1.134358e-02	8.179584e-05	1.700627e-03	1.571207e-03	8.179584e-05	-8.179584e-05	1.004938e-02	-1.263779e-02
103           	3.271390e-03	-1.603129e-20	-2.588335e-03	6.470836e-05	1.134235e-02	8.178475e-05	1.700403e-03	1.570987e-03	8.178475e-05	-8.178475e-05	1.004818e-02	-1.263651e-02
104           	3.271295e-03	-1.602894e-20	-2.589222e-03	6.473056e-05	1.134371e-02	8.178238e-05	1.700378e-03	1.570917e-03	8.178238e-05	-8.178238e-05	1.004910e-02	-1.263832e-02
105           	3.271677e-03	-1.602869e-20	-2.590946e-03	6.477366e-05	1.134775e-02	8.179192e-05	1.700612e-03	1.571065e-03	8.179192e-05	-8.179192e-05	1.005228e-02	-1.264322e-02
106           	3.272242e-03	-1.603096e-20	-2.592660e-03	6.481650e-05	1.135226e-02	8.180606e-05	1.700938e-03	1.571305e-03	8.180606e-05	-8.180606e-05	1.005593e-02	-1.264859e-02
107           	3.272858e-03	-1.603419e-20	-2.594070e-03	6.485175e-05	1.135635e-02	8.182146e-05	1.701281e-03	1.571577e-03	8.182146e-05	-8.182146e-05	1.005932e-02	-1.265339e-02
108           	3.273400e-03	-1.603696e-20	-2.594936e-03	6.487340e-05	1.135930e-02	8.183499e-05	1.701573e-03	1.571826e-03	8.183499e-05	-8.183499e-05	1.006183e-02	-1.265676e-02
109           	3.273808e-03	-1.603910e-20	-2.595176e-03	6.487939e-05	1.136076e-02	8.184519e-05	1.701783e-03	1.572024e-03	8.184519e-05	-8.184519e-05	1.006317e-02	-1.265834e-02
110           	3.273980e-03	-1.604101e-20	-2.594660e-03	6.486650e-05	1.136026e-02	8.184951e-05	1.701857e-03	1.572124e-03	8.184951e-05	-8.184951e-05	1.006293e-02	-1.265759e-02
111           	3.273730e-03	-1.604168e-20	-2.593296e-03	6.483241e-05	1.135719e-02	8.184325e-05	1.701697e-03	1.572033e-03	8.184325e-05	-8.184325e-05	1.006054e-02	-1.265384e-02
112           	3.273270e-03	-1.604019e-20	-2.591829e-03	6.479572e-05	1.135340e-02	8.183175e-05	1.701431e-03	1.571839e-03	8.183175e-05	-8.183175e-05	1.005748e-02	-1.264931e-02
113           	3.272755e-03	-1.603765e-20	-2.590591e-03	6.476478e-05	1.134987e-02	8.181888e-05	1.701142e-03	1.571613e-03	8.181888e-05	-8.181888e-05	1.005458e-02	-1.264517e-02
114           	3.272298e-03	-1.603517e-20	-2.589787e-03	6.474469e-05	1.134725e-02	8.180745e-05	1.700894e-03	1.571404e-03	8.180745e-05	-8.180745e-05	1.005236e-02	-1.264215e-02
115           	3.271929e-03	-1.603340e-20	-2.589459e-03	6.473646e-05	1.134573e-02	8.179823e-05	1.700701e-03	1.571228e-03	8.179823e-05	-8.179823e-05	1.005100e-02	-1.264046e-02
116           	3.271757e-03	-1.603184e-20	-2.589760e-03	6.474400e-05	1.134584e-02	8.179392e-05	1.700622e-03	1.571134e-03	8.179392e-05	-8.179392e-05	1.005096e-02	-1.264072e-02
117           	3.271836e-03	-1.603095e-20	-2.590637e-03	6.476593e-05	1.134761e-02	8.179591e-05	1.700684e-03	1.571152e-03	8.179591e-05	-8.179591e-05	1.005229e-02	-1.264293e-02
118           	3.272181e-03	-1.603155e-20	-2.591869e-03	6.479674e-05	1.135069e-02	8.180453e-05	1.700887e-03	1.571294e-03	8.180453e-05	-8.180453e-05	1.005475e-02	-1.264662e-02
119           	3.272596e-03	-1.603370e-20	-2.592959e-03	6.482396e-05	1.135369e-02	8.181490e-05	1.701122e-03	1.571474e-03	8.181490e-05	-8.181490e-05	1.005721e-02	-1.265017e-02
120           	3.272989e-03	-1.603592e-20	-2.593738e-03	6.484345e-05	1.135610e-02	8.182473e-05	1.701338e-03	1.571651e-03	8.182473e-05	-8.182473e-05	1.005923e-02	-1.265297e-02
121           	3.273326e-03	-1.603741e-20	-2.594150e-03	6.485374e-05	1.135770e-02	8.183315e-05	1.701517e-03	1.571809e-03	8.183315e-05	-8.183315e-05	1.006062e-02	-1.265477e-02
122           	3.273531e-03	-1.603877e-20	-2.594069e-03	6.485172e-05	1.135806e-02	8.183827e-05	1.701617e-03	1.571914e-03	8.183827e-05	-8.183827e-05	1.006103e-02	-1.265510e-02
123           	3.273538e-03	-1.603985e-20	-2.593474e-03	6.483685e-05	1.135701e-02	8.183846e-05	1.701606e-03	1.571932e-03	8.183846e-05	-8.183846e-05	1.006028e-02	-1.265375e-02
124           	3.273285e-03	-1.603982e-20	-2.592465e-03	6.481163e-05	1.135457e-02	8.183212e-05	1.701454e-03	1.571831e-03	8.183212e-05	-8.183212e-05	1.005834e-02	-1.265080e-02
125           	3.272964e-03	-1.603833e-20	-2.591560e-03	6.478899e-05	1.135213e-02	8.182410e-05	1.701271e-03	1.571693e-03	8.182410e-05	-8.182410e-05	1.005635e-02	-1.264791e-02
126           	3.272627e-03	-1.603645e-20	-2.590833e-03	6.477081e-05	1.134996e-02	8.181567e-05	1.701084e-03	1.571542e-03	8.181567e-05	-8.181567e-05	1.005455e-02	-1.264538e-02
127           	3.272336e-03	-1.603496e-20	-2.590421e-03	6.476052e-05	1.134848e-02	8.180840e-05	1.700929e-03	1.571407e-03	8.180840e-05	-8.180840e-05	1.005327e-02	-1.264369e-02
128           	3.272134e-03	-1.603380e-20	-2.590383e-03	6.475957e-05	1.134791e-02	8.180334e-05	1.700826e-03	1.571307e-03	8.180334e-05	-8.180334e-05	1.005271e-02	-1.264310e-02
129           	3.272086e-03	-1.603273e-20	-2.590776e-03	6.476940e-05	1.134849e-02	8.180215e-05	1.700812e-03	1.571274e-03	8.180215e-05	-8.180215e-05	1.005311e-02	-1.264388e-02
130           	3.272258e-03	-1.603263e-20	-2.591562e-03	6.478904e-05	1.135033e-02	8.180646e-05	1.700918e-03	1.571340e-03	8.180646e-05	-8.180646e-05	1.005455e-02	-1.264611e-02
131           	3.272515e-03	-1.603366e-20	-2.592341e-03	6.480851e-05	1.135238e-02	8.181287e-05	1.701066e-03	1.571449e-03	8.181287e-05	-8.181287e-05	1.005621e-02	-1.264855e-02
132           	3.272793e-03	-1.603510e-20	-2.592981e-03	6.482453e-05	1.135424e-02	8.181983e-05	1.701221e-03	1.571572e-03	8.181983e-05	-8.181983e-05	1.005775e-02	-1.265073e-02
133           	3.273037e-03	-1.603635e-20	-2.593375e-03	6.483437e-05	1.135557e-02	8.182593e-05	1.701353e-03	1.571684e-03	8.182593e-05	-8.182593e-05	1.005888e-02	-1.265226e-02
134           	3.273222e-03	-1.603730e-20	-2.593490e-03	6.483724e-05	1.135624e-02	8.183056e-05	1.701448e-03	1.571774e-03	8.183056e-05	-8.183056e-05	1.005950e-02	-1.265299e-02
135           	3.273303e-03	-1.603814e-20	-2.593263e-03	6.483158e-05	1.135604e-02	8.183257e-05	1.701483e-03	1.571820e-03	8.183257e-05	-8.183257e-05	1.005941e-02	-1.265267e-02
136           	3.273197e-03	-1.603846e-20	-2.592659e-03	6.481649e-05	1.135469e-02	8.182993e-05	1.701415e-03	1.571782e-03	8.182993e-05	-8.182993e-05	1.005836e-02	-1.265102e-02
137           	3.272992e-03	-1.603780e-20	-2.591998e-03	6.479996e-05	1.135299e-02	8.182481e-05	1.701296e-03	1.571696e-03	8.182481e-05	-8.182481e-05	1.005699e-02	-1.264899e-02
138           	3.272760e-03	-1.603665e-20	-2.591432e-03	6.478581e-05	1.135138e-02	8.181899e-05	1.701166e-03	1.571594e-03	8.181899e-05	-8.181899e-05	1.005567e-02	-1.264710e-02
139           	3.272551e-03	-1.603550e-20	-2.591059e-03	6.477649e-05	1.135018e-02	8.181379e-05	1.701052e-03	1.571499e-03	8.181379e-05	-8.181379e-05	1.005465e-02	-1.264571e-02
140           	3.272382e-03	-1.603467e-20	-2.590900e-03	6.477251e-05	1.134947e-02	8.180956e-05	1.700964e-03	1.571419e-03	8.180956e-05	-8.180956e-05	1.005402e-02	-1.264492e-02
141           	3.272300e-03	-1.603395e-20	-2.591024e-03	6.477559e-05	1.134948e-02	8.180750e-05	1.700926e-03	1.571374e-03	8.180750e-05	-8.180750e-05	1.005397e-02	-1.264499e-02
142           	3.272330e-03	-1.603353e-20	-2.591408e-03	6.478519e-05	1.135025e-02	8.180824e-05	1.700950e-03	1.571380e-03	8.180824e-05	-8.180824e-05	1.005454e-02	-1.264595e-02
143           	3.272483e-03	-1.603377e-20	-2.591963e-03	6.479908e-05	1.135163e-02	8.181208e-05	1.701041e-03	1.571443e-03	8.181208e-05	-8.181208e-05	1.005565e-02	-1.264761e-02
144           	3.272670e-03	-1.603473e-20	-2.592455e-03	6.481138e-05	1.135298e-02	8.181675e-05	1.701146e-03	1.571524e-03	8.181675e-05	-8.181675e-05	1.005676e-02	-1.264921e-02
145           	3.272847e-03	-1.603573e-20	-2.592808e-03	6.482020e-05	1.135407e-02	8.182117e-05	1.701244e-03	1.571603e-03	8.182117e-05	-8.182117e-05	1.005767e-02	-1.265048e-02
146           	3.272999e-03	-1.603641e-20	-2.592996e-03	6.482491e-05	1.135480e-02	8.182498e-05	1.701325e-03	1.571675e-03	8.182498e-05	-8.182498e-05	1.005830e-02	-1.265130e-02
147           	3.273093e-03	-1.603703e-20	-2.592963e-03	6.482408e-05	1.135497e-02	8.182732e-05	1.701371e-03	1.571722e-03	8.182732e-05	-8.182732e-05	1.005849e-02	-1.265145e-02
148           	3.273098e-03	-1.603751e-20	-2.592696e-03	6.481741e-05	1.135450e-02	8.182744e-05	1.701366e-03	1.571731e-03	8.182744e-05	-8.182744e-05	1.005816e-02	-1.265085e-02
149           	3.272984e-03	-1.603751e-20	-2.592241e-03	6.480604e-05	1.135340e-02	8.182460e-05	1.701298e-03	1.571686e-03	8.182460e-05	-8.182460e-05	1.005728e-02	-1.264952e-02
150           	3.272840e-03	-1.603684e-20	-2.591833e-03	6.479582e-05	1.135231e-02	8.182100e-05	1.701216e-03	1.571624e-03	8.182100e-05	-8.182100e-05	1.005639e-02	-1.264822e-02
151           	3.272688e-03	-1.603600e-20	-2.591504e-03	6.478761e-05	1.135133e-02	8.181720e-05	1.701132e-03	1.571556e-03	8.181720e-05	-8.181720e-05	1.005558e-02	-1.264708e-02
152           	3.272557e-03	-1.603533e-20	-2.591317e-03	6.478292e-05	1.135066e-02	8.181392e-05	1.701061e-03	1.571496e-03	8.181392e-05	-8.181392e-05	1.005500e-02	-1.264631e-02
153           	3.272465e-03	-1.603481e-20	-2.591296e-03	6.478241e-05	1.135039e-02	8.181163e-05	1.701015e-03	1.571450e-03	8.181163e-05	-8.181163e-05	1.005474e-02	-1.264604e-02
154           	3.272442e-03	-1.603433e-20	-2.591470e-03	6.478676e-05	1.135064e-02	8.181104e-05	1.701008e-03	1.571434e-03	8.181104e-05	-8.181104e-05	1.005491e-02	-1.264638e-02
155           	3.272518e-03	-1.603428e-20	-2.591824e-03	6.479560e-05	1.135147e-02	8.181296e-05	1.701055e-03	1.571464e-03	8.181296e-05	-8.181296e-05	1.005556e-02	-1.264738e-02
156           	3.272634e-03	-1.603475e-20	-2.592177e-03	6.480444e-05	1.135240e-02	8.181585e-05	1.701122e-03	1.571513e-03	8.181585e-05	-8.181585e-05	1.005631e-02	-1.264848e-02
157           	3.272760e-03	-1.603540e-20	-2.592469e-03	6.481172e-05	1.135324e-02	8.181901e-05	1.701192e-03	1.571568e-03	8.181901e-05	-8.181901e-05	1.005700e-02	-1.264947e-02
158           	3.272871e-03	-1.603598e-20	-2.592649e-03	6.481622e-05	1.135385e-02	8.182178e-05	1.701252e-03	1.571619e-03	8.182178e-05	-8.182178e-05	1.005752e-02	-1.265017e-02
159           	3.272955e-03	-1.603641e-20	-2.592704e-03	6.481759e-05	1.135416e-02	8.182389e-05	1.701295e-03	1.571660e-03	8.182389e-05	-8.182389e-05	1.005781e-02	-1.265051e-02
160           	3.272986e-03	-1.603681e-20	-2.592599e-03	6.481498e-05	1.135404e-02	8.182464e-05	1.701308e-03	1.571678e-03	8.182464e-05	-8.182464e-05	1.005774e-02	-1.265034e-02
161           	3.272956e-03	-1.603699e-20	-2.592369e-03	6.480923e-05	1.135356e-02	8.182391e-05	1.701287e-03	1.571669e-03	8.182391e-05	-8.182391e-05	1.005737e-02	-1.264974e-02
162           	3.272866e-03	-1.603677e-20	-2.592066e-03	6.480165e-05	1.135279e-02	8.182166e-05	1.701235e-03	1.571632e-03	8.182166e-05	-8.182166e-05	1.005676e-02	-1.264882e-02
163           	3.272762e-03	-1.603621e-20	-2.591805e-03	6.479512e-05	1.135206e-02	8.181906e-05	1.701176e-03	1.571586e-03	8.181906e-05	-8.181906e-05	1.005615e-02	-1.264796e-02
164           	3.272666e-03	-1.603567e-20	-2.591625e-03	6.479063e-05	1.135149e-02	8.181664e-05	1.701123e-03	1.571542e-03	8.181664e-05	-8.181664e-05	1.005567e-02	-1.264730e-02
165           	3.272586e-03	-1.603527e-20	-2.591542e-03	6.478856e-05	1.135113e-02	8.181465e-05	1.701082e-03	1.571504e-03	8.181465e-05	-8.181465e-05	1.005536e-02	-1.264691e-02
166           	3.272544e-03	-1.603492e-20	-2.591585e-03	6.478964e-05	1.135111e-02	8.181359e-05	1.701062e-03	1.571482e-03	8.181359e-05	-8.181359e-05	1.005531e-02	-1.264690e-02
167           	3.272552e-03	-1.603470e-20	-2.591749e-03	6.479374e-05	1.135142e-02	8.181379e-05	1.701070e-03	1.571482e-03	8.181379e-05	-8.181379e-05	1.005555e-02	-1.264730e-02
168           	3.272618e-03	-1.603477e-20	-2.591999e-03	6.479999e-05	1.135204e-02	8.181546e-05	1.701109e-03	1.571509e-03	8.181546e-05	-8.181546e-05	1.005604e-02	-1.264804e-02
169           	3.272701e-03	-1.603519e-20	-2.592223e-03	6.480558e-05	1.135265e-02	8.181754e-05	1.701156e-03	1.571545e-03	8.181754e-05	-8.181754e-05	1.005654e-02	-1.264876e-02
170           	3.272782e-03	-1.603564e-20	-2.592387e-03	6.480968e-05	1.135315e-02	8.181954e-05	1.701201e-03	1.571581e-03	8.181954e-05	-8.181954e-05	1.005696e-02	-1.264934e-02
171           	3.272851e-03	-1.603596e-20	-2.592477e-03	6.481193e-05	1.135349e-02	8.182128e-05	1.701238e-03	1.571614e-03	8.182128e-05	-8.182128e-05	1.005725e-02	-1.264973e-02
172           	3.272896e-03	-1.603625e-20	-2.592469e-03	6.481173e-05	1.135359e-02	8.182240e-05	1.701260e-03	1.571636e-03	8.182240e-05	-8.182240e-05	1.005735e-02	-1.264982e-02
173           	3.272901e-03	-1.603650e-20	-2.592354e-03	6.480885e-05	1.135339e-02	8.182252e-05	1.701259e-03	1.571642e-03	8.182252e-05	-8.182252e-05	1.005722e-02	-1.264957e-02
174           	3.272851e-03	-1.603652e-20	-2.592148e-03	6.480371e-05	1.135290e-02	8.182127e-05	1.701229e-03	1.571622e-03	8.182127e-05	-8.182127e-05	1.005682e-02	-1.264897e-02
175           	3.272787e-03	-1.603623e-20	-2.591964e-03	6.479910e-05	1.135241e-02	8.181967e-05	1.701192e-03	1.571594e-03	8.181967e-05	-8.181967e-05	1.005642e-02	-1.264839e-02
176           	3.272719e-03	-1.603585e-20	-2.591814e-03	6.479535e-05	1.135196e-02	8.181797e-05	1.701155e-03	1.571564e-03	8.181797e-05	-8.181797e-05	1.005605e-02	-1.264787e-02
177           	3.272659e-03	-1.603554e-20	-2.591726e-03	6.479315e-05	1.135165e-02	8.181648e-05	1.701123e-03	1.571536e-03	8.181648e-05	-8.181648e-05	1.005579e-02	-1.264751e-02
178           	3.272617e-03	-1.603530e-20	-2.591713e-03	6.479282e-05	1.135152e-02	8.181542e-05	1.701101e-03	1.571516e-03	8.181542e-05	-8.181542e-05	1.005566e-02	-1.264738e-02
179           	3.272604e-03	-1.603509e-20	-2.591787e-03	6.479467e-05	1.135162e-02	8.181511e-05	1.701097e-03	1.571507e-03	8.181511e-05	-8.181511e-05	1.005573e-02	-1.264752e-02
180           	3.272637e-03	-1.603506e-20	-2.591945e-03	6.479862e-05	1.135199e-02	8.181593e-05	1.701117e-03	1.571520e-03	8.181593e-05	-8.181593e-05	1.005602e-02	-1.264796e-02
181           	3.272689e-03	-1.603526e-20	-2.592105e-03	6.480263e-05	1.135241e-02	8.181723e-05	1.701147e-03	1.571542e-03	8.181723e-05	-8.181723e-05	1.005635e-02	-1.264846e-02
182           	3.272746e-03	-1.603555e-20	-2.592239e-03	6.480597e-05	1.135279e-02	8.181866e-05	1.701179e-03	1.571567e-03	8.181866e-05	-8.181866e-05	1.005667e-02	-1.264891e-02
183           	3.272796e-03	-1.603582e-20	-2.592323e-03	6.480806e-05	1.135307e-02	8.181991e-05	1.701206e-03	1.571590e-03	8.181991e-05	-8.181991e-05	1.005691e-02	-1.264923e-02
184           	3.272835e-03	-1.603601e-20	-2.592351e-03	6.480877e-05	1.135322e-02	8.182089e-05	1.701227e-03	1.571609e-03	8.182089e-05	-8.182089e-05	1.005705e-02	-1.264940e-02
185           	3.272851e-03	-1.603619e-20	-2.592308e-03	6.480770e-05	1.135318e-02	8.182127e-05	1.701233e-03	1.571618e-03	8.182127e-05	-8.182127e-05	1.005703e-02	-1.264934e-02
186           	3.272839e-03	-1.603628e-20	-2.592206e-03	6.480515e-05	1.135297e-02	8.182097e-05	1.701225e-03	1.571614e-03	8.182097e-05	-8.182097e-05	1.005687e-02	-1.264907e-02
187           	3.272799e-03	-1.603619e-20	-2.592069e-03	6.480173e-05	1.135262e-02	8.181997e-05	1.701201e-03	1.571598e-03	8.181997e-05	-8.181997e-05	1.005659e-02	-1.264866e-02
188           	3.272752e-03	-1.603594e-20	-2.591951e-03	6.479876e-05	1.135229e-02	8.181880e-05	1.701175e-03	1.571577e-03	8.181880e-05	-8.181880e-05	1.005632e-02	-1.264827e-02
189           	3.272708e-03	-1.603570e-20	-2.591868e-03	6.479670e-05	1.135203e-02	8.181771e-05	1.701151e-03	1.571557e-03	8.181771e-05	-8.181771e-05	1.005610e-02	-1.264797e-02
190           	3.272672e-03	-1.603551e-20	-2.591828e-03	6.479571e-05	1.135187e-02	8.181680e-05	1.701132e-03	1.571540e-03	8.181680e-05	-8.181680e-05	1.005595e-02	-1.264778e-02
191           	3.272652e-03	-1.603536e-20	-2.591845e-03	6.479612e-05	1.135185e-02	8.181630e-05	1.701122e-03	1.571530e-03	8.181630e-05	-8.181630e-05	1.005592e-02	-1.264777e-02
192           	3.272654e-03	-1.603526e-20	-2.591916e-03	6.479791e-05	1.135198e-02	8.181635e-05	1.701125e-03	1.571529e-03	8.181635e-05	-8.181635e-05	1.005602e-02	-1.264794e-02
193           	3.272683e-03	-1.603528e-20	-2.592028e-03	6.480071e-05	1.135226e-02	8.181709e-05	1.701142e-03	1.571541e-03	8.181709e-05	-8.181709e-05	1.005624e-02	-1.264827e-02
194           	3.272721e-03	-1.603546e-20	-2.592130e-03	6.480325e-05	1.135253e-02	8.181802e-05	1.701164e-03	1.571557e-03	8.181802e-05	-8.181802e-05	1.005647e-02	-1.264860e-02
195           	3.272757e-03	-1.603567e-20	-2.592205e-03	6.480512e-05	1.135276e-02	8.181893e-05	1.701184e-03	1.571573e-03	8.181893e-05	-8.181893e-05	1.005666e-02	-1.264886e-02
196           	3.272789e-03	-1.603581e-20	-2.592247e-03	6.480617e-05	1.135292e-02	8.181972e-05	1.701201e-03	1.571588e-03	8.181972e-05	-8.181972e-05	1.005679e-02	-1.264904e-02
197           	3.272809e-03	-1.603594e-20	-2.592245e-03	6.480613e-05	1.135297e-02	8.182024e-05	1.701211e-03	1.571599e-03	8.182024e-05	-8.182024e-05	1.005684e-02	-1.264909e-02
198           	3.272813e-03	-1.603605e-20	-2.592195e-03	6.480488e-05	1.135288e-02	8.182032e-05	1.701211e-03	1.571602e-03	8.182032e-05	-8.182032e-05	1.005679e-02	-1.264898e-02
199           	3.272790e-03	-1.603606e-20	-2.592102e-03	6.480255e-05	1.135266e-02	8.181975e-05	1.701198e-03	1.571593e-03	8.181975e-05	-8.181975e-05	1.005661e-02	-1.264871e-02
200           	3.272762e-03	-1.603593e-20	-2.592019e-03	6.480047e-05	1.135244e-02	8.181904e-05	1.701181e-03	1.571580e-03	8.181904e-05	-8.181904e-05	1.005643e-02	-1.264845e-02
201           	3.272731e-03	-1.603577e-20	-2.591951e-03	6.479877e-05	1.135224e-02	8.181827e-05	1.701164e-03	1.571567e-03	8.181827e-05	-8.181827e-05	1.005626e-02	-1.264821e-02
202           	3.272704e-03	-1.603562e-20	-2.591910e-03	6.479776e-05	1.135210e-02	8.181760e-05	1.701150e-03	1.571554e-03	8.181760e-05	-8.181760e-05	1.005614e-02	-1.264805e-02
203           	3.272685e-03	-1.603552e-20	-2.591903e-03	6.479758e-05	1.135204e-02	8.181712e-05	1.701140e-03	1.571545e-03	8.181712e-05	-8.181712e-05	1.005608e-02	-1.264799e-02
204           	3.272679e-03	-1.603543e-20	-2.591935e-03	6.479837e-05	1.135208e-02	8.181696e-05	1.701138e-03	1.571541e-03	8.181696e-05	-8.181696e-05	1.005611e-02	-1.264804e-02
205           	3.272693e-03	-1.603541e-20	-2.592006e-03	6.480014e-05	1.135224e-02	8.181732e-05	1.701147e-03	1.571546e-03	8.181732e-05	-8.181732e-05	1.005624e-02	-1.264824e-02
206           	3.272716e-03	-1.603550e-20	-2.592078e-03	6.480196e-05	1.135243e-02	8.181791e-05	1.701160e-03	1.571556e-03	8.181791e-05	-8.181791e-05	1.005639e-02	-1.264847e-02
207           	3.272742e-03	-1.603563e-20	-2.592139e-03	6.480347e-05	1.135260e-02	8.181855e-05	1.701174e-03	1.571568e-03	8.181855e-05	-8.181855e-05	1.005653e-02	-1.264867e-02
208           	3.272765e-03	-1.603575e-20	-2.592177e-03	6.480443e-05	1.135273e-02	8.181912e-05	1.701187e-03	1.571578e-03	8.181912e-05	-8.181912e-05	1.005664e-02	-1.264882e-02
209           	3.272782e-03	-1.603584e-20	-2.592191e-03	6.480477e-05	1.135280e-02	8.181956e-05	1.701196e-03	1.571586e-03	8.181956e-05	-8.181956e-05	1.005670e-02	-1.264889e-02
210           	3.272790e-03	-1.603592e-20	-2.592173e-03	6.480432e-05	1.135278e-02	8.181974e-05	1.701199e-03	1.571591e-03	8.181974e-05	-8.181974e-05	1.005670e-02	-1.264887e-02
211           	3.272785e-03	-1.603596e-20	-2.592127e-03	6.480319e-05	1.135269e-02	8.181962e-05	1.701196e-03	1.571589e-03	8.181962e-05	-8.181962e-05	1.005663e-02	-1.264875e-02
212           	3.272767e-03	-1.603592e-20	-2.592066e-03	6.480164e-05	1.135254e-02	8.181917e-05	1.701185e-03	1.571582e-03	8.181917e-05	-8.181917e-05	1.005650e-02	-1.264857e-02
213           	3.272746e-03	-1.603581e-20	-2.592012e-03	6.480030e-05	1.135239e-02	8.181864e-05	1.701173e-03	1.571573e-03	8.181864e-05	-8.181864e-05	1.005638e-02	-1.264839e-02
214           	3.272726e-03	-1.603570e-20	-2.591975e-03	6.479936e-05	1.135227e-02	8.181815e-05	1.701162e-03	1.571564e-03	8.181815e-05	-8.181815e-05	1.005628e-02	-1.264826e-02
215           	3.272710e-03	-1.603563e-20	-2.591956e-03	6.479890e-05	1.135219e-02	8.181774e-05	1.701154e-03	1.571556e-03	8.181774e-05	-8.181774e-05	1.005621e-02	-1.264817e-02
216           	3.272700e-03	-1.603556e-20	-2.591963e-03	6.479907e-05	1.135218e-02	8.181751e-05	1.701149e-03	1.571551e-03	8.181751e-05	-8.181751e-05	1.005620e-02	-1.264816e-02
217           	3.272701e-03	-1.603550e-20	-2.591995e-03	6.479988e-05	1.135224e-02	8.181753e-05	1.701151e-03	1.571551e-03	8.181753e-05	-8.181753e-05	1.005624e-02	-1.264824e-02
218           	3.272714e-03	-1.603551e-20	-2.592045e-03	6.480113e-05	1.135236e-02	8.181786e-05	1.701158e-03	1.571556e-03	8.181786e-05	-8.181786e-05	1.005634e-02	-1.264839e-02
219           	3.272731e-03	-1.603559e-20	-2.592091e-03	6.480227e-05	1.135249e-02	8.181827e-05	1.701168e-03	1.571563e-03	8.181827e-05	-8.181827e-05	1.005644e-02	-1.264853e-02
220           	3.272747e-03	-1.603568e-20	-2.592125e-03	6.480311e-05	1.135259e-02	8.181868e-05	1.701177e-03	1.571571e-03	8.181868e-05	-8.181868e-05	1.005653e-02	-1.264865e-02
221           	3.272761e-03	-1.603575e-20	-2.592144e-03	6.480359e-05	1.135266e-02	8.181904e-05	1.701184e-03	1.571577e-03	8.181904e-05	-8.181904e-05	1.005659e-02	-1.264873e-02
222           	3.272771e-03	-1.603581e-20	-2.592143e-03	6.480359e-05	1.135269e-02	8.181927e-05	1.701189e-03	1.571582e-03	8.181927e-05	-8.181927e-05	1.005661e-02	-1.264876e-02
223           	3.272772e-03	-1.603586e-20	-2.592122e-03	6.480304e-05	1.135265e-02	8.181931e-05	1.701189e-03	1.571583e-03	8.181931e-05	-8.181931e-05	1.005659e-02	-1.264871e-02
224           	3.272763e-03	-1.603587e-20	-2.592082e-03	6.480204e-05	1.135255e-02	8.181908e-05	1.701184e-03	1.571580e-03	8.181908e-05	-8.181908e-05	1.005651e-02	-1.264860e-02
225           	3.272750e-03	-1.603582e-20	-2.592044e-03	6.480110e-05	1.135245e-02	8.181876e-05	1.701176e-03	1.571574e-03	8.181876e-05	-8.181876e-05	1.005643e-02	-1.264848e-02
226           	3.272737e-03	-1.603574e-20	-2.592013e-03	6.480031e-05	1.135236e-02	8.181842e-05	1.701169e-03	1.571568e-03	8.181842e-05	-8.181842e-05	1.005636e-02	-1.264837e-02
227           	3.272725e-03	-1.603567e-20	-2.591994e-03	6.479984e-05	1.135230e-02	8.181811e-05	1.701162e-03	1.571562e-03	8.181811e-05	-8.181811e-05	1.005630e-02	-1.264830e-02
228           	3.272716e-03	-1.603562e-20	-2.591990e-03	6.479974e-05	1.135227e-02	8.181789e-05	1.701158e-03	1.571558e-03	8.181789e-05	-8.181789e-05	1.005627e-02	-1.264826e-02
229           	3.272712e-03	-1.603558e-20	-2.592003e-03	6.480006e-05	1.135228e-02	8.181780e-05	1.701156e-03	1.571556e-03	8.181780e-05	-8.181780e-05	1.005628e-02	-1.264828e-02
230           	3.272718e-03	-1.603557e-20	-2.592034e-03	6.480084e-05	1.135235e-02	8.181795e-05	1.701160e-03	1.571558e-03	8.181795e-05	-8.181795e-05	1.005634e-02	-1.264837e-02
231           	3.272729e-03	-1.603561e-20	-2.592067e-03	6.480167e-05	1.135244e-02	8.181822e-05	1.701166e-03	1.571563e-03	8.181822e-05	-8.181822e-05	1.005641e-02	-1.264847e-02
232           	3.272740e-03	-1.603567e-20	-2.592094e-03	6.480236e-05	1.135252e-02	8.181850e-05	1.701172e-03	1.571568e-03	8.181850e-05	-8.181850e-05	1.005647e-02	-1.264857e-02
233           	3.272750e-03	-1.603572e-20	-2.592112e-03	6.480280e-05	1.135258e-02	8.181876e-05	1.701178e-03	1.571572e-03	8.181876e-05	-8.181876e-05	1.005652e-02	-1.264863e-02
234           	3.272759e-03	-1.603576e-20	-2.592119e-03	6.480297e-05	1.135261e-02	8.181896e-05	1.701182e-03	1.571576e-03	8.181896e-05	-8.181896e-05	1.005655e-02	-1.264867e-02
235           	3.272762e-03	-1.603580e-20	-2.592111e-03	6.480278e-05	1.135260e-02	8.181905e-05	1.701184e-03	1.571578e-03	8.181905e-05	-8.181905e-05	1.005655e-02	-1.264866e-02
236           	3.272760e-03	-1.603582e-20	-2.592091e-03	6.480228e-05	1.135256e-02	8.181900e-05	1.701182e-03	1.571578e-03	8.181900e-05	-8.181900e-05	1.005652e-02	-1.264861e-02
237           	3.272752e-03	-1.603580e-20	-2.592063e-03	6.480159e-05	1.135249e-02	8.181881e-05	1.701178e-03	1.571575e-03	8.181881e-05	-8.181881e-05	1.005646e-02	-1.264853e-02
238           	3.272743e-03	-1.603575e-20	-2.592039e-03	6.480098e-05	1.135243e-02	8.181857e-05	1.701172e-03	1.571570e-03	8.181857e-05	-8.181857e-05	1.005641e-02	-1.264845e-02
239           	3.272734e-03	-1.603570e-20	-2.592022e-03	6.480055e-05	1.135237e-02	8.181835e-05	1.701168e-03	1.571566e-03	8.181835e-05	-8.181835e-05	1.005636e-02	-1.264838e-02
240           	3.272726e-03	-1.603567e-20	-2.592013e-03	6.480033e-05	1.135234e-02	8.181816e-05	1.701164e-03	1.571563e-03	8.181816e-05	-8.181816e-05	1.005633e-02	-1.264834e-02
241           	3.272722e-03	-1.603564e-20	-2.592016e-03	6.480039e-05	1.135233e-02	8.181805e-05	1.701161e-03	1.571561e-03	8.181805e-05	-8.181805e-05	1.005632e-02	-1.264834e-02
242           	3.272722e-03	-1.603561e-20	-2.592030e-03	6.480074e-05	1.135236e-02	8.181806e-05	1.701162e-03	1.571560e-03	8.181806e-05	-8.181806e-05	1.005634e-02	-1.264837e-02
243           	3.272728e-03	-1.603561e-20	-2.592052e-03	6.480131e-05	1.135241e-02	8.181820e-05	1.701165e-03	1.571563e-03	8.181820e-05	-8.181820e-05	1.005639e-02	-1.264844e-02
244           	3.272736e-03	-1.603565e-20	-2.592073e-03	6.480183e-05	1.135247e-02	8.181839e-05	1.701170e-03	1.571566e-03	8.181839e-05	-8.181839e-05	1.005643e-02	-1.264851e-02
245           	3.272743e-03	-1.603569e-20	-2.592089e-03	6.480221e-05	1.135252e-02	8.181857e-05	1.701174e-03	1.571569e-03	8.181857e-05	-8.181857e-05	1.005647e-02	-1.264856e-02
246           	3.272749e-03	-1.603572e-20	-2.592098e-03	6.480244e-05	1.135255e-02	8.181873e-05	1.701177e-03	1.571572e-03	8.181873e-05	-8.181873e-05	1.005650e-02	-1.264860e-02
247           	3.272754e-03	-1.603575e-20	-2.592098e-03	6.480244e-05	1.135256e-02	8.181884e-05	1.701179e-03	1.571574e-03	8.181884e-05	-8.181884e-05	1.005651e-02	-1.264861e-02
248           	3.272755e-03	-1.603577e-20	-2.592088e-03	6.480221e-05	1.135254e-02	8.181886e-05	1.701179e-03	1.571575e-03	8.181886e-05	-8.181886e-05	1.005650e-02	-1.264859e-02
249           	3.272750e-03	-1.603578e-20	-2.592070e-03	6.480176e-05	1.135250e-02	8.181876e-05	1.701177e-03	1.571573e-03	8.181876e-05	-8.181876e-05	1.005647e-02	-1.264854e-02
250           	3.272745e-03	-1.603575e-20	-2.592053e-03	6.480132e-05	1.135246e-02	8.181861e-05	1.701174e-03	1.571571e-03	8.181861e-05	-8.181861e-05	1.005643e-02	-1.264848e-02
251           	3.272738e-03	-1.603572e-20	-2.592039e-03	6.480097e-05	1.135241e-02	8.181846e-05	1.701170e-03	1.571568e-03	8.181846e-05	-8.181846e-05	1.005640e-02	-1.264843e-02
252           	3.272733e-03	-1.603569e-20	-2.592030e-03	6.480076e-05	1.135239e-02	8.181832e-05	1.701167e-03	1.571566e-03	8.181832e-05	-8.181832e-05	1.005637e-02	-1.264840e-02
253           	3.272729e-03	-1.603567e-20	-2.592028e-03	6.480070e-05	1.135237e-02	8.181822e-05	1.701165e-03	1.571564e-03	8.181822e-05	-8.181822e-05	1.005636e-02	-1.264839e-02
254           	3.272727e-03	-1.603565e-20	-2.592034e-03	6.480085e-05	1.135238e-02	8.181818e-05	1.701164e-03	1.571563e-03	8.181818e-05	-8.181818e-05	1.005636e-02	-1.264839e-02
255           	3.272730e-03	-1.603564e-20	-2.592048e-03	6.480120e-05	1.135241e-02	8.181825e-05	1.701166e-03	1.571564e-03	8.181825e-05	-8.181825e-05	1.005639e-02	-1.264843e-02
256           	3.272735e-03	-1.603566e-20	-2.592063e-03	6.480157e-05	1.135245e-02	8.181837e-05	1.701169e-03	1.571566e-03	8.181837e-05	-8.181837e-05	1.005642e-02	-1.264848e-02
257           	3.272740e-03	-1.603568e-20	-2.592075e-03	6.480188e-05	1.135248e-02	8.181850e-05	1.701172e-03	1.571568e-03	8.181850e-05	-8.181850e-05	1.005645e-02	-1.264852e-02
258           	3.272744e-03	-1.603571e-20	-2.592083e-03	6.480208e-05	1.135251e-02	8.181861e-05	1.701174e-03	1.571570e-03	8.181861e-05	-8.181861e-05	1.005647e-02	-1.264855e-02
259           	3.272748e-03	-1.603573e-20	-2.592086e-03	6.480216e-05	1.135253e-02	8.181870e-05	1.701176e-03	1.571572e-03	8.181870e-05	-8.181870e-05	1.005648e-02	-1.264857e-02
260           	3.272750e-03	-1.603574e-20	-2.592083e-03	6.480208e-05	1.135252e-02	8.181875e-05	1.701177e-03	1.571573e-03	8.181875e-05	-8.181875e-05	1.005648e-02	-1.264857e-02
261           	3.272749e-03	-1.603575e-20	-2.592074e-03	6.480186e-05	1.135251e-02	8.181872e-05	1.701176e-03	1.571573e-03	8.181872e-05	-8.181872e-05	1.005647e-02	-1.264854e-02
262           	3.272745e-03	-1.603575e-20	-2.592062e-03	6.480154e-05	1.135247e-02	8.181864e-05	1.701174e-03	1.571571e-03	8.181864e-05	-8.181864e-05	1.005644e-02	-1.264850e-02
263           	3.272741e-03	-1.603572e-20	-2.592051e-03	6.480127e-05	1.135244e-02	8.181853e-05	1.701172e-03	1.571569e-03	8.181853e-05	-8.181853e-05	1.005642e-02	-1.264847e-02
264           	3.272737e-03	-1.603570e-20	-2.592043e-03	6.480107e-05	1.135242e-02	8.181843e-05	1.701170e-03	1.571568e-03	8.181843e-05	-8.181843e-05	1.005640e-02	-1.264844e-02
265           	3.272734e-03	-1.603569e-20	-2.592039e-03	6.480097e-05	1.135240e-02	8.181834e-05	1.701168e-03	1.571566e-03	8.181834e-05	-8.181834e-05	1.005638e-02	-1.264842e-02
266           	3.272732e-03	-1.603567e-20	-2.592040e-03	6.480100e-05	1.135240e-02	8.181829e-05	1.701167e-03	1.571565e-03	8.181829e-05	-8.181829e-05	1.005638e-02	-1.264842e-02
267           	3.272732e-03	-1.603566e-20	-2.592046e-03	6.480115e-05	1.135241e-02	8.181829e-05	1.701167e-03	1.571565e-03	8.181829e-05	-8.181829e-05	1.005639e-02	-1.264843e-02
268           	3.272734e-03	-1.603566e-20	-2.592056e-03	6.480141e-05	1.135244e-02	8.181836e-05	1.701169e-03	1.571566e-03	8.181836e-05	-8.181836e-05	1.005641e-02	-1.264846e-02
269           	3.272738e-03	-1.603568e-20	-2.592066e-03	6.480164e-05	1.135246e-02	8.181844e-05	1.701171e-03	1.571567e-03	8.181844e-05	-8.181844e-05	1.005643e-02	-1.264849e-02
270           	3.272741e-03	-1.603570e-20	-2.592073e-03	6.480182e-05	1.135248e-02	8.181853e-05	1.701172e-03	1.571569e-03	8.181853e-05	-8.181853e-05	1.005645e-02	-1.264852e-02
271           	3.272744e-03	-1.603571e-20	-2.592077e-03	6.480192e-05	1.135250e-02	8.181860e-05	1.701174e-03	1.571570e-03	8.181860e-05	-8.181860e-05	1.005646e-02	-1.264854e-02
272           	3.272746e-03	-1.603572e-20	-2.592077e-03	6.480193e-05	1.135250e-02	8.181865e-05	1.701175e-03	1.571571e-03	8.181865e-05	-8.181865e-05	1.005646e-02	-1.264854e-02
273           	3.272746e-03	-1.603573e-20	-2.592073e-03	6.480182e-05	1.135250e-02	8.181866e-05	1.701175e-03	1.571571e-03	8.181866e-05	-8.181866e-05	1.005646e-02	-1.264853e-02
274           	3.272745e-03	-1.603574e-20	-2.592065e-03	6.480162e-05	1.135248e-02	8.181862e-05	1.701174e-03	1.571571e-03	8.181862e-05	-8.181862e-05	1.005644e-02	-1.264851e-02
275           	3.272742e-03	-1.603572e-20	-2.592057e-03	6.480142e-05	1.135246e-02	8.181855e-05	1.701172e-03	1.571570e-03	8.181855e-05	-8.181855e-05	1.005643e-02	-1.264849e-02
276           	3.272739e-03	-1.603571e-20	-2.592051e-03	6.480126e-05	1.135244e-02	8.181848e-05	1.701171e-03	1.571568e-03	8.181848e-05	-8.181848e-05	1.005641e-02	-1.264846e-02
277           	3.272737e-03	-1.603570e-20	-2.592047e-03	6.480117e-05	1.135242e-02	8.181842e-05	1.701170e-03	1.571567e-03	8.181842e-05	-8.181842e-05	1.005640e-02	-1.264845e-02
278           	3.272735e-03	-1.603569e-20	-2.592046e-03	6.480114e-05	1.135242e-02	8.181837e-05	1.701169e-03	1.571566e-03	8.181837e-05	-8.181837e-05	1.005640e-02	-1.264844e-02
279           	3.272734e-03	-1.603568e-20	-2.592048e-03	6.480120e-05	1.135242e-02	8.181835e-05	1.701168e-03	1.571566e-03	8.181835e-05	-8.181835e-05	1.005640e-02	-1.264844e-02
280           	3.272735e-03	-1.603568e-20	-2.592054e-03	6.480136e-05	1.135244e-02	8.181838e-05	1.701169e-03	1.571566e-03	8.181838e-05	-8.181838e-05	1.005641e-02	-1.264846e-02
281           	3.272737e-03	-1.603568e-20	-2.592061e-03	6.480153e-05	1.135245e-02	8.181844e-05	1.701170e-03	1.571567e-03	8.181844e-05	-8.181844e-05	1.005642e-02	-1.264848e-02
282           	3.272740e-03	-1.603569e-20	-2.592067e-03	6.480167e-05	1.135247e-02	8.181849e-05	1.701172e-03	1.571568e-03	8.181849e-05	-8.181849e-05	1.005644e-02	-1.264850e-02
283           	3.272742e-03	-1.603571e-20	-2.592071e-03	6.480176e-05	1.135248e-02	8.181855e-05	1.701173e-03	1.571569e-03	8.181855e-05	-8.181855e-05	1.005645e-02	-1.264852e-02
284           	3.272744e-03	-1.603571e-20	-2.592072e-03	6.480180e-05	1.135249e-02	8.181859e-05	1.701174e-03	1.571570e-03	8.181859e-05	-8.181859e-05	1.005645e-02	-1.264852e-02
285           	3.272744e-03	-1.603572e-20	-2.592071e-03	6.480176e-05	1.135249e-02	8.181861e-05	1.701174e-03	1.571570e-03	8.181861e-05	-8.181861e-05	1.005645e-02	-1.264852e-02
286           	3.272744e-03	-1.603573e-20	-2.592067e-03	6.480166e-05	1.135248e-02	8.181860e-05	1.701174e-03	1.571570e-03	8.181860e-05	-8.181860e-05	1.005645e-02	-1.264851e-02
287           	3.272742e-03	-1.603572e-20	-2.592061e-03	6.480152e-05	1.135246e-02	8.181856e-05	1.701173e-03	1.571570e-03	8.181856e-05	-8.181856e-05	1.005643e-02	-1.264849e-02
288           	3.272740e-03	-1.603571e-20	-2.592056e-03	6.480140e-05	1.135245e-02	8.181851e-05	1.701172e-03	1.571569e-03	8.181851e-05	-8.181851e-05	1.005642e-02	-1.264848e-02
289           	3.272739e-03	-1.603570e-20	-2.592052e-03	6.480131e-05	1.135244e-02	8.181847e-05	1.701171e-03	1.571568e-03	8.181847e-05	-8.181847e-05	1.005641e-02	-1.264847e-02
290           	3.272737e-03	-1.603570e-20	-2.592050e-03	6.480126e-05	1.135243e-02	8.181843e-05	1.701170e-03	1.571567e-03	8.181843e-05	-8.181843e-05	1.005641e-02	-1.264846e-02
291           	3.272736e-03	-1.603569e-20	-2.592051e-03	6.480127e-05	1.135243e-02	8.181840e-05	1.701169e-03	1.571567e-03	8.181840e-05	-8.181840e-05	1.005641e-02	-1.264846e-02
292           	3.272736e-03	-1.603568e-20	-2.592054e-03	6.480134e-05	1.135244e-02	8.181840e-05	1.701169e-03	1.571567e-03	8.181840e-05	-8.181840e-05	1.005641e-02	-1.264846e-02
293           	3.272737e-03	-1.603568e-20	-2.592058e-03	6.480146e-05	1.135245e-02	8.181843e-05	1.701170e-03	1.571567e-03	8.181843e-05	-8.181843e-05	1.005642e-02	-1.264848e-02
294           	3.272739e-03	-1.603569e-20	-2.592063e-03	6.480157e-05	1.135246e-02	8.181847e-05	1.701171e-03	1.571568e-03	8.181847e-05	-8.181847e-05	1.005643e-02	-1.264849e-02
295           	3.272740e-03	-1.603570e-20	-2.592066e-03	6.480165e-05	1.135247e-02	8.181851e-05	1.701172e-03	1.571569e-03	8.181851e-05	-8.181851e-05	1.005644e-02	-1.264850e-02
296           	3.272742e-03	-1.603571e-20	-2.592068e-03	6.480169e-05	1.135247e-02	8.181854e-05	1.701173e-03	1.571569e-03	8.181854e-05	-8.181854e-05	1.005644e-02	-1.264851e-02
297           	3.272743e-03	-1.603571e-20	-2.592068e-03	6.480169e-05	1.135248e-02	8.181856e-05	1.701173e-03	1.571570e-03	8.181856e-05	-8.181856e-05	1.005644e-02	-1.264851e-02
298           	3.272743e-03	-1.603572e-20	-2.592066e-03	6.480165e-05	1.135247e-02	8.181857e-05	1.701173e-03	1.571570e-03	8.181857e-05	-8.181857e-05	1.005644e-02	-1.264851e-02
299           	3.272742e-03	-1.603572e-20	-2.592062e-03	6.480156e-05	1.135247e-02	8.181855e-05	1.701173e-03	1.571569e-03	8.181855e-05	-8.181855e-05	1.005643e-02	-1.264850e-02
300           	3.272741e-03	-1.603571e-20	-2.592059e-03	6.480147e-05	1.135246e-02	8.181852e-05	1.701172e-03	1.571569e-03	8.181852e-05	-8.181852e-05	1.005643e-02	-1.264849e-02
301           	3.272740e-03	-1.603571e-20	-2.592056e-03	6.480139e-05	1.135245e-02	8.181849e-05	1.701171e-03	1.571568e-03	8.181849e-05	-8.181849e-05	1.005642e-02	-1.264848e-02
302           	3.272738e-03	-1.603570e-20	-2.592054e-03	6.480135e-05	1.135244e-02	8.181846e-05	1.701171e-03	1.571568e-03	8.181846e-05	-8.181846e-05	1.005641e-02	-1.264847e-02
303           	3.272738e-03	-1.603570e-20	-2.592054e-03	6.480134e-05	1.135244e-02	8.181844e-05	1.701170e-03	1.571567e-03	8.181844e-05	-8.181844e-05	1.005641e-02	-1.264847e-02
304           	3.272737e-03	-1.603569e-20	-2.592055e-03	6.480137e-05	1.135244e-02	8.181843e-05	1.701170e-03	1.571567e-03	8.181843e-05	-8.181843e-05	1.005641e-02	-1.264847e-02
305           	3.272738e-03	-1.603569e-20	-2.592057e-03	6.480143e-05	1.135245e-02	8.181844e-05	1.701170e-03	1.571567e-03	8.181844e-05	-8.181844e-05	1.005642e-02	-1.264847e-02
306           	3.272739e-03	-1.603569e-20	-2.592060e-03	6.480150e-05	1.135245e-02	8.181846e-05	1.701171e-03	1.571568e-03	8.181846e-05	-8.181846e-05	1.005642e-02	-1.264848e-02
307           	3.272740e-03	-1.603570e-20	-2.592063e-03	6.480157e-05	1.135246e-02	8.181849e-05	1.701171e-03	1.571568e-03	8.181849e-05	-8.181849e-05	1.005643e-02	-1.264849e-02
308           	3.272741e-03	-1.603570e-20	-2.592065e-03	6.480161e-05	1.135247e-02	8.181851e-05	1.701172e-03	1.571569e-03	8.181851e-05	-8.181851e-05	1.005643e-02	-1.264850e-02
309           	3.272741e-03	-1.603571e-20	-2.592065e-03	6.480163e-05	1.135247e-02	8.181853e-05	1.701172e-03	1.571569e-03	8.181853e-05	-8.181853e-05	1.005644e-02	-1.264850e-02
310           	3.272742e-03	-1.603571e-20	-2.592065e-03	6.480162e-05	1.135247e-02	8.181854e-05	1.701173e-03	1.571569e-03	8.181854e-05	-8.181854e-05	1.005644e-02	-1.264850e-02
311           	3.272742e-03	-1.603571e-20	-2.592063e-03	6.480158e-05	1.135247e-02	8.181854e-05	1.701172e-03	1.571569e-03	8.181854e-05	-8.181854e-05	1.005644e-02	-1.264850e-02
312           	3.272741e-03	-1.603571e-20	-2.592061e-03	6.480151e-05	1.135246e-02	8.181852e-05	1.701172e-03	1.571569e-03	8.181852e-05	-8.181852e-05	1.005643e-02	-1.264849e-02
313           	3.272740e-03	-1.603571e-20	-2.592058e-03	6.480146e-05	1.135245e-02	8.181850e-05	1.701172e-03	1.571569e-03	8.181850e-05	-8.181850e-05	1.005643e-02	-1.264848e-02
314           	3.272739e-03	-1.603570e-20	-2.592057e-03	6.480142e-05	1.135245e-02	8.181848e-05	1.701171e-03	1.571568e-03	8.181848e-05	-8.181848e-05	1.005642e-02	-1.264848e-02
315           	3.272739e-03	-1.603570e-20	-2.592056e-03	6.480139e-05	1.135245e-02	8.181847e-05	1.701171e-03	1.571568e-03	8.181847e-05	-8.181847e-05	1.005642e-02	-1.264847e-02
316           	3.272738e-03	-1.603570e-20	-2.592056e-03	6.480140e-05	1.135244e-02	8.181845e-05	1.701170e-03	1.571568e-03	8.181845e-05	-8.181845e-05	1.005642e-02	-1.264847e-02
317           	3.272738e-03	-1.603569e-20	-2.592057e-03	6.480143e-05	1.135245e-02	8.181845e-05	1.701170e-03	1.571568e-03	8.181845e-05	-8.181845e-05	1.005642e-02	-1.264848e-02
