# Force coefficients
# dragDir     : (1.000000e+00 0.000000e+00 0.000000e+00)
# sideDir     : (0.000000e+00 0.000000e+00 -1.000000e+00)
# liftDir     : (0.000000e+00 1.000000e+00 0.000000e+00)
# rollAxis    : (1.000000e+00 0.000000e+00 0.000000e+00)
# pitchAxis   : (0.000000e+00 0.000000e+00 -1.000000e+00)
# yawAxis     : (0.000000e+00 1.000000e+00 0.000000e+00)
# magUInf     : 6.000000e-02
# lRef        : 1.000000e-01
# Aref        : 1.000000e-01
# CofR        : (0.000000e+00 0.000000e+00 0.000000e+00)
#
# Time        	Cd            	Cs            	Cl            	CmRoll        	CmPitch       	CmYaw         	Cd(f)         	Cd(r)         	Cs(f)         	Cs(r)         	Cl(f)         	Cl(r)         
1             	3.755417e-04	0.000000e+00	-4.535335e-04	1.133834e-05	1.647515e-03	9.388542e-06	1.991092e-04	1.764325e-04	9.388542e-06	-9.388542e-06	1.420748e-03	-1.874281e-03
2             	1.816998e-03	0.000000e+00	-1.792182e-03	4.480456e-05	7.124349e-03	4.542494e-05	9.533034e-04	8.636943e-04	4.542494e-05	-4.542494e-05	6.228258e-03	-8.020440e-03
3             	1.829869e-03	0.000000e+00	-9.088256e-04	2.272064e-05	5.388075e-03	4.574674e-05	9.376554e-04	8.922141e-04	4.574674e-05	-4.574674e-05	4.933662e-03	-5.842488e-03
4             	1.553797e-03	0.000000e+00	-5.996835e-05	1.499209e-06	3.153818e-03	3.884491e-05	7.783975e-04	7.753991e-04	3.884491e-05	-3.884491e-05	3.123834e-03	-3.183802e-03
5             	1.633334e-03	0.000000e+00	-1.447691e-04	3.619227e-06	3.488154e-03	4.083334e-05	8.202861e-04	8.130476e-04	4.083334e-05	-4.083334e-05	3.415769e-03	-3.560538e-03
6             	1.772799e-03	0.000000e+00	-3.971567e-04	9.928918e-06	4.279751e-03	4.431996e-05	8.963282e-04	8.764703e-04	4.431996e-05	-4.431996e-05	4.081173e-03	-4.478329e-03
7             	1.851809e-03	0.000000e+00	-4.062708e-04	1.015677e-05	4.480239e-03	4.629523e-05	9.360613e-04	9.157478e-04	4.629523e-05	-4.629523e-05	4.277104e-03	-4.683375e-03
8             	1.878067e-03	0.000000e+00	-3.148921e-04	7.872302e-06	4.374861e-03	4.695168e-05	9.469058e-04	9.311612e-04	4.695168e-05	-4.695168e-05	4.217415e-03	-4.532307e-03
9             	1.843631e-03	0.000000e+00	-1.629862e-04	4.074655e-06	4.025103e-03	4.609078e-05	9.258902e-04	9.177409e-04	4.609078e-05	-4.609078e-05	3.943610e-03	-4.106596e-03
10            	1.788289e-03	0.000000e+00	-5.652415e-05	1.413104e-06	3.720565e-03	4.470722e-05	8.955575e-04	8.927313e-04	4.470722e-05	-4.470722e-05	3.692303e-03	-3.748828e-03
11            	1.743007e-03	0.000000e+00	-2.346466e-06	5.866164e-08	3.535113e-03	4.357517e-05	8.715620e-04	8.714447e-04	4.357517e-05	-4.357517e-05	3.533939e-03	-3.536286e-03
12            	1.704621e-03	0.000000e+00	2.762516e-05	-6.906291e-07	3.406904e-03	4.261551e-05	8.516196e-04	8.530009e-04	4.261551e-05	-4.261551e-05	3.420717e-03	-3.393092e-03
13            	1.679219e-03	0.000000e+00	4.291143e-05	-1.072786e-06	3.330436e-03	4.198049e-05	8.385369e-04	8.406825e-04	4.198049e-05	-4.198049e-05	3.351892e-03	-3.308981e-03
14            	1.659948e-03	0.000000e+00	6.001518e-05	-1.500380e-06	3.260138e-03	4.149869e-05	8.284734e-04	8.314742e-04	4.149869e-05	-4.149869e-05	3.290146e-03	-3.230130e-03
15            	1.647505e-03	0.000000e+00	7.892697e-05	-1.973174e-06	3.199768e-03	4.118764e-05	8.217796e-04	8.257259e-04	4.118764e-05	-4.118764e-05	3.239231e-03	-3.160304e-03
16            	1.637563e-03	0.000000e+00	1.108995e-04	-2.772487e-06	3.118878e-03	4.093908e-05	8.160092e-04	8.215541e-04	4.093908e-05	-4.093908e-05	3.174328e-03	-3.063428e-03
17            	1.627761e-03	0.000000e+00	1.537351e-04	-3.843377e-06	3.017349e-03	4.069403e-05	8.100372e-04	8.177239e-04	4.069403e-05	-4.069403e-05	3.094217e-03	-2.940482e-03
18            	1.615222e-03	0.000000e+00	2.077517e-04	-5.193792e-06	2.888741e-03	4.038055e-05	8.024172e-04	8.128048e-04	4.038055e-05	-4.038055e-05	2.992617e-03	-2.784865e-03
19            	1.599139e-03	0.000000e+00	2.650406e-04	-6.626014e-06	2.746595e-03	3.997848e-05	7.929435e-04	8.061956e-04	3.997848e-05	-3.997848e-05	2.879116e-03	-2.614075e-03
20            	1.581024e-03	0.000000e+00	3.210261e-04	-8.025652e-06	2.602875e-03	3.952560e-05	7.824864e-04	7.985377e-04	3.952560e-05	-3.952560e-05	2.763388e-03	-2.442362e-03
21            	1.563139e-03	0.000000e+00	3.716298e-04	-9.290744e-06	2.470051e-03	3.907846e-05	7.722785e-04	7.908600e-04	3.907846e-05	-3.907846e-05	2.655866e-03	-2.284236e-03
22            	1.547800e-03	0.000000e+00	4.156951e-04	-1.039238e-05	2.354966e-03	3.869500e-05	7.635076e-04	7.842923e-04	3.869500e-05	-3.869500e-05	2.562814e-03	-2.147119e-03
23            	1.536272e-03	0.000000e+00	4.534440e-04	-1.133610e-05	2.259625e-03	3.840681e-05	7.568001e-04	7.794723e-04	3.840681e-05	-3.840681e-05	2.486347e-03	-2.032903e-03
24            	1.528564e-03	0.000000e+00	4.861096e-04	-1.215274e-05	2.181699e-03	3.821410e-05	7.521293e-04	7.764348e-04	3.821410e-05	-3.821410e-05	2.424754e-03	-1.938645e-03
25            	1.525236e-03	0.000000e+00	5.146282e-04	-1.286570e-05	2.120387e-03	3.813090e-05	7.497523e-04	7.754837e-04	3.813090e-05	-3.813090e-05	2.377701e-03	-1.863073e-03
26            	1.524740e-03	0.000000e+00	5.390431e-04	-1.347608e-05	2.072850e-03	3.811851e-05	7.488941e-04	7.758463e-04	3.811851e-05	-3.811851e-05	2.342371e-03	-1.803328e-03
27            	1.521601e-03	0.000000e+00	5.693841e-04	-1.423460e-05	2.007940e-03	3.804002e-05	7.465658e-04	7.750350e-04	3.804002e-05	-3.804002e-05	2.292632e-03	-1.723248e-03
28            	1.520316e-03	0.000000e+00	5.863080e-04	-1.465770e-05	1.973020e-03	3.800790e-05	7.455003e-04	7.748157e-04	3.800790e-05	-3.800790e-05	2.266174e-03	-1.679866e-03
29            	1.517428e-03	0.000000e+00	6.086811e-04	-1.521703e-05	1.923769e-03	3.793571e-05	7.434972e-04	7.739312e-04	3.793571e-05	-3.793571e-05	2.228109e-03	-1.619428e-03
30            	1.513841e-03	0.000000e+00	6.217717e-04	-1.554429e-05	1.890950e-03	3.784603e-05	7.413763e-04	7.724649e-04	3.784603e-05	-3.784603e-05	2.201836e-03	-1.580064e-03
31            	1.511984e-03	0.000000e+00	6.312737e-04	-1.578184e-05	1.868543e-03	3.779959e-05	7.402099e-04	7.717736e-04	3.779959e-05	-3.779959e-05	2.184180e-03	-1.552907e-03
32            	1.510309e-03	0.000000e+00	6.379577e-04	-1.594894e-05	1.851744e-03	3.775771e-05	7.392053e-04	7.711032e-04	3.775771e-05	-3.775771e-05	2.170723e-03	-1.532765e-03
33            	1.509410e-03	0.000000e+00	6.419841e-04	-1.604960e-05	1.841642e-03	3.773525e-05	7.386553e-04	7.707545e-04	3.773525e-05	-3.773525e-05	2.162634e-03	-1.520650e-03
34            	1.509212e-03	0.000000e+00	6.444904e-04	-1.611226e-05	1.835912e-03	3.773029e-05	7.384936e-04	7.707181e-04	3.773029e-05	-3.773029e-05	2.158157e-03	-1.513667e-03
35            	1.509747e-03	0.000000e+00	6.457244e-04	-1.614311e-05	1.834151e-03	3.774368e-05	7.387306e-04	7.710168e-04	3.774368e-05	-3.774368e-05	2.157013e-03	-1.511288e-03
36            	1.510492e-03	0.000000e+00	6.467349e-04	-1.616837e-05	1.833237e-03	3.776229e-05	7.390774e-04	7.714141e-04	3.776229e-05	-3.776229e-05	2.156605e-03	-1.509870e-03
37            	1.511368e-03	0.000000e+00	6.472749e-04	-1.618187e-05	1.833473e-03	3.778419e-05	7.395019e-04	7.718656e-04	3.778419e-05	-3.778419e-05	2.157110e-03	-1.509835e-03
38            	1.512265e-03	0.000000e+00	6.473154e-04	-1.618289e-05	1.834670e-03	3.780662e-05	7.399495e-04	7.723153e-04	3.780662e-05	-3.780662e-05	2.158328e-03	-1.511012e-03
39            	1.513039e-03	0.000000e+00	6.466937e-04	-1.616734e-05	1.836857e-03	3.782597e-05	7.403520e-04	7.726867e-04	3.782597e-05	-3.782597e-05	2.160204e-03	-1.513511e-03
40            	1.513346e-03	0.000000e+00	6.453688e-04	-1.613422e-05	1.839438e-03	3.783365e-05	7.405389e-04	7.728073e-04	3.783365e-05	-3.783365e-05	2.162123e-03	-1.516754e-03
41            	1.513558e-03	0.000000e+00	6.431182e-04	-1.607796e-05	1.843633e-03	3.783894e-05	7.407009e-04	7.728568e-04	3.783894e-05	-3.783894e-05	2.165192e-03	-1.522074e-03
42            	1.513732e-03	0.000000e+00	6.402175e-04	-1.600544e-05	1.849032e-03	3.784329e-05	7.408603e-04	7.728712e-04	3.784329e-05	-3.784329e-05	2.169141e-03	-1.528923e-03
43            	1.513993e-03	0.000000e+00	6.366553e-04	-1.591638e-05	1.855946e-03	3.784982e-05	7.410800e-04	7.729128e-04	3.784982e-05	-3.784982e-05	2.174274e-03	-1.537618e-03
44            	1.514451e-03	0.000000e+00	6.329171e-04	-1.582293e-05	1.863655e-03	3.786129e-05	7.414028e-04	7.730486e-04	3.786129e-05	-3.786129e-05	2.180114e-03	-1.547196e-03
45            	1.515045e-03	0.000000e+00	6.292805e-04	-1.573201e-05	1.871465e-03	3.787612e-05	7.417903e-04	7.732543e-04	3.787612e-05	-3.787612e-05	2.186105e-03	-1.556824e-03
46            	1.515665e-03	0.000000e+00	6.260586e-04	-1.565147e-05	1.878557e-03	3.789163e-05	7.421811e-04	7.734841e-04	3.789163e-05	-3.789163e-05	2.191587e-03	-1.565528e-03
47            	1.516220e-03	0.000000e+00	6.232679e-04	-1.558170e-05	1.884699e-03	3.790550e-05	7.425283e-04	7.736917e-04	3.790550e-05	-3.790550e-05	2.196333e-03	-1.573065e-03
48            	1.516683e-03	0.000000e+00	6.207472e-04	-1.551868e-05	1.890157e-03	3.791707e-05	7.428228e-04	7.738601e-04	3.791707e-05	-3.791707e-05	2.200530e-03	-1.579783e-03
49            	1.517012e-03	0.000000e+00	6.184034e-04	-1.546008e-05	1.895022e-03	3.792529e-05	7.430458e-04	7.739660e-04	3.792529e-05	-3.792529e-05	2.204224e-03	-1.585820e-03
50            	1.517219e-03	0.000000e+00	6.160625e-04	-1.540156e-05	1.899655e-03	3.793048e-05	7.432080e-04	7.740112e-04	3.793048e-05	-3.793048e-05	2.207686e-03	-1.591624e-03
51            	1.517364e-03	0.000000e+00	6.135737e-04	-1.533934e-05	1.904473e-03	3.793410e-05	7.433427e-04	7.740214e-04	3.793410e-05	-3.793410e-05	2.211260e-03	-1.597686e-03
52            	1.517490e-03	0.000000e+00	6.109532e-04	-1.527383e-05	1.909537e-03	3.793725e-05	7.434711e-04	7.740188e-04	3.793725e-05	-3.793725e-05	2.215013e-03	-1.604060e-03
53            	1.517634e-03	0.000000e+00	6.082879e-04	-1.520720e-05	1.914754e-03	3.794084e-05	7.436096e-04	7.740240e-04	3.794084e-05	-3.794084e-05	2.218898e-03	-1.610610e-03
54            	1.517805e-03	0.000000e+00	6.057193e-04	-1.514298e-05	1.919870e-03	3.794512e-05	7.437594e-04	7.740454e-04	3.794512e-05	-3.794512e-05	2.222730e-03	-1.617011e-03
55            	1.517983e-03	0.000000e+00	6.033647e-04	-1.508412e-05	1.924611e-03	3.794957e-05	7.439073e-04	7.740756e-04	3.794957e-05	-3.794957e-05	2.226294e-03	-1.622929e-03
56            	1.518193e-03	0.000000e+00	6.012547e-04	-1.503137e-05	1.928962e-03	3.795482e-05	7.440651e-04	7.741278e-04	3.795482e-05	-3.795482e-05	2.229589e-03	-1.628335e-03
57            	1.518355e-03	0.000000e+00	5.994167e-04	-1.498542e-05	1.932698e-03	3.795887e-05	7.441920e-04	7.741628e-04	3.795887e-05	-3.795887e-05	2.232406e-03	-1.632990e-03
58            	1.518439e-03	0.000000e+00	5.977760e-04	-1.494440e-05	1.935903e-03	3.796098e-05	7.442752e-04	7.741640e-04	3.796098e-05	-3.796098e-05	2.234791e-03	-1.637015e-03
59            	1.518446e-03	0.000000e+00	5.962163e-04	-1.490541e-05	1.938805e-03	3.796116e-05	7.443178e-04	7.741287e-04	3.796116e-05	-3.796116e-05	2.236913e-03	-1.640696e-03
60            	1.518384e-03	0.000000e+00	5.946448e-04	-1.486612e-05	1.941599e-03	3.795959e-05	7.443257e-04	7.740580e-04	3.795959e-05	-3.795959e-05	2.238922e-03	-1.644277e-03
61            	1.518330e-03	0.000000e+00	5.929993e-04	-1.482498e-05	1.944571e-03	3.795824e-05	7.443398e-04	7.739898e-04	3.795824e-05	-3.795824e-05	2.241070e-03	-1.648071e-03
62            	1.518317e-03	0.000000e+00	5.913265e-04	-1.478316e-05	1.947693e-03	3.795793e-05	7.443754e-04	7.739418e-04	3.795793e-05	-3.795793e-05	2.243356e-03	-1.652029e-03
63            	1.518347e-03	0.000000e+00	5.897117e-04	-1.474279e-05	1.950800e-03	3.795867e-05	7.444307e-04	7.739163e-04	3.795867e-05	-3.795867e-05	2.245656e-03	-1.655945e-03
64            	1.518434e-03	0.000000e+00	5.882003e-04	-1.470501e-05	1.953836e-03	3.796085e-05	7.445120e-04	7.739220e-04	3.796085e-05	-3.796085e-05	2.247936e-03	-1.659735e-03
65            	1.518554e-03	0.000000e+00	5.868515e-04	-1.467129e-05	1.956631e-03	3.796385e-05	7.446057e-04	7.739483e-04	3.796385e-05	-3.796385e-05	2.250057e-03	-1.663205e-03
66            	1.518646e-03	0.000000e+00	5.857311e-04	-1.464328e-05	1.958930e-03	3.796614e-05	7.446796e-04	7.739661e-04	3.796614e-05	-3.796614e-05	2.251796e-03	-1.666065e-03
67            	1.518698e-03	0.000000e+00	5.847628e-04	-1.461907e-05	1.960860e-03	3.796745e-05	7.447298e-04	7.739680e-04	3.796745e-05	-3.796745e-05	2.253242e-03	-1.668479e-03
68            	1.518721e-03	0.000000e+00	5.838671e-04	-1.459668e-05	1.962598e-03	3.796803e-05	7.447639e-04	7.739573e-04	3.796803e-05	-3.796803e-05	2.254532e-03	-1.670665e-03
69            	1.518730e-03	0.000000e+00	5.829930e-04	-1.457482e-05	1.964269e-03	3.796826e-05	7.447904e-04	7.739401e-04	3.796826e-05	-3.796826e-05	2.255766e-03	-1.672773e-03
70            	1.518736e-03	0.000000e+00	5.821279e-04	-1.455320e-05	1.965921e-03	3.796841e-05	7.448150e-04	7.739214e-04	3.796841e-05	-3.796841e-05	2.256985e-03	-1.674857e-03
71            	1.518752e-03	0.000000e+00	5.812596e-04	-1.453149e-05	1.967607e-03	3.796881e-05	7.448446e-04	7.739076e-04	3.796881e-05	-3.796881e-05	2.258237e-03	-1.676977e-03
72            	1.518794e-03	0.000000e+00	5.804137e-04	-1.451034e-05	1.969309e-03	3.796986e-05	7.448869e-04	7.739076e-04	3.796986e-05	-3.796986e-05	2.259516e-03	-1.679102e-03
73            	1.518851e-03	0.000000e+00	5.796436e-04	-1.449109e-05	1.970899e-03	3.797128e-05	7.449345e-04	7.739167e-04	3.797128e-05	-3.797128e-05	2.260721e-03	-1.681077e-03
74            	1.518916e-03	0.000000e+00	5.789330e-04	-1.447332e-05	1.972396e-03	3.797291e-05	7.449848e-04	7.739314e-04	3.797291e-05	-3.797291e-05	2.261862e-03	-1.682929e-03
75            	1.518986e-03	0.000000e+00	5.783168e-04	-1.445792e-05	1.973722e-03	3.797464e-05	7.450350e-04	7.739508e-04	3.797464e-05	-3.797464e-05	2.262880e-03	-1.684563e-03
76            	1.519039e-03	0.000000e+00	5.777982e-04	-1.444495e-05	1.974826e-03	3.797597e-05	7.450745e-04	7.739644e-04	3.797597e-05	-3.797597e-05	2.263725e-03	-1.685927e-03
77            	1.519073e-03	0.000000e+00	5.773365e-04	-1.443341e-05	1.975784e-03	3.797684e-05	7.451033e-04	7.739701e-04	3.797684e-05	-3.797684e-05	2.264452e-03	-1.687115e-03
78            	1.519095e-03	0.000000e+00	5.769050e-04	-1.442262e-05	1.976658e-03	3.797738e-05	7.451250e-04	7.739702e-04	3.797738e-05	-3.797738e-05	2.265111e-03	-1.688206e-03
79            	1.519112e-03	0.000000e+00	5.764832e-04	-1.441208e-05	1.977505e-03	3.797779e-05	7.451438e-04	7.739679e-04	3.797779e-05	-3.797779e-05	2.265747e-03	-1.689264e-03
80            	1.519132e-03	0.000000e+00	5.760626e-04	-1.440157e-05	1.978359e-03	3.797829e-05	7.451642e-04	7.739674e-04	3.797829e-05	-3.797829e-05	2.266390e-03	-1.690328e-03
81            	1.519160e-03	0.000000e+00	5.756515e-04	-1.439129e-05	1.979215e-03	3.797901e-05	7.451889e-04	7.739715e-04	3.797901e-05	-3.797901e-05	2.267041e-03	-1.691390e-03
82            	1.519198e-03	0.000000e+00	5.752676e-04	-1.438169e-05	1.980039e-03	3.797995e-05	7.452173e-04	7.739806e-04	3.797995e-05	-3.797995e-05	2.267673e-03	-1.692405e-03
83            	1.519240e-03	0.000000e+00	5.749276e-04	-1.437319e-05	1.980789e-03	3.798100e-05	7.452467e-04	7.739931e-04	3.798100e-05	-3.798100e-05	2.268253e-03	-1.693325e-03
84            	1.519281e-03	0.000000e+00	5.746388e-04	-1.436597e-05	1.981439e-03	3.798201e-05	7.452743e-04	7.740062e-04	3.798201e-05	-3.798201e-05	2.268758e-03	-1.694119e-03
85            	1.519315e-03	0.000000e+00	5.744004e-04	-1.436001e-05	1.981978e-03	3.798287e-05	7.452974e-04	7.740174e-04	3.798287e-05	-3.798287e-05	2.269178e-03	-1.694778e-03
86            	1.519340e-03	0.000000e+00	5.742030e-04	-1.435508e-05	1.982420e-03	3.798350e-05	7.453149e-04	7.740250e-04	3.798350e-05	-3.798350e-05	2.269521e-03	-1.695318e-03
87            	1.519356e-03	0.000000e+00	5.740335e-04	-1.435084e-05	1.982789e-03	3.798390e-05	7.453271e-04	7.740288e-04	3.798390e-05	-3.798390e-05	2.269806e-03	-1.695772e-03
88            	1.519363e-03	0.000000e+00	5.738827e-04	-1.434707e-05	1.983104e-03	3.798408e-05	7.453345e-04	7.740286e-04	3.798408e-05	-3.798408e-05	2.270046e-03	-1.696163e-03
89            	1.519366e-03	0.000000e+00	5.737372e-04	-1.434343e-05	1.983400e-03	3.798415e-05	7.453395e-04	7.740264e-04	3.798415e-05	-3.798415e-05	2.270269e-03	-1.696532e-03
90            	1.519369e-03	0.000000e+00	5.735920e-04	-1.433980e-05	1.983697e-03	3.798422e-05	7.453447e-04	7.740243e-04	3.798422e-05	-3.798422e-05	2.270493e-03	-1.696901e-03
91            	1.519375e-03	0.000000e+00	5.734513e-04	-1.433628e-05	1.983992e-03	3.798437e-05	7.453511e-04	7.740237e-04	3.798437e-05	-3.798437e-05	2.270717e-03	-1.697266e-03
92            	1.519383e-03	0.000000e+00	5.733234e-04	-1.433309e-05	1.984268e-03	3.798458e-05	7.453585e-04	7.740247e-04	3.798458e-05	-3.798458e-05	2.270929e-03	-1.697606e-03
93            	1.519391e-03	0.000000e+00	5.732159e-04	-1.433040e-05	1.984504e-03	3.798479e-05	7.453653e-04	7.740261e-04	3.798479e-05	-3.798479e-05	2.271112e-03	-1.697896e-03
94            	1.519399e-03	0.000000e+00	5.731311e-04	-1.432828e-05	1.984694e-03	3.798496e-05	7.453710e-04	7.740276e-04	3.798496e-05	-3.798496e-05	2.271259e-03	-1.698128e-03
95            	1.519402e-03	0.000000e+00	5.730701e-04	-1.432675e-05	1.984830e-03	3.798505e-05	7.453743e-04	7.740278e-04	3.798505e-05	-3.798505e-05	2.271365e-03	-1.698295e-03
96            	1.519402e-03	0.000000e+00	5.730259e-04	-1.432565e-05	1.984925e-03	3.798504e-05	7.453752e-04	7.740265e-04	3.798504e-05	-3.798504e-05	2.271438e-03	-1.698412e-03
97            	1.519399e-03	0.000000e+00	5.729895e-04	-1.432474e-05	1.985000e-03	3.798497e-05	7.453748e-04	7.740242e-04	3.798497e-05	-3.798497e-05	2.271494e-03	-1.698505e-03
98            	1.519395e-03	0.000000e+00	5.729570e-04	-1.432392e-05	1.985063e-03	3.798487e-05	7.453735e-04	7.740213e-04	3.798487e-05	-3.798487e-05	2.271542e-03	-1.698585e-03
99            	1.519391e-03	0.000000e+00	5.729235e-04	-1.432309e-05	1.985129e-03	3.798478e-05	7.453724e-04	7.740186e-04	3.798478e-05	-3.798478e-05	2.271591e-03	-1.698668e-03
100           	1.519390e-03	0.000000e+00	5.728894e-04	-1.432224e-05	1.985201e-03	3.798474e-05	7.453726e-04	7.740171e-04	3.798474e-05	-3.798474e-05	2.271646e-03	-1.698757e-03
101           	1.519391e-03	0.000000e+00	5.728586e-04	-1.432147e-05	1.985273e-03	3.798478e-05	7.453740e-04	7.740170e-04	3.798478e-05	-3.798478e-05	2.271702e-03	-1.698843e-03
102           	1.519394e-03	0.000000e+00	5.728354e-04	-1.432089e-05	1.985333e-03	3.798486e-05	7.453763e-04	7.740181e-04	3.798486e-05	-3.798486e-05	2.271751e-03	-1.698916e-03
103           	1.519398e-03	0.000000e+00	5.728231e-04	-1.432058e-05	1.985374e-03	3.798496e-05	7.453787e-04	7.740198e-04	3.798496e-05	-3.798496e-05	2.271786e-03	-1.698962e-03
104           	1.519405e-03	0.000000e+00	5.728186e-04	-1.432046e-05	1.985403e-03	3.798511e-05	7.453818e-04	7.740227e-04	3.798511e-05	-3.798511e-05	2.271812e-03	-1.698994e-03
105           	1.519408e-03	0.000000e+00	5.728277e-04	-1.432069e-05	1.985400e-03	3.798520e-05	7.453833e-04	7.740247e-04	3.798520e-05	-3.798520e-05	2.271814e-03	-1.698986e-03
106           	1.519409e-03	0.000000e+00	5.728447e-04	-1.432112e-05	1.985376e-03	3.798522e-05	7.453833e-04	7.740256e-04	3.798522e-05	-3.798522e-05	2.271799e-03	-1.698954e-03
107           	1.519410e-03	0.000000e+00	5.728620e-04	-1.432155e-05	1.985352e-03	3.798526e-05	7.453836e-04	7.740267e-04	3.798526e-05	-3.798526e-05	2.271783e-03	-1.698921e-03
108           	1.519411e-03	0.000000e+00	5.728789e-04	-1.432197e-05	1.985328e-03	3.798528e-05	7.453837e-04	7.740277e-04	3.798528e-05	-3.798528e-05	2.271768e-03	-1.698889e-03
109           	1.519408e-03	0.000000e+00	5.728998e-04	-1.432249e-05	1.985287e-03	3.798519e-05	7.453814e-04	7.740264e-04	3.798519e-05	-3.798519e-05	2.271736e-03	-1.698837e-03
110           	1.519404e-03	0.000000e+00	5.729195e-04	-1.432299e-05	1.985246e-03	3.798509e-05	7.453789e-04	7.740249e-04	3.798509e-05	-3.798509e-05	2.271706e-03	-1.698787e-03
111           	1.519405e-03	0.000000e+00	5.729344e-04	-1.432336e-05	1.985225e-03	3.798512e-05	7.453790e-04	7.740257e-04	3.798512e-05	-3.798512e-05	2.271692e-03	-1.698758e-03
112           	1.519406e-03	0.000000e+00	5.729514e-04	-1.432378e-05	1.985201e-03	3.798515e-05	7.453793e-04	7.740269e-04	3.798515e-05	-3.798515e-05	2.271677e-03	-1.698725e-03
113           	1.519407e-03	0.000000e+00	5.729712e-04	-1.432428e-05	1.985170e-03	3.798518e-05	7.453794e-04	7.740280e-04	3.798518e-05	-3.798518e-05	2.271656e-03	-1.698685e-03
114           	1.519409e-03	0.000000e+00	5.729936e-04	-1.432484e-05	1.985135e-03	3.798522e-05	7.453795e-04	7.740291e-04	3.798522e-05	-3.798522e-05	2.271631e-03	-1.698638e-03
115           	1.519410e-03	0.000000e+00	5.730186e-04	-1.432547e-05	1.985093e-03	3.798524e-05	7.453793e-04	7.740303e-04	3.798524e-05	-3.798524e-05	2.271602e-03	-1.698584e-03
116           	1.519410e-03	0.000000e+00	5.730456e-04	-1.432614e-05	1.985046e-03	3.798525e-05	7.453789e-04	7.740312e-04	3.798525e-05	-3.798525e-05	2.271569e-03	-1.698523e-03
117           	1.519410e-03	0.000000e+00	5.730734e-04	-1.432683e-05	1.984996e-03	3.798525e-05	7.453781e-04	7.740318e-04	3.798525e-05	-3.798525e-05	2.271533e-03	-1.698459e-03
118           	1.519409e-03	0.000000e+00	5.731011e-04	-1.432753e-05	1.984945e-03	3.798522e-05	7.453770e-04	7.740320e-04	3.798522e-05	-3.798522e-05	2.271495e-03	-1.698394e-03
119           	1.519408e-03	0.000000e+00	5.731276e-04	-1.432819e-05	1.984894e-03	3.798519e-05	7.453756e-04	7.740320e-04	3.798519e-05	-3.798519e-05	2.271458e-03	-1.698330e-03
120           	1.519406e-03	0.000000e+00	5.731521e-04	-1.432880e-05	1.984847e-03	3.798516e-05	7.453744e-04	7.740320e-04	3.798516e-05	-3.798516e-05	2.271423e-03	-1.698271e-03
121           	1.519406e-03	0.000000e+00	5.731749e-04	-1.432937e-05	1.984805e-03	3.798514e-05	7.453734e-04	7.740322e-04	3.798514e-05	-3.798514e-05	2.271393e-03	-1.698218e-03
122           	1.519406e-03	0.000000e+00	5.731966e-04	-1.432991e-05	1.984766e-03	3.798514e-05	7.453729e-04	7.740327e-04	3.798514e-05	-3.798514e-05	2.271365e-03	-1.698168e-03
123           	1.519406e-03	0.000000e+00	5.732179e-04	-1.433045e-05	1.984729e-03	3.798516e-05	7.453727e-04	7.740336e-04	3.798516e-05	-3.798516e-05	2.271338e-03	-1.698120e-03
124           	1.519407e-03	0.000000e+00	5.732402e-04	-1.433101e-05	1.984690e-03	3.798517e-05	7.453724e-04	7.740344e-04	3.798517e-05	-3.798517e-05	2.271310e-03	-1.698070e-03
125           	1.519408e-03	0.000000e+00	5.732624e-04	-1.433156e-05	1.984651e-03	3.798519e-05	7.453722e-04	7.740354e-04	3.798519e-05	-3.798519e-05	2.271282e-03	-1.698020e-03
126           	1.519408e-03	0.000000e+00	5.732850e-04	-1.433212e-05	1.984611e-03	3.798520e-05	7.453720e-04	7.740362e-04	3.798520e-05	-3.798520e-05	2.271253e-03	-1.697968e-03
127           	1.519408e-03	0.000000e+00	5.733079e-04	-1.433270e-05	1.984568e-03	3.798520e-05	7.453713e-04	7.740367e-04	3.798520e-05	-3.798520e-05	2.271222e-03	-1.697915e-03
128           	1.519407e-03	0.000000e+00	5.733299e-04	-1.433325e-05	1.984526e-03	3.798518e-05	7.453704e-04	7.740369e-04	3.798518e-05	-3.798518e-05	2.271191e-03	-1.697861e-03
129           	1.519406e-03	0.000000e+00	5.733507e-04	-1.433377e-05	1.984486e-03	3.798515e-05	7.453693e-04	7.740368e-04	3.798515e-05	-3.798515e-05	2.271161e-03	-1.697810e-03
130           	1.519405e-03	0.000000e+00	5.733697e-04	-1.433424e-05	1.984448e-03	3.798513e-05	7.453683e-04	7.740368e-04	3.798513e-05	-3.798513e-05	2.271133e-03	-1.697763e-03
131           	1.519404e-03	0.000000e+00	5.733875e-04	-1.433469e-05	1.984413e-03	3.798510e-05	7.453674e-04	7.740367e-04	3.798510e-05	-3.798510e-05	2.271107e-03	-1.697720e-03
132           	1.519403e-03	0.000000e+00	5.734047e-04	-1.433512e-05	1.984379e-03	3.798507e-05	7.453662e-04	7.740365e-04	3.798507e-05	-3.798507e-05	2.271081e-03	-1.697676e-03
133           	1.519402e-03	0.000000e+00	5.734208e-04	-1.433552e-05	1.984347e-03	3.798504e-05	7.453652e-04	7.740363e-04	3.798504e-05	-3.798504e-05	2.271057e-03	-1.697636e-03
134           	1.519401e-03	0.000000e+00	5.734362e-04	-1.433591e-05	1.984316e-03	3.798502e-05	7.453644e-04	7.740363e-04	3.798502e-05	-3.798502e-05	2.271034e-03	-1.697598e-03
135           	1.519400e-03	0.000000e+00	5.734513e-04	-1.433628e-05	1.984287e-03	3.798500e-05	7.453638e-04	7.740364e-04	3.798500e-05	-3.798500e-05	2.271013e-03	-1.697562e-03
136           	1.519400e-03	0.000000e+00	5.734663e-04	-1.433666e-05	1.984259e-03	3.798499e-05	7.453632e-04	7.740365e-04	3.798499e-05	-3.798499e-05	2.270992e-03	-1.697525e-03
137           	1.519399e-03	0.000000e+00	5.734810e-04	-1.433703e-05	1.984230e-03	3.798498e-05	7.453626e-04	7.740366e-04	3.798498e-05	-3.798498e-05	2.270970e-03	-1.697489e-03
138           	1.519398e-03	0.000000e+00	5.734955e-04	-1.433739e-05	1.984201e-03	3.798496e-05	7.453618e-04	7.740366e-04	3.798496e-05	-3.798496e-05	2.270949e-03	-1.697453e-03
139           	1.519397e-03	0.000000e+00	5.735093e-04	-1.433773e-05	1.984173e-03	3.798494e-05	7.453610e-04	7.740365e-04	3.798494e-05	-3.798494e-05	2.270928e-03	-1.697419e-03
140           	1.519396e-03	0.000000e+00	5.735220e-04	-1.433805e-05	1.984148e-03	3.798491e-05	7.453602e-04	7.740363e-04	3.798491e-05	-3.798491e-05	2.270909e-03	-1.697387e-03
141           	1.519396e-03	0.000000e+00	5.735333e-04	-1.433833e-05	1.984125e-03	3.798489e-05	7.453595e-04	7.740362e-04	3.798489e-05	-3.798489e-05	2.270891e-03	-1.697358e-03
142           	1.519395e-03	0.000000e+00	5.735439e-04	-1.433860e-05	1.984103e-03	3.798487e-05	7.453588e-04	7.740360e-04	3.798487e-05	-3.798487e-05	2.270875e-03	-1.697331e-03
143           	1.519394e-03	0.000000e+00	5.735536e-04	-1.433884e-05	1.984083e-03	3.798485e-05	7.453582e-04	7.740358e-04	3.798485e-05	-3.798485e-05	2.270860e-03	-1.697306e-03
144           	1.519393e-03	0.000000e+00	5.735627e-04	-1.433907e-05	1.984065e-03	3.798483e-05	7.453576e-04	7.740357e-04	3.798483e-05	-3.798483e-05	2.270846e-03	-1.697284e-03
145           	1.519393e-03	0.000000e+00	5.735710e-04	-1.433928e-05	1.984049e-03	3.798483e-05	7.453572e-04	7.740358e-04	3.798483e-05	-3.798483e-05	2.270834e-03	-1.697263e-03
146           	1.519393e-03	0.000000e+00	5.735788e-04	-1.433947e-05	1.984034e-03	3.798482e-05	7.453570e-04	7.740360e-04	3.798482e-05	-3.798482e-05	2.270823e-03	-1.697245e-03
147           	1.519393e-03	0.000000e+00	5.735868e-04	-1.433967e-05	1.984018e-03	3.798482e-05	7.453567e-04	7.740360e-04	3.798482e-05	-3.798482e-05	2.270812e-03	-1.697225e-03
148           	1.519392e-03	0.000000e+00	5.735943e-04	-1.433986e-05	1.984003e-03	3.798481e-05	7.453564e-04	7.740361e-04	3.798481e-05	-3.798481e-05	2.270801e-03	-1.697206e-03
149           	1.519392e-03	0.000000e+00	5.736015e-04	-1.434004e-05	1.983989e-03	3.798480e-05	7.453560e-04	7.740361e-04	3.798480e-05	-3.798480e-05	2.270790e-03	-1.697188e-03
150           	1.519392e-03	0.000000e+00	5.736083e-04	-1.434021e-05	1.983975e-03	3.798479e-05	7.453556e-04	7.740360e-04	3.798479e-05	-3.798479e-05	2.270779e-03	-1.697171e-03
151           	1.519391e-03	0.000000e+00	5.736145e-04	-1.434036e-05	1.983962e-03	3.798478e-05	7.453552e-04	7.740359e-04	3.798478e-05	-3.798478e-05	2.270770e-03	-1.697155e-03
152           	1.519391e-03	0.000000e+00	5.736201e-04	-1.434050e-05	1.983951e-03	3.798476e-05	7.453548e-04	7.740358e-04	3.798476e-05	-3.798476e-05	2.270761e-03	-1.697141e-03
153           	1.519390e-03	0.000000e+00	5.736253e-04	-1.434063e-05	1.983939e-03	3.798475e-05	7.453543e-04	7.740356e-04	3.798475e-05	-3.798475e-05	2.270752e-03	-1.697127e-03
154           	1.519389e-03	0.000000e+00	5.736298e-04	-1.434075e-05	1.983929e-03	3.798473e-05	7.453539e-04	7.740354e-04	3.798473e-05	-3.798473e-05	2.270744e-03	-1.697114e-03
155           	1.519389e-03	0.000000e+00	5.736340e-04	-1.434085e-05	1.983920e-03	3.798472e-05	7.453535e-04	7.740352e-04	3.798472e-05	-3.798472e-05	2.270737e-03	-1.697103e-03
156           	1.519388e-03	0.000000e+00	5.736379e-04	-1.434095e-05	1.983912e-03	3.798471e-05	7.453532e-04	7.740351e-04	3.798471e-05	-3.798471e-05	2.270731e-03	-1.697093e-03
157           	1.519388e-03	0.000000e+00	5.736418e-04	-1.434104e-05	1.983904e-03	3.798470e-05	7.453530e-04	7.740351e-04	3.798470e-05	-3.798470e-05	2.270725e-03	-1.697083e-03
158           	1.519388e-03	0.000000e+00	5.736456e-04	-1.434114e-05	1.983897e-03	3.798470e-05	7.453528e-04	7.740351e-04	3.798470e-05	-3.798470e-05	2.270719e-03	-1.697074e-03
159           	1.519388e-03	0.000000e+00	5.736493e-04	-1.434123e-05	1.983889e-03	3.798469e-05	7.453526e-04	7.740351e-04	3.798469e-05	-3.798469e-05	2.270713e-03	-1.697064e-03
160           	1.519387e-03	0.000000e+00	5.736527e-04	-1.434132e-05	1.983882e-03	3.798468e-05	7.453524e-04	7.740350e-04	3.798468e-05	-3.798468e-05	2.270708e-03	-1.697055e-03
161           	1.519387e-03	0.000000e+00	5.736558e-04	-1.434139e-05	1.983875e-03	3.798468e-05	7.453521e-04	7.740349e-04	3.798468e-05	-3.798468e-05	2.270703e-03	-1.697047e-03
162           	1.519387e-03	0.000000e+00	5.736585e-04	-1.434146e-05	1.983870e-03	3.798467e-05	7.453520e-04	7.740349e-04	3.798467e-05	-3.798467e-05	2.270699e-03	-1.697040e-03
163           	1.519387e-03	0.000000e+00	5.736608e-04	-1.434152e-05	1.983865e-03	3.798467e-05	7.453518e-04	7.740348e-04	3.798467e-05	-3.798467e-05	2.270695e-03	-1.697034e-03
164           	1.519386e-03	0.000000e+00	5.736628e-04	-1.434157e-05	1.983860e-03	3.798466e-05	7.453517e-04	7.740348e-04	3.798466e-05	-3.798466e-05	2.270692e-03	-1.697029e-03
165           	1.519386e-03	0.000000e+00	5.736645e-04	-1.434161e-05	1.983857e-03	3.798466e-05	7.453516e-04	7.740348e-04	3.798466e-05	-3.798466e-05	2.270689e-03	-1.697025e-03
166           	1.519386e-03	0.000000e+00	5.736660e-04	-1.434165e-05	1.983854e-03	3.798466e-05	7.453516e-04	7.740349e-04	3.798466e-05	-3.798466e-05	2.270687e-03	-1.697021e-03
167           	1.519387e-03	0.000000e+00	5.736676e-04	-1.434169e-05	1.983851e-03	3.798466e-05	7.453516e-04	7.740350e-04	3.798466e-05	-3.798466e-05	2.270685e-03	-1.697017e-03
168           	1.519387e-03	0.000000e+00	5.736691e-04	-1.434173e-05	1.983848e-03	3.798466e-05	7.453516e-04	7.740350e-04	3.798466e-05	-3.798466e-05	2.270683e-03	-1.697014e-03
169           	1.519387e-03	0.000000e+00	5.736706e-04	-1.434176e-05	1.983845e-03	3.798467e-05	7.453515e-04	7.740351e-04	3.798467e-05	-3.798467e-05	2.270681e-03	-1.697010e-03
170           	1.519387e-03	0.000000e+00	5.736720e-04	-1.434180e-05	1.983843e-03	3.798466e-05	7.453515e-04	7.740351e-04	3.798466e-05	-3.798466e-05	2.270679e-03	-1.697007e-03
171           	1.519387e-03	0.000000e+00	5.736732e-04	-1.434183e-05	1.983840e-03	3.798466e-05	7.453515e-04	7.740351e-04	3.798466e-05	-3.798466e-05	2.270677e-03	-1.697004e-03
172           	1.519387e-03	0.000000e+00	5.736742e-04	-1.434186e-05	1.983838e-03	3.798466e-05	7.453514e-04	7.740351e-04	3.798466e-05	-3.798466e-05	2.270675e-03	-1.697001e-03
173           	1.519387e-03	0.000000e+00	5.736751e-04	-1.434188e-05	1.983836e-03	3.798466e-05	7.453514e-04	7.740351e-04	3.798466e-05	-3.798466e-05	2.270674e-03	-1.696999e-03
174           	1.519387e-03	0.000000e+00	5.736759e-04	-1.434190e-05	1.983835e-03	3.798466e-05	7.453514e-04	7.740352e-04	3.798466e-05	-3.798466e-05	2.270673e-03	-1.696997e-03
175           	1.519387e-03	0.000000e+00	5.736764e-04	-1.434191e-05	1.983834e-03	3.798466e-05	7.453514e-04	7.740352e-04	3.798466e-05	-3.798466e-05	2.270672e-03	-1.696995e-03
176           	1.519387e-03	0.000000e+00	5.736769e-04	-1.434192e-05	1.983833e-03	3.798466e-05	7.453514e-04	7.740352e-04	3.798466e-05	-3.798466e-05	2.270671e-03	-1.696994e-03
177           	1.519387e-03	0.000000e+00	5.736773e-04	-1.434193e-05	1.983832e-03	3.798466e-05	7.453514e-04	7.740352e-04	3.798466e-05	-3.798466e-05	2.270671e-03	-1.696993e-03
178           	1.519387e-03	0.000000e+00	5.736777e-04	-1.434194e-05	1.983831e-03	3.798467e-05	7.453514e-04	7.740353e-04	3.798467e-05	-3.798467e-05	2.270670e-03	-1.696992e-03
179           	1.519387e-03	0.000000e+00	5.736780e-04	-1.434195e-05	1.983831e-03	3.798467e-05	7.453514e-04	7.740353e-04	3.798467e-05	-3.798467e-05	2.270670e-03	-1.696992e-03
180           	1.519387e-03	0.000000e+00	5.736783e-04	-1.434196e-05	1.983830e-03	3.798467e-05	7.453514e-04	7.740353e-04	3.798467e-05	-3.798467e-05	2.270669e-03	-1.696991e-03
181           	1.519387e-03	0.000000e+00	5.736787e-04	-1.434197e-05	1.983829e-03	3.798467e-05	7.453514e-04	7.740353e-04	3.798467e-05	-3.798467e-05	2.270669e-03	-1.696990e-03
182           	1.519387e-03	0.000000e+00	5.736790e-04	-1.434198e-05	1.983829e-03	3.798467e-05	7.453514e-04	7.740353e-04	3.798467e-05	-3.798467e-05	2.270668e-03	-1.696989e-03
183           	1.519387e-03	0.000000e+00	5.736793e-04	-1.434198e-05	1.983828e-03	3.798467e-05	7.453514e-04	7.740353e-04	3.798467e-05	-3.798467e-05	2.270668e-03	-1.696989e-03
184           	1.519387e-03	0.000000e+00	5.736794e-04	-1.434199e-05	1.983828e-03	3.798467e-05	7.453514e-04	7.740354e-04	3.798467e-05	-3.798467e-05	2.270668e-03	-1.696988e-03
185           	1.519387e-03	0.000000e+00	5.736796e-04	-1.434199e-05	1.983828e-03	3.798467e-05	7.453514e-04	7.740354e-04	3.798467e-05	-3.798467e-05	2.270667e-03	-1.696988e-03
186           	1.519387e-03	0.000000e+00	5.736796e-04	-1.434199e-05	1.983827e-03	3.798467e-05	7.453514e-04	7.740354e-04	3.798467e-05	-3.798467e-05	2.270667e-03	-1.696988e-03
187           	1.519387e-03	0.000000e+00	5.736796e-04	-1.434199e-05	1.983827e-03	3.798467e-05	7.453514e-04	7.740354e-04	3.798467e-05	-3.798467e-05	2.270667e-03	-1.696988e-03
188           	1.519387e-03	0.000000e+00	5.736796e-04	-1.434199e-05	1.983827e-03	3.798467e-05	7.453514e-04	7.740354e-04	3.798467e-05	-3.798467e-05	2.270667e-03	-1.696988e-03
189           	1.519387e-03	0.000000e+00	5.736796e-04	-1.434199e-05	1.983827e-03	3.798467e-05	7.453514e-04	7.740354e-04	3.798467e-05	-3.798467e-05	2.270667e-03	-1.696988e-03
190           	1.519387e-03	0.000000e+00	5.736796e-04	-1.434199e-05	1.983827e-03	3.798467e-05	7.453514e-04	7.740354e-04	3.798467e-05	-3.798467e-05	2.270667e-03	-1.696988e-03
191           	1.519387e-03	0.000000e+00	5.736797e-04	-1.434199e-05	1.983827e-03	3.798467e-05	7.453514e-04	7.740354e-04	3.798467e-05	-3.798467e-05	2.270667e-03	-1.696987e-03
192           	1.519387e-03	0.000000e+00	5.736797e-04	-1.434199e-05	1.983827e-03	3.798467e-05	7.453514e-04	7.740354e-04	3.798467e-05	-3.798467e-05	2.270667e-03	-1.696987e-03
193           	1.519387e-03	0.000000e+00	5.736797e-04	-1.434199e-05	1.983827e-03	3.798467e-05	7.453514e-04	7.740354e-04	3.798467e-05	-3.798467e-05	2.270667e-03	-1.696987e-03
194           	1.519387e-03	0.000000e+00	5.736797e-04	-1.434199e-05	1.983827e-03	3.798467e-05	7.453514e-04	7.740354e-04	3.798467e-05	-3.798467e-05	2.270667e-03	-1.696987e-03
195           	1.519387e-03	0.000000e+00	5.736797e-04	-1.434199e-05	1.983827e-03	3.798467e-05	7.453514e-04	7.740354e-04	3.798467e-05	-3.798467e-05	2.270667e-03	-1.696987e-03
196           	1.519387e-03	0.000000e+00	5.736797e-04	-1.434199e-05	1.983827e-03	3.798467e-05	7.453514e-04	7.740354e-04	3.798467e-05	-3.798467e-05	2.270667e-03	-1.696987e-03
197           	1.519387e-03	0.000000e+00	5.736796e-04	-1.434199e-05	1.983827e-03	3.798467e-05	7.453514e-04	7.740353e-04	3.798467e-05	-3.798467e-05	2.270667e-03	-1.696987e-03
198           	1.519387e-03	0.000000e+00	5.736796e-04	-1.434199e-05	1.983827e-03	3.798467e-05	7.453514e-04	7.740353e-04	3.798467e-05	-3.798467e-05	2.270667e-03	-1.696987e-03
199           	1.519387e-03	0.000000e+00	5.736796e-04	-1.434199e-05	1.983827e-03	3.798467e-05	7.453513e-04	7.740353e-04	3.798467e-05	-3.798467e-05	2.270667e-03	-1.696987e-03
200           	1.519387e-03	0.000000e+00	5.736796e-04	-1.434199e-05	1.983827e-03	3.798467e-05	7.453513e-04	7.740353e-04	3.798467e-05	-3.798467e-05	2.270667e-03	-1.696987e-03
201           	1.519387e-03	0.000000e+00	5.736795e-04	-1.434199e-05	1.983827e-03	3.798467e-05	7.453513e-04	7.740353e-04	3.798467e-05	-3.798467e-05	2.270667e-03	-1.696987e-03
202           	1.519387e-03	0.000000e+00	5.736795e-04	-1.434199e-05	1.983827e-03	3.798467e-05	7.453513e-04	7.740353e-04	3.798467e-05	-3.798467e-05	2.270667e-03	-1.696987e-03
203           	1.519387e-03	0.000000e+00	5.736795e-04	-1.434199e-05	1.983827e-03	3.798466e-05	7.453513e-04	7.740353e-04	3.798466e-05	-3.798466e-05	2.270666e-03	-1.696987e-03
204           	1.519387e-03	0.000000e+00	5.736795e-04	-1.434199e-05	1.983827e-03	3.798466e-05	7.453513e-04	7.740353e-04	3.798466e-05	-3.798466e-05	2.270666e-03	-1.696987e-03
205           	1.519387e-03	0.000000e+00	5.736795e-04	-1.434199e-05	1.983827e-03	3.798466e-05	7.453513e-04	7.740353e-04	3.798466e-05	-3.798466e-05	2.270666e-03	-1.696987e-03
206           	1.519387e-03	0.000000e+00	5.736795e-04	-1.434199e-05	1.983827e-03	3.798466e-05	7.453513e-04	7.740352e-04	3.798466e-05	-3.798466e-05	2.270666e-03	-1.696987e-03
207           	1.519387e-03	0.000000e+00	5.736794e-04	-1.434199e-05	1.983827e-03	3.798466e-05	7.453513e-04	7.740352e-04	3.798466e-05	-3.798466e-05	2.270666e-03	-1.696987e-03
208           	1.519386e-03	0.000000e+00	5.736794e-04	-1.434198e-05	1.983827e-03	3.798466e-05	7.453513e-04	7.740352e-04	3.798466e-05	-3.798466e-05	2.270666e-03	-1.696987e-03
209           	1.519386e-03	0.000000e+00	5.736793e-04	-1.434198e-05	1.983827e-03	3.798466e-05	7.453513e-04	7.740352e-04	3.798466e-05	-3.798466e-05	2.270666e-03	-1.696987e-03
210           	1.519386e-03	0.000000e+00	5.736793e-04	-1.434198e-05	1.983827e-03	3.798466e-05	7.453513e-04	7.740352e-04	3.798466e-05	-3.798466e-05	2.270666e-03	-1.696987e-03
211           	1.519386e-03	0.000000e+00	5.736792e-04	-1.434198e-05	1.983827e-03	3.798466e-05	7.453513e-04	7.740352e-04	3.798466e-05	-3.798466e-05	2.270667e-03	-1.696987e-03
212           	1.519386e-03	0.000000e+00	5.736792e-04	-1.434198e-05	1.983827e-03	3.798466e-05	7.453513e-04	7.740352e-04	3.798466e-05	-3.798466e-05	2.270667e-03	-1.696987e-03
213           	1.519386e-03	0.000000e+00	5.736792e-04	-1.434198e-05	1.983827e-03	3.798466e-05	7.453513e-04	7.740352e-04	3.798466e-05	-3.798466e-05	2.270667e-03	-1.696987e-03
214           	1.519386e-03	0.000000e+00	5.736792e-04	-1.434198e-05	1.983827e-03	3.798466e-05	7.453512e-04	7.740352e-04	3.798466e-05	-3.798466e-05	2.270667e-03	-1.696987e-03
215           	1.519386e-03	0.000000e+00	5.736792e-04	-1.434198e-05	1.983827e-03	3.798466e-05	7.453512e-04	7.740352e-04	3.798466e-05	-3.798466e-05	2.270667e-03	-1.696987e-03
216           	1.519386e-03	0.000000e+00	5.736792e-04	-1.434198e-05	1.983827e-03	3.798466e-05	7.453512e-04	7.740352e-04	3.798466e-05	-3.798466e-05	2.270667e-03	-1.696987e-03
217           	1.519386e-03	0.000000e+00	5.736791e-04	-1.434198e-05	1.983827e-03	3.798466e-05	7.453512e-04	7.740352e-04	3.798466e-05	-3.798466e-05	2.270667e-03	-1.696987e-03
218           	1.519386e-03	0.000000e+00	5.736791e-04	-1.434198e-05	1.983827e-03	3.798466e-05	7.453512e-04	7.740352e-04	3.798466e-05	-3.798466e-05	2.270667e-03	-1.696988e-03
219           	1.519386e-03	0.000000e+00	5.736790e-04	-1.434198e-05	1.983827e-03	3.798466e-05	7.453512e-04	7.740352e-04	3.798466e-05	-3.798466e-05	2.270667e-03	-1.696988e-03
220           	1.519386e-03	0.000000e+00	5.736790e-04	-1.434197e-05	1.983827e-03	3.798466e-05	7.453512e-04	7.740352e-04	3.798466e-05	-3.798466e-05	2.270667e-03	-1.696988e-03
221           	1.519386e-03	0.000000e+00	5.736789e-04	-1.434197e-05	1.983827e-03	3.798466e-05	7.453513e-04	7.740352e-04	3.798466e-05	-3.798466e-05	2.270667e-03	-1.696988e-03
222           	1.519386e-03	0.000000e+00	5.736789e-04	-1.434197e-05	1.983827e-03	3.798466e-05	7.453513e-04	7.740352e-04	3.798466e-05	-3.798466e-05	2.270667e-03	-1.696988e-03
223           	1.519386e-03	0.000000e+00	5.736789e-04	-1.434197e-05	1.983827e-03	3.798466e-05	7.453513e-04	7.740352e-04	3.798466e-05	-3.798466e-05	2.270667e-03	-1.696988e-03
224           	1.519386e-03	0.000000e+00	5.736788e-04	-1.434197e-05	1.983828e-03	3.798466e-05	7.453513e-04	7.740352e-04	3.798466e-05	-3.798466e-05	2.270667e-03	-1.696988e-03
225           	1.519386e-03	0.000000e+00	5.736788e-04	-1.434197e-05	1.983828e-03	3.798466e-05	7.453513e-04	7.740352e-04	3.798466e-05	-3.798466e-05	2.270667e-03	-1.696988e-03
