# Force coefficients
# dragDir     : (1.000000e+00 0.000000e+00 0.000000e+00)
# sideDir     : (0.000000e+00 0.000000e+00 -1.000000e+00)
# liftDir     : (0.000000e+00 1.000000e+00 0.000000e+00)
# rollAxis    : (1.000000e+00 0.000000e+00 0.000000e+00)
# pitchAxis   : (0.000000e+00 0.000000e+00 -1.000000e+00)
# yawAxis     : (0.000000e+00 1.000000e+00 0.000000e+00)
# magUInf     : 2.000000e-02
# lRef        : 1.000000e-01
# Aref        : 1.000000e-01
# CofR        : (0.000000e+00 0.000000e+00 0.000000e+00)
#
# Time        	Cd            	Cs            	Cl            	CmRoll        	CmPitch       	CmYaw         	Cd(f)         	Cd(r)         	Cs(f)         	Cs(r)         	Cl(f)         	Cl(r)         
1             	1.186027e-03	-4.380670e-19	-2.912118e-03	7.280296e-05	7.801525e-03	2.965068e-05	6.658166e-04	5.202107e-04	2.965068e-05	-2.965068e-05	6.345466e-03	-9.257584e-03
2             	3.070626e-03	-3.298303e-19	-4.676117e-03	1.169029e-04	1.452305e-02	7.676564e-05	1.652216e-03	1.418410e-03	7.676564e-05	-7.676564e-05	1.218500e-02	-1.686111e-02
3             	2.228245e-03	-1.179568e-19	-1.128399e-03	2.820998e-05	6.183524e-03	5.570612e-05	1.142332e-03	1.085912e-03	5.570612e-05	-5.570612e-05	5.619324e-03	-6.747723e-03
4             	1.736694e-03	-1.566620e-20	-1.449855e-04	3.624636e-06	3.255518e-03	4.341734e-05	8.719714e-04	8.647222e-04	4.341734e-05	-4.341734e-05	3.183025e-03	-3.328010e-03
5             	1.648001e-03	4.758948e-20	-9.152499e-04	2.288125e-05	4.535681e-03	4.120003e-05	8.468819e-04	8.011194e-04	4.120003e-05	-4.120003e-05	4.078056e-03	-4.993306e-03
6             	1.661525e-03	5.802223e-20	-1.686971e-03	4.217427e-05	6.053178e-03	4.153811e-05	8.729365e-04	7.885880e-04	4.153811e-05	-4.153811e-05	5.209692e-03	-6.896663e-03
7             	1.807796e-03	4.712706e-20	-2.256996e-03	5.642490e-05	7.417947e-03	4.519490e-05	9.603230e-04	8.474732e-04	4.519490e-05	-4.519490e-05	6.289449e-03	-8.546445e-03
8             	1.958945e-03	2.628551e-20	-2.564395e-03	6.410988e-05	8.261755e-03	4.897362e-05	1.043582e-03	9.153625e-04	4.897362e-05	-4.897362e-05	6.979557e-03	-9.543952e-03
9             	2.051113e-03	1.142783e-20	-2.640608e-03	6.601520e-05	8.537777e-03	5.127781e-05	1.091571e-03	9.595411e-04	5.127781e-05	-5.127781e-05	7.217474e-03	-9.858081e-03
10            	2.089259e-03	8.473761e-21	-2.650721e-03	6.626801e-05	8.582701e-03	5.223148e-05	1.110898e-03	9.783616e-04	5.223148e-05	-5.223148e-05	7.257341e-03	-9.908061e-03
11            	2.095901e-03	9.892705e-21	-2.676844e-03	6.692109e-05	8.608169e-03	5.239753e-05	1.114872e-03	9.810296e-04	5.239753e-05	-5.239753e-05	7.269747e-03	-9.946591e-03
12            	2.099225e-03	1.311664e-20	-2.759018e-03	6.897546e-05	8.742648e-03	5.248062e-05	1.118588e-03	9.806369e-04	5.248062e-05	-5.248062e-05	7.363139e-03	-1.012216e-02
13            	2.099626e-03	1.715126e-20	-2.851669e-03	7.129173e-05	8.900946e-03	5.249065e-05	1.121105e-03	9.785213e-04	5.249065e-05	-5.249065e-05	7.475112e-03	-1.032678e-02
14            	2.096987e-03	2.009862e-20	-2.939977e-03	7.349942e-05	9.049632e-03	5.242468e-05	1.121993e-03	9.749941e-04	5.242468e-05	-5.242468e-05	7.579644e-03	-1.051962e-02
15            	2.091745e-03	2.177239e-20	-3.014475e-03	7.536188e-05	9.170645e-03	5.229363e-05	1.121234e-03	9.705107e-04	5.229363e-05	-5.229363e-05	7.663407e-03	-1.067788e-02
16            	2.085699e-03	2.265373e-20	-3.074827e-03	7.687068e-05	9.265632e-03	5.214246e-05	1.119720e-03	9.659786e-04	5.214246e-05	-5.214246e-05	7.728218e-03	-1.080305e-02
17            	2.077706e-03	2.349456e-20	-3.120086e-03	7.800215e-05	9.329439e-03	5.194264e-05	1.116855e-03	9.608507e-04	5.194264e-05	-5.194264e-05	7.769396e-03	-1.088948e-02
18            	2.068157e-03	2.383206e-20	-3.152942e-03	7.882356e-05	9.367030e-03	5.170391e-05	1.112902e-03	9.552547e-04	5.170391e-05	-5.170391e-05	7.790559e-03	-1.094350e-02
19            	2.058157e-03	2.365415e-20	-3.179536e-03	7.948840e-05	9.393116e-03	5.145392e-05	1.108567e-03	9.495901e-04	5.145392e-05	-5.145392e-05	7.803348e-03	-1.098288e-02
20            	2.047700e-03	2.338246e-20	-3.199850e-03	7.999625e-05	9.407658e-03	5.119249e-05	1.103846e-03	9.438535e-04	5.119249e-05	-5.119249e-05	7.807733e-03	-1.100758e-02
21            	2.037583e-03	2.331605e-20	-3.213821e-03	8.034552e-05	9.411646e-03	5.093958e-05	1.099137e-03	9.384460e-04	5.093958e-05	-5.093958e-05	7.804736e-03	-1.101856e-02
22            	2.027114e-03	2.329726e-20	-3.222982e-03	8.057455e-05	9.406036e-03	5.067784e-05	1.094131e-03	9.329823e-04	5.067784e-05	-5.067784e-05	7.794545e-03	-1.101753e-02
23            	2.017158e-03	2.329587e-20	-3.229193e-03	8.072982e-05	9.396416e-03	5.042895e-05	1.089309e-03	9.278493e-04	5.042895e-05	-5.042895e-05	7.781819e-03	-1.101101e-02
24            	2.007555e-03	2.333632e-20	-3.232004e-03	8.080011e-05	9.381652e-03	5.018888e-05	1.084578e-03	9.229776e-04	5.018888e-05	-5.018888e-05	7.765650e-03	-1.099765e-02
25            	1.998596e-03	2.331702e-20	-3.232731e-03	8.081828e-05	9.364711e-03	4.996490e-05	1.080116e-03	9.184797e-04	4.996490e-05	-4.996490e-05	7.748345e-03	-1.098108e-02
26            	1.990604e-03	2.327112e-20	-3.232207e-03	8.080519e-05	9.347722e-03	4.976509e-05	1.076107e-03	9.144967e-04	4.976509e-05	-4.976509e-05	7.731618e-03	-1.096383e-02
27            	1.983628e-03	2.320842e-20	-3.230447e-03	8.076118e-05	9.330702e-03	4.959070e-05	1.072575e-03	9.110528e-04	4.959070e-05	-4.959070e-05	7.715479e-03	-1.094593e-02
28            	1.977694e-03	2.313495e-20	-3.227534e-03	8.068835e-05	9.313730e-03	4.944234e-05	1.069535e-03	9.081585e-04	4.944234e-05	-4.944234e-05	7.699963e-03	-1.092750e-02
29            	1.972587e-03	2.305290e-20	-3.223365e-03	8.058412e-05	9.296139e-03	4.931467e-05	1.066878e-03	9.057093e-04	4.931467e-05	-4.931467e-05	7.684457e-03	-1.090782e-02
30            	1.968184e-03	2.296328e-20	-3.217908e-03	8.044769e-05	9.277588e-03	4.920460e-05	1.064540e-03	9.036443e-04	4.920460e-05	-4.920460e-05	7.668634e-03	-1.088654e-02
31            	1.964335e-03	2.286625e-20	-3.211287e-03	8.028217e-05	9.257996e-03	4.910837e-05	1.062450e-03	9.018852e-04	4.910837e-05	-4.910837e-05	7.652352e-03	-1.086364e-02
32            	1.960703e-03	2.283324e-20	-3.202711e-03	8.006778e-05	9.235136e-03	4.901758e-05	1.060419e-03	9.002838e-04	4.901758e-05	-4.901758e-05	7.633780e-03	-1.083649e-02
33            	1.957585e-03	2.270573e-20	-3.194103e-03	7.985257e-05	9.213208e-03	4.893962e-05	1.058645e-03	8.989398e-04	4.893962e-05	-4.893962e-05	7.616157e-03	-1.081026e-02
34            	1.954993e-03	2.259835e-20	-3.185555e-03	7.963887e-05	9.192488e-03	4.887483e-05	1.057135e-03	8.978578e-04	4.887483e-05	-4.887483e-05	7.599710e-03	-1.078527e-02
35            	1.952671e-03	2.248979e-20	-3.176572e-03	7.941430e-05	9.171511e-03	4.881678e-05	1.055750e-03	8.969213e-04	4.881678e-05	-4.881678e-05	7.583225e-03	-1.075980e-02
36            	1.950683e-03	2.238188e-20	-3.167565e-03	7.918913e-05	9.151171e-03	4.876708e-05	1.054531e-03	8.961524e-04	4.876708e-05	-4.876708e-05	7.567388e-03	-1.073495e-02
37            	1.948970e-03	2.227501e-20	-3.158554e-03	7.896386e-05	9.131392e-03	4.872426e-05	1.053449e-03	8.955213e-04	4.872426e-05	-4.872426e-05	7.552114e-03	-1.071067e-02
38            	1.947496e-03	2.216856e-20	-3.149685e-03	7.874214e-05	9.112369e-03	4.868740e-05	1.052490e-03	8.950058e-04	4.868740e-05	-4.868740e-05	7.537526e-03	-1.068721e-02
39            	1.946234e-03	2.206187e-20	-3.141030e-03	7.852576e-05	9.094189e-03	4.865585e-05	1.051643e-03	8.945913e-04	4.865585e-05	-4.865585e-05	7.523674e-03	-1.066470e-02
40            	1.945157e-03	2.190914e-20	-3.132549e-03	7.831373e-05	9.076723e-03	4.862893e-05	1.050892e-03	8.942650e-04	4.862893e-05	-4.862893e-05	7.510449e-03	-1.064300e-02
41            	1.944231e-03	2.176650e-20	-3.124816e-03	7.812040e-05	9.060904e-03	4.860579e-05	1.050236e-03	8.939953e-04	4.860579e-05	-4.860579e-05	7.498497e-03	-1.062331e-02
42            	1.943733e-03	2.164181e-20	-3.118063e-03	7.795158e-05	9.047822e-03	4.859333e-05	1.049818e-03	8.939150e-04	4.859333e-05	-4.859333e-05	7.488790e-03	-1.060685e-02
43            	1.943441e-03	2.155986e-20	-3.111673e-03	7.779182e-05	9.035825e-03	4.858602e-05	1.049512e-03	8.939286e-04	4.858602e-05	-4.858602e-05	7.479989e-03	-1.059166e-02
44            	1.943245e-03	2.147793e-20	-3.105543e-03	7.763858e-05	9.024477e-03	4.858113e-05	1.049261e-03	8.939839e-04	4.858113e-05	-4.858113e-05	7.471706e-03	-1.057725e-02
45            	1.943136e-03	2.140239e-20	-3.099687e-03	7.749218e-05	9.013765e-03	4.857841e-05	1.049060e-03	8.940760e-04	4.857841e-05	-4.857841e-05	7.463921e-03	-1.056361e-02
46            	1.943119e-03	2.133286e-20	-3.094237e-03	7.735593e-05	9.003960e-03	4.857799e-05	1.048916e-03	8.942038e-04	4.857799e-05	-4.857799e-05	7.456842e-03	-1.055108e-02
47            	1.943159e-03	2.126987e-20	-3.089076e-03	7.722691e-05	8.994769e-03	4.857897e-05	1.048806e-03	8.943525e-04	4.857897e-05	-4.857897e-05	7.450231e-03	-1.053931e-02
48            	1.943230e-03	2.121286e-20	-3.084301e-03	7.710753e-05	8.986323e-03	4.858074e-05	1.048722e-03	8.945073e-04	4.858074e-05	-4.858074e-05	7.444173e-03	-1.052847e-02
49            	1.943344e-03	2.116156e-20	-3.079946e-03	7.699864e-05	8.978728e-03	4.858359e-05	1.048670e-03	8.946732e-04	4.858359e-05	-4.858359e-05	7.438755e-03	-1.051870e-02
50            	1.943478e-03	2.111581e-20	-3.075984e-03	7.689959e-05	8.971892e-03	4.858694e-05	1.048638e-03	8.948393e-04	4.858694e-05	-4.858694e-05	7.433900e-03	-1.050988e-02
51            	1.943625e-03	2.107452e-20	-3.072397e-03	7.680992e-05	8.965767e-03	4.859063e-05	1.048623e-03	8.950027e-04	4.859063e-05	-4.859063e-05	7.429569e-03	-1.050197e-02
52            	1.943785e-03	2.103817e-20	-3.069159e-03	7.672899e-05	8.960303e-03	4.859462e-05	1.048621e-03	8.951635e-04	4.859462e-05	-4.859462e-05	7.425723e-03	-1.049488e-02
53            	1.943962e-03	2.100489e-20	-3.066248e-03	7.665620e-05	8.955466e-03	4.859904e-05	1.048637e-03	8.953246e-04	4.859904e-05	-4.859904e-05	7.422342e-03	-1.048859e-02
54            	1.944145e-03	2.097461e-20	-3.063673e-03	7.659182e-05	8.951255e-03	4.860362e-05	1.048664e-03	8.954806e-04	4.860362e-05	-4.860362e-05	7.419419e-03	-1.048309e-02
55            	1.944351e-03	2.094714e-20	-3.061390e-03	7.653475e-05	8.947624e-03	4.860877e-05	1.048710e-03	8.956407e-04	4.860877e-05	-4.860877e-05	7.416929e-03	-1.047832e-02
56            	1.944592e-03	2.092115e-20	-3.059325e-03	7.648312e-05	8.944451e-03	4.861479e-05	1.048779e-03	8.958128e-04	4.861479e-05	-4.861479e-05	7.414788e-03	-1.047411e-02
57            	1.944811e-03	2.089703e-20	-3.057449e-03	7.643623e-05	8.941564e-03	4.862026e-05	1.048842e-03	8.959690e-04	4.862026e-05	-4.862026e-05	7.412839e-03	-1.047029e-02
58            	1.945027e-03	2.087420e-20	-3.055773e-03	7.639433e-05	8.939027e-03	4.862567e-05	1.048908e-03	8.961190e-04	4.862567e-05	-4.862567e-05	7.411140e-03	-1.046691e-02
59            	1.945235e-03	2.084630e-20	-3.054285e-03	7.635712e-05	8.936810e-03	4.863088e-05	1.048975e-03	8.962605e-04	4.863088e-05	-4.863088e-05	7.409667e-03	-1.046395e-02
60            	1.945446e-03	2.081976e-20	-3.053011e-03	7.632528e-05	8.934984e-03	4.863615e-05	1.049048e-03	8.963977e-04	4.863615e-05	-4.863615e-05	7.408478e-03	-1.046149e-02
61            	1.945659e-03	2.079558e-20	-3.051941e-03	7.629852e-05	8.933530e-03	4.864147e-05	1.049128e-03	8.965308e-04	4.864147e-05	-4.864147e-05	7.407559e-03	-1.045950e-02
62            	1.945867e-03	2.077483e-20	-3.051041e-03	7.627603e-05	8.932374e-03	4.864669e-05	1.049210e-03	8.966577e-04	4.864669e-05	-4.864669e-05	7.406853e-03	-1.045789e-02
63            	1.946062e-03	2.075751e-20	-3.050278e-03	7.625696e-05	8.931433e-03	4.865156e-05	1.049288e-03	8.967742e-04	4.865156e-05	-4.865156e-05	7.406294e-03	-1.045657e-02
64            	1.946217e-03	2.074545e-20	-3.049609e-03	7.624023e-05	8.930574e-03	4.865542e-05	1.049349e-03	8.968682e-04	4.865542e-05	-4.865542e-05	7.405769e-03	-1.045538e-02
65            	1.946373e-03	2.073401e-20	-3.049055e-03	7.622638e-05	8.929928e-03	4.865933e-05	1.049413e-03	8.969603e-04	4.865933e-05	-4.865933e-05	7.405400e-03	-1.045446e-02
66            	1.946526e-03	2.072423e-20	-3.048598e-03	7.621494e-05	8.929446e-03	4.866314e-05	1.049478e-03	8.970478e-04	4.866314e-05	-4.866314e-05	7.405147e-03	-1.045374e-02
67            	1.946670e-03	2.071581e-20	-3.048215e-03	7.620537e-05	8.929082e-03	4.866675e-05	1.049540e-03	8.971296e-04	4.866675e-05	-4.866675e-05	7.404974e-03	-1.045319e-02
68            	1.946805e-03	2.070863e-20	-3.047893e-03	7.619733e-05	8.928808e-03	4.867012e-05	1.049600e-03	8.972052e-04	4.867012e-05	-4.867012e-05	7.404861e-03	-1.045275e-02
69            	1.946935e-03	2.070475e-20	-3.047612e-03	7.619030e-05	8.928594e-03	4.867339e-05	1.049658e-03	8.972774e-04	4.867339e-05	-4.867339e-05	7.404788e-03	-1.045240e-02
70            	1.947051e-03	2.070297e-20	-3.047357e-03	7.618393e-05	8.928396e-03	4.867628e-05	1.049709e-03	8.973416e-04	4.867628e-05	-4.867628e-05	7.404717e-03	-1.045207e-02
71            	1.947148e-03	2.070292e-20	-3.047131e-03	7.617827e-05	8.928210e-03	4.867871e-05	1.049753e-03	8.973960e-04	4.867871e-05	-4.867871e-05	7.404645e-03	-1.045178e-02
72            	1.947230e-03	2.070336e-20	-3.046938e-03	7.617344e-05	8.928052e-03	4.868075e-05	1.049788e-03	8.974416e-04	4.868075e-05	-4.868075e-05	7.404583e-03	-1.045152e-02
73            	1.947301e-03	2.070330e-20	-3.046788e-03	7.616971e-05	8.927953e-03	4.868253e-05	1.049820e-03	8.974809e-04	4.868253e-05	-4.868253e-05	7.404559e-03	-1.045135e-02
74            	1.947367e-03	2.070245e-20	-3.046685e-03	7.616712e-05	8.927927e-03	4.868418e-05	1.049851e-03	8.975165e-04	4.868418e-05	-4.868418e-05	7.404584e-03	-1.045127e-02
75            	1.947430e-03	2.070110e-20	-3.046618e-03	7.616545e-05	8.927959e-03	4.868574e-05	1.049880e-03	8.975493e-04	4.868574e-05	-4.868574e-05	7.404650e-03	-1.045127e-02
76            	1.947487e-03	2.069917e-20	-3.046575e-03	7.616437e-05	8.928021e-03	4.868717e-05	1.049908e-03	8.975790e-04	4.868717e-05	-4.868717e-05	7.404733e-03	-1.045131e-02
77            	1.947541e-03	2.069648e-20	-3.046558e-03	7.616395e-05	8.928123e-03	4.868852e-05	1.049934e-03	8.976065e-04	4.868852e-05	-4.868852e-05	7.404844e-03	-1.045140e-02
78            	1.947590e-03	2.069420e-20	-3.046555e-03	7.616386e-05	8.928237e-03	4.868975e-05	1.049959e-03	8.976312e-04	4.868975e-05	-4.868975e-05	7.404960e-03	-1.045151e-02
79            	1.947633e-03	2.069198e-20	-3.046560e-03	7.616400e-05	8.928352e-03	4.869083e-05	1.049981e-03	8.976525e-04	4.869083e-05	-4.869083e-05	7.405072e-03	-1.045163e-02
80            	1.947671e-03	2.068988e-20	-3.046577e-03	7.616443e-05	8.928477e-03	4.869177e-05	1.050000e-03	8.976709e-04	4.869177e-05	-4.869177e-05	7.405188e-03	-1.045177e-02
81            	1.947704e-03	2.068790e-20	-3.046605e-03	7.616512e-05	8.928611e-03	4.869261e-05	1.050017e-03	8.976870e-04	4.869261e-05	-4.869261e-05	7.405309e-03	-1.045191e-02
82            	1.947735e-03	2.068603e-20	-3.046642e-03	7.616605e-05	8.928756e-03	4.869336e-05	1.050033e-03	8.977013e-04	4.869336e-05	-4.869336e-05	7.405435e-03	-1.045208e-02
83            	1.947763e-03	2.068371e-20	-3.046687e-03	7.616717e-05	8.928909e-03	4.869407e-05	1.050048e-03	8.977141e-04	4.869407e-05	-4.869407e-05	7.405566e-03	-1.045225e-02
84            	1.947789e-03	2.068146e-20	-3.046738e-03	7.616844e-05	8.929070e-03	4.869473e-05	1.050063e-03	8.977261e-04	4.869473e-05	-4.869473e-05	7.405701e-03	-1.045244e-02
85            	1.947814e-03	2.067927e-20	-3.046793e-03	7.616982e-05	8.929235e-03	4.869535e-05	1.050077e-03	8.977373e-04	4.869535e-05	-4.869535e-05	7.405839e-03	-1.045263e-02
86            	1.947838e-03	2.067719e-20	-3.046849e-03	7.617123e-05	8.929399e-03	4.869595e-05	1.050090e-03	8.977478e-04	4.869595e-05	-4.869595e-05	7.405975e-03	-1.045282e-02
87            	1.947863e-03	2.067534e-20	-3.046900e-03	7.617250e-05	8.929553e-03	4.869657e-05	1.050104e-03	8.977589e-04	4.869657e-05	-4.869657e-05	7.406103e-03	-1.045300e-02
88            	1.947883e-03	2.067366e-20	-3.046952e-03	7.617379e-05	8.929697e-03	4.869708e-05	1.050115e-03	8.977678e-04	4.869708e-05	-4.869708e-05	7.406221e-03	-1.045317e-02
89            	1.947903e-03	2.067210e-20	-3.047006e-03	7.617515e-05	8.929845e-03	4.869757e-05	1.050126e-03	8.977762e-04	4.869757e-05	-4.869757e-05	7.406342e-03	-1.045335e-02
90            	1.947921e-03	2.067073e-20	-3.047062e-03	7.617655e-05	8.929993e-03	4.869803e-05	1.050137e-03	8.977840e-04	4.869803e-05	-4.869803e-05	7.406462e-03	-1.045352e-02
91            	1.947938e-03	2.066953e-20	-3.047117e-03	7.617792e-05	8.930136e-03	4.869845e-05	1.050147e-03	8.977910e-04	4.869845e-05	-4.869845e-05	7.406578e-03	-1.045369e-02
92            	1.947954e-03	2.066845e-20	-3.047171e-03	7.617928e-05	8.930275e-03	4.869884e-05	1.050156e-03	8.977976e-04	4.869884e-05	-4.869884e-05	7.406690e-03	-1.045386e-02
93            	1.947968e-03	2.066770e-20	-3.047224e-03	7.618059e-05	8.930408e-03	4.869921e-05	1.050165e-03	8.978036e-04	4.869921e-05	-4.869921e-05	7.406796e-03	-1.045402e-02
94            	1.947982e-03	2.066697e-20	-3.047275e-03	7.618187e-05	8.930536e-03	4.869955e-05	1.050173e-03	8.978092e-04	4.869955e-05	-4.869955e-05	7.406899e-03	-1.045417e-02
95            	1.947995e-03	2.066629e-20	-3.047324e-03	7.618311e-05	8.930659e-03	4.869988e-05	1.050181e-03	8.978144e-04	4.869988e-05	-4.869988e-05	7.406997e-03	-1.045432e-02
96            	1.948007e-03	2.066567e-20	-3.047371e-03	7.618428e-05	8.930775e-03	4.870018e-05	1.050188e-03	8.978194e-04	4.870018e-05	-4.870018e-05	7.407089e-03	-1.045446e-02
97            	1.948019e-03	2.066510e-20	-3.047415e-03	7.618538e-05	8.930883e-03	4.870047e-05	1.050195e-03	8.978240e-04	4.870047e-05	-4.870047e-05	7.407176e-03	-1.045459e-02
98            	1.948029e-03	2.066456e-20	-3.047456e-03	7.618639e-05	8.930983e-03	4.870073e-05	1.050201e-03	8.978282e-04	4.870073e-05	-4.870073e-05	7.407256e-03	-1.045471e-02
99            	1.948039e-03	2.066406e-20	-3.047493e-03	7.618732e-05	8.931076e-03	4.870097e-05	1.050207e-03	8.978321e-04	4.870097e-05	-4.870097e-05	7.407329e-03	-1.045482e-02
100           	1.948048e-03	2.066359e-20	-3.047527e-03	7.618818e-05	8.931160e-03	4.870119e-05	1.050212e-03	8.978357e-04	4.870119e-05	-4.870119e-05	7.407396e-03	-1.045492e-02
101           	1.948056e-03	2.066315e-20	-3.047559e-03	7.618897e-05	8.931237e-03	4.870140e-05	1.050217e-03	8.978390e-04	4.870140e-05	-4.870140e-05	7.407458e-03	-1.045502e-02
102           	1.948063e-03	2.066273e-20	-3.047588e-03	7.618969e-05	8.931308e-03	4.870158e-05	1.050221e-03	8.978419e-04	4.870158e-05	-4.870158e-05	7.407514e-03	-1.045510e-02
103           	1.948070e-03	2.066234e-20	-3.047614e-03	7.619036e-05	8.931374e-03	4.870175e-05	1.050225e-03	8.978447e-04	4.870175e-05	-4.870175e-05	7.407567e-03	-1.045518e-02
104           	1.948076e-03	2.066199e-20	-3.047640e-03	7.619100e-05	8.931436e-03	4.870191e-05	1.050229e-03	8.978472e-04	4.870191e-05	-4.870191e-05	7.407616e-03	-1.045526e-02
105           	1.948083e-03	2.066167e-20	-3.047664e-03	7.619160e-05	8.931495e-03	4.870207e-05	1.050233e-03	8.978497e-04	4.870207e-05	-4.870207e-05	7.407663e-03	-1.045533e-02
106           	1.948088e-03	2.066140e-20	-3.047686e-03	7.619216e-05	8.931550e-03	4.870221e-05	1.050236e-03	8.978521e-04	4.870221e-05	-4.870221e-05	7.407707e-03	-1.045539e-02
107           	1.948094e-03	2.066135e-20	-3.047707e-03	7.619267e-05	8.931600e-03	4.870234e-05	1.050240e-03	8.978542e-04	4.870234e-05	-4.870234e-05	7.407747e-03	-1.045545e-02
108           	1.948098e-03	2.066132e-20	-3.047726e-03	7.619314e-05	8.931646e-03	4.870246e-05	1.050242e-03	8.978560e-04	4.870246e-05	-4.870246e-05	7.407784e-03	-1.045551e-02
109           	1.948103e-03	2.066133e-20	-3.047743e-03	7.619357e-05	8.931689e-03	4.870256e-05	1.050245e-03	8.978577e-04	4.870256e-05	-4.870256e-05	7.407817e-03	-1.045556e-02
110           	1.948106e-03	2.066134e-20	-3.047759e-03	7.619397e-05	8.931728e-03	4.870266e-05	1.050247e-03	8.978593e-04	4.870266e-05	-4.870266e-05	7.407848e-03	-1.045561e-02
111           	1.948110e-03	2.066135e-20	-3.047774e-03	7.619435e-05	8.931765e-03	4.870275e-05	1.050249e-03	8.978606e-04	4.870275e-05	-4.870275e-05	7.407878e-03	-1.045565e-02
112           	1.948113e-03	2.066134e-20	-3.047787e-03	7.619467e-05	8.931797e-03	4.870283e-05	1.050251e-03	8.978619e-04	4.870283e-05	-4.870283e-05	7.407903e-03	-1.045569e-02
113           	1.948116e-03	2.066131e-20	-3.047799e-03	7.619497e-05	8.931826e-03	4.870290e-05	1.050253e-03	8.978631e-04	4.870290e-05	-4.870290e-05	7.407927e-03	-1.045573e-02
114           	1.948118e-03	2.066123e-20	-3.047809e-03	7.619522e-05	8.931851e-03	4.870296e-05	1.050254e-03	8.978639e-04	4.870296e-05	-4.870296e-05	7.407946e-03	-1.045576e-02
115           	1.948120e-03	2.066107e-20	-3.047819e-03	7.619548e-05	8.931876e-03	4.870301e-05	1.050256e-03	8.978647e-04	4.870301e-05	-4.870301e-05	7.407966e-03	-1.045579e-02
116           	1.948123e-03	2.066094e-20	-3.047829e-03	7.619573e-05	8.931900e-03	4.870307e-05	1.050257e-03	8.978656e-04	4.870307e-05	-4.870307e-05	7.407985e-03	-1.045581e-02
117           	1.948125e-03	2.066081e-20	-3.047838e-03	7.619596e-05	8.931922e-03	4.870312e-05	1.050258e-03	8.978664e-04	4.870312e-05	-4.870312e-05	7.408003e-03	-1.045584e-02
118           	1.948127e-03	2.066071e-20	-3.047846e-03	7.619616e-05	8.931943e-03	4.870317e-05	1.050260e-03	8.978673e-04	4.870317e-05	-4.870317e-05	7.408020e-03	-1.045587e-02
119           	1.948129e-03	2.066060e-20	-3.047853e-03	7.619633e-05	8.931961e-03	4.870321e-05	1.050261e-03	8.978679e-04	4.870321e-05	-4.870321e-05	7.408034e-03	-1.045589e-02
120           	1.948130e-03	2.066043e-20	-3.047860e-03	7.619650e-05	8.931977e-03	4.870325e-05	1.050262e-03	8.978685e-04	4.870325e-05	-4.870325e-05	7.408047e-03	-1.045591e-02
121           	1.948132e-03	2.066025e-20	-3.047866e-03	7.619666e-05	8.931993e-03	4.870329e-05	1.050262e-03	8.978691e-04	4.870329e-05	-4.870329e-05	7.408060e-03	-1.045593e-02
122           	1.948133e-03	2.066007e-20	-3.047873e-03	7.619682e-05	8.932009e-03	4.870333e-05	1.050263e-03	8.978697e-04	4.870333e-05	-4.870333e-05	7.408073e-03	-1.045595e-02
123           	1.948135e-03	2.065989e-20	-3.047879e-03	7.619698e-05	8.932025e-03	4.870336e-05	1.050264e-03	8.978703e-04	4.870336e-05	-4.870336e-05	7.408085e-03	-1.045596e-02
124           	1.948136e-03	2.065973e-20	-3.047886e-03	7.619714e-05	8.932041e-03	4.870340e-05	1.050265e-03	8.978709e-04	4.870340e-05	-4.870340e-05	7.408098e-03	-1.045598e-02
125           	1.948137e-03	2.065958e-20	-3.047891e-03	7.619728e-05	8.932054e-03	4.870343e-05	1.050266e-03	8.978713e-04	4.870343e-05	-4.870343e-05	7.408108e-03	-1.045600e-02
126           	1.948138e-03	2.065945e-20	-3.047897e-03	7.619742e-05	8.932067e-03	4.870346e-05	1.050267e-03	8.978717e-04	4.870346e-05	-4.870346e-05	7.408119e-03	-1.045602e-02
127           	1.948139e-03	2.065935e-20	-3.047902e-03	7.619755e-05	8.932080e-03	4.870348e-05	1.050267e-03	8.978721e-04	4.870348e-05	-4.870348e-05	7.408129e-03	-1.045603e-02
128           	1.948140e-03	2.065928e-20	-3.047906e-03	7.619766e-05	8.932091e-03	4.870351e-05	1.050268e-03	8.978725e-04	4.870351e-05	-4.870351e-05	7.408138e-03	-1.045604e-02
129           	1.948141e-03	2.065923e-20	-3.047910e-03	7.619776e-05	8.932100e-03	4.870353e-05	1.050268e-03	8.978728e-04	4.870353e-05	-4.870353e-05	7.408145e-03	-1.045606e-02
130           	1.948142e-03	2.065919e-20	-3.047914e-03	7.619785e-05	8.932109e-03	4.870354e-05	1.050269e-03	8.978730e-04	4.870354e-05	-4.870354e-05	7.408152e-03	-1.045607e-02
131           	1.948142e-03	2.065915e-20	-3.047917e-03	7.619793e-05	8.932117e-03	4.870356e-05	1.050269e-03	8.978732e-04	4.870356e-05	-4.870356e-05	7.408158e-03	-1.045608e-02
132           	1.948143e-03	2.065912e-20	-3.047920e-03	7.619801e-05	8.932124e-03	4.870357e-05	1.050269e-03	8.978733e-04	4.870357e-05	-4.870357e-05	7.408164e-03	-1.045608e-02
133           	1.948143e-03	2.065909e-20	-3.047923e-03	7.619808e-05	8.932131e-03	4.870358e-05	1.050270e-03	8.978735e-04	4.870358e-05	-4.870358e-05	7.408169e-03	-1.045609e-02
134           	1.948143e-03	2.065907e-20	-3.047926e-03	7.619815e-05	8.932137e-03	4.870359e-05	1.050270e-03	8.978736e-04	4.870359e-05	-4.870359e-05	7.408174e-03	-1.045610e-02
135           	1.948144e-03	2.065905e-20	-3.047928e-03	7.619821e-05	8.932143e-03	4.870360e-05	1.050270e-03	8.978737e-04	4.870360e-05	-4.870360e-05	7.408179e-03	-1.045611e-02
136           	1.948144e-03	2.065904e-20	-3.047931e-03	7.619827e-05	8.932149e-03	4.870361e-05	1.050270e-03	8.978738e-04	4.870361e-05	-4.870361e-05	7.408184e-03	-1.045611e-02
137           	1.948145e-03	2.065906e-20	-3.047933e-03	7.619833e-05	8.932154e-03	4.870361e-05	1.050271e-03	8.978739e-04	4.870361e-05	-4.870361e-05	7.408188e-03	-1.045612e-02
138           	1.948145e-03	2.065907e-20	-3.047935e-03	7.619838e-05	8.932159e-03	4.870362e-05	1.050271e-03	8.978740e-04	4.870362e-05	-4.870362e-05	7.408191e-03	-1.045613e-02
139           	1.948145e-03	2.065908e-20	-3.047937e-03	7.619843e-05	8.932164e-03	4.870363e-05	1.050271e-03	8.978741e-04	4.870363e-05	-4.870363e-05	7.408195e-03	-1.045613e-02
140           	1.948145e-03	2.065909e-20	-3.047939e-03	7.619847e-05	8.932168e-03	4.870363e-05	1.050271e-03	8.978742e-04	4.870363e-05	-4.870363e-05	7.408198e-03	-1.045614e-02
141           	1.948145e-03	2.065910e-20	-3.047941e-03	7.619852e-05	8.932172e-03	4.870364e-05	1.050271e-03	8.978742e-04	4.870364e-05	-4.870364e-05	7.408201e-03	-1.045614e-02
142           	1.948146e-03	2.065911e-20	-3.047942e-03	7.619855e-05	8.932175e-03	4.870364e-05	1.050271e-03	8.978742e-04	4.870364e-05	-4.870364e-05	7.408204e-03	-1.045615e-02
143           	1.948146e-03	2.065912e-20	-3.047944e-03	7.619859e-05	8.932178e-03	4.870364e-05	1.050271e-03	8.978743e-04	4.870364e-05	-4.870364e-05	7.408207e-03	-1.045615e-02
144           	1.948146e-03	2.065911e-20	-3.047945e-03	7.619863e-05	8.932182e-03	4.870365e-05	1.050272e-03	8.978743e-04	4.870365e-05	-4.870365e-05	7.408209e-03	-1.045615e-02
145           	1.948146e-03	2.065911e-20	-3.047946e-03	7.619866e-05	8.932185e-03	4.870365e-05	1.050272e-03	8.978743e-04	4.870365e-05	-4.870365e-05	7.408212e-03	-1.045616e-02
146           	1.948146e-03	2.065911e-20	-3.047948e-03	7.619869e-05	8.932188e-03	4.870365e-05	1.050272e-03	8.978743e-04	4.870365e-05	-4.870365e-05	7.408214e-03	-1.045616e-02
147           	1.948146e-03	2.065911e-20	-3.047949e-03	7.619872e-05	8.932191e-03	4.870365e-05	1.050272e-03	8.978743e-04	4.870365e-05	-4.870365e-05	7.408216e-03	-1.045616e-02
148           	1.948146e-03	2.065910e-20	-3.047950e-03	7.619875e-05	8.932193e-03	4.870365e-05	1.050272e-03	8.978743e-04	4.870365e-05	-4.870365e-05	7.408218e-03	-1.045617e-02
149           	1.948146e-03	2.065911e-20	-3.047951e-03	7.619878e-05	8.932195e-03	4.870366e-05	1.050272e-03	8.978744e-04	4.870366e-05	-4.870366e-05	7.408220e-03	-1.045617e-02
150           	1.948146e-03	2.065911e-20	-3.047952e-03	7.619880e-05	8.932198e-03	4.870366e-05	1.050272e-03	8.978744e-04	4.870366e-05	-4.870366e-05	7.408221e-03	-1.045617e-02
151           	1.948146e-03	2.065911e-20	-3.047953e-03	7.619883e-05	8.932200e-03	4.870366e-05	1.050272e-03	8.978744e-04	4.870366e-05	-4.870366e-05	7.408223e-03	-1.045618e-02
152           	1.948146e-03	2.065912e-20	-3.047954e-03	7.619885e-05	8.932202e-03	4.870366e-05	1.050272e-03	8.978744e-04	4.870366e-05	-4.870366e-05	7.408225e-03	-1.045618e-02
153           	1.948146e-03	2.065912e-20	-3.047955e-03	7.619887e-05	8.932204e-03	4.870366e-05	1.050272e-03	8.978744e-04	4.870366e-05	-4.870366e-05	7.408226e-03	-1.045618e-02
154           	1.948147e-03	2.065912e-20	-3.047956e-03	7.619889e-05	8.932205e-03	4.870366e-05	1.050272e-03	8.978744e-04	4.870366e-05	-4.870366e-05	7.408227e-03	-1.045618e-02
155           	1.948147e-03	2.065913e-20	-3.047956e-03	7.619891e-05	8.932207e-03	4.870366e-05	1.050272e-03	8.978744e-04	4.870366e-05	-4.870366e-05	7.408229e-03	-1.045619e-02
156           	1.948147e-03	2.065913e-20	-3.047957e-03	7.619893e-05	8.932208e-03	4.870367e-05	1.050272e-03	8.978744e-04	4.870367e-05	-4.870367e-05	7.408230e-03	-1.045619e-02
157           	1.948147e-03	2.065913e-20	-3.047958e-03	7.619894e-05	8.932210e-03	4.870367e-05	1.050272e-03	8.978744e-04	4.870367e-05	-4.870367e-05	7.408231e-03	-1.045619e-02
158           	1.948147e-03	2.065913e-20	-3.047958e-03	7.619896e-05	8.932211e-03	4.870367e-05	1.050272e-03	8.978744e-04	4.870367e-05	-4.870367e-05	7.408232e-03	-1.045619e-02
159           	1.948147e-03	2.065913e-20	-3.047959e-03	7.619897e-05	8.932213e-03	4.870367e-05	1.050272e-03	8.978744e-04	4.870367e-05	-4.870367e-05	7.408233e-03	-1.045619e-02
160           	1.948147e-03	2.065914e-20	-3.047959e-03	7.619899e-05	8.932214e-03	4.870367e-05	1.050272e-03	8.978744e-04	4.870367e-05	-4.870367e-05	7.408234e-03	-1.045619e-02
161           	1.948147e-03	2.065914e-20	-3.047960e-03	7.619900e-05	8.932215e-03	4.870367e-05	1.050272e-03	8.978744e-04	4.870367e-05	-4.870367e-05	7.408235e-03	-1.045619e-02
162           	1.948147e-03	2.065914e-20	-3.047961e-03	7.619901e-05	8.932216e-03	4.870367e-05	1.050272e-03	8.978744e-04	4.870367e-05	-4.870367e-05	7.408236e-03	-1.045620e-02
163           	1.948147e-03	2.065914e-20	-3.047961e-03	7.619902e-05	8.932217e-03	4.870367e-05	1.050272e-03	8.978744e-04	4.870367e-05	-4.870367e-05	7.408236e-03	-1.045620e-02
164           	1.948147e-03	2.065915e-20	-3.047961e-03	7.619903e-05	8.932218e-03	4.870367e-05	1.050272e-03	8.978744e-04	4.870367e-05	-4.870367e-05	7.408237e-03	-1.045620e-02
165           	1.948147e-03	2.065914e-20	-3.047962e-03	7.619904e-05	8.932219e-03	4.870367e-05	1.050272e-03	8.978744e-04	4.870367e-05	-4.870367e-05	7.408238e-03	-1.045620e-02
166           	1.948147e-03	2.065914e-20	-3.047962e-03	7.619905e-05	8.932219e-03	4.870367e-05	1.050273e-03	8.978744e-04	4.870367e-05	-4.870367e-05	7.408238e-03	-1.045620e-02
167           	1.948147e-03	2.065914e-20	-3.047963e-03	7.619906e-05	8.932220e-03	4.870367e-05	1.050273e-03	8.978744e-04	4.870367e-05	-4.870367e-05	7.408239e-03	-1.045620e-02
168           	1.948147e-03	2.065913e-20	-3.047963e-03	7.619907e-05	8.932221e-03	4.870367e-05	1.050273e-03	8.978744e-04	4.870367e-05	-4.870367e-05	7.408240e-03	-1.045620e-02
169           	1.948147e-03	2.065913e-20	-3.047963e-03	7.619908e-05	8.932222e-03	4.870367e-05	1.050273e-03	8.978744e-04	4.870367e-05	-4.870367e-05	7.408240e-03	-1.045620e-02
170           	1.948147e-03	2.065912e-20	-3.047963e-03	7.619909e-05	8.932222e-03	4.870367e-05	1.050273e-03	8.978744e-04	4.870367e-05	-4.870367e-05	7.408241e-03	-1.045620e-02
171           	1.948147e-03	2.065912e-20	-3.047964e-03	7.619909e-05	8.932223e-03	4.870367e-05	1.050273e-03	8.978744e-04	4.870367e-05	-4.870367e-05	7.408241e-03	-1.045620e-02
172           	1.948147e-03	2.065911e-20	-3.047964e-03	7.619910e-05	8.932223e-03	4.870367e-05	1.050273e-03	8.978744e-04	4.870367e-05	-4.870367e-05	7.408241e-03	-1.045621e-02
173           	1.948147e-03	2.065911e-20	-3.047964e-03	7.619911e-05	8.932224e-03	4.870367e-05	1.050273e-03	8.978744e-04	4.870367e-05	-4.870367e-05	7.408242e-03	-1.045621e-02
174           	1.948147e-03	2.065911e-20	-3.047965e-03	7.619911e-05	8.932224e-03	4.870367e-05	1.050273e-03	8.978744e-04	4.870367e-05	-4.870367e-05	7.408242e-03	-1.045621e-02
175           	1.948147e-03	2.065910e-20	-3.047965e-03	7.619912e-05	8.932225e-03	4.870367e-05	1.050273e-03	8.978744e-04	4.870367e-05	-4.870367e-05	7.408242e-03	-1.045621e-02
176           	1.948147e-03	2.065910e-20	-3.047965e-03	7.619912e-05	8.932225e-03	4.870367e-05	1.050273e-03	8.978744e-04	4.870367e-05	-4.870367e-05	7.408243e-03	-1.045621e-02
177           	1.948147e-03	2.065910e-20	-3.047965e-03	7.619913e-05	8.932226e-03	4.870367e-05	1.050273e-03	8.978743e-04	4.870367e-05	-4.870367e-05	7.408243e-03	-1.045621e-02
178           	1.948147e-03	2.065911e-20	-3.047965e-03	7.619913e-05	8.932226e-03	4.870367e-05	1.050273e-03	8.978743e-04	4.870367e-05	-4.870367e-05	7.408243e-03	-1.045621e-02
179           	1.948147e-03	2.065911e-20	-3.047965e-03	7.619913e-05	8.932226e-03	4.870367e-05	1.050273e-03	8.978743e-04	4.870367e-05	-4.870367e-05	7.408243e-03	-1.045621e-02
180           	1.948147e-03	2.065911e-20	-3.047966e-03	7.619914e-05	8.932226e-03	4.870367e-05	1.050273e-03	8.978743e-04	4.870367e-05	-4.870367e-05	7.408244e-03	-1.045621e-02
181           	1.948147e-03	2.065911e-20	-3.047966e-03	7.619914e-05	8.932227e-03	4.870367e-05	1.050273e-03	8.978743e-04	4.870367e-05	-4.870367e-05	7.408244e-03	-1.045621e-02
182           	1.948147e-03	2.065911e-20	-3.047966e-03	7.619915e-05	8.932227e-03	4.870367e-05	1.050273e-03	8.978743e-04	4.870367e-05	-4.870367e-05	7.408244e-03	-1.045621e-02
183           	1.948147e-03	2.065911e-20	-3.047966e-03	7.619915e-05	8.932227e-03	4.870367e-05	1.050273e-03	8.978743e-04	4.870367e-05	-4.870367e-05	7.408244e-03	-1.045621e-02
184           	1.948147e-03	2.065912e-20	-3.047966e-03	7.619915e-05	8.932227e-03	4.870367e-05	1.050273e-03	8.978743e-04	4.870367e-05	-4.870367e-05	7.408244e-03	-1.045621e-02
185           	1.948147e-03	2.065912e-20	-3.047966e-03	7.619915e-05	8.932228e-03	4.870367e-05	1.050273e-03	8.978743e-04	4.870367e-05	-4.870367e-05	7.408245e-03	-1.045621e-02
186           	1.948147e-03	2.065912e-20	-3.047966e-03	7.619916e-05	8.932228e-03	4.870367e-05	1.050273e-03	8.978743e-04	4.870367e-05	-4.870367e-05	7.408245e-03	-1.045621e-02
