# Force coefficients
# dragDir     : (1.000000e+00 0.000000e+00 0.000000e+00)
# sideDir     : (0.000000e+00 0.000000e+00 -1.000000e+00)
# liftDir     : (0.000000e+00 1.000000e+00 0.000000e+00)
# rollAxis    : (1.000000e+00 0.000000e+00 0.000000e+00)
# pitchAxis   : (0.000000e+00 0.000000e+00 -1.000000e+00)
# yawAxis     : (0.000000e+00 1.000000e+00 0.000000e+00)
# magUInf     : 2.000000e-02
# lRef        : 1.000000e-01
# Aref        : 1.000000e-01
# CofR        : (0.000000e+00 0.000000e+00 0.000000e+00)
#
# Time        	Cd            	Cs            	Cl            	CmRoll        	CmPitch       	CmYaw         	Cd(f)         	Cd(r)         	Cs(f)         	Cs(r)         	Cl(f)         	Cl(r)         
1             	2.274913e-03	6.206045e-20	1.755671e-03	-4.389177e-05	9.984821e-04	5.687283e-05	1.093565e-03	1.181348e-03	5.687283e-05	-5.687283e-05	1.876318e-03	-1.206467e-04
2             	5.294828e-03	2.738724e-19	1.804485e-03	-4.511213e-05	7.383482e-03	1.323707e-04	2.602302e-03	2.692526e-03	1.323707e-04	-1.323707e-04	8.285725e-03	-6.481240e-03
3             	4.921953e-03	2.262605e-19	-4.547169e-04	1.136792e-05	1.148829e-02	1.230488e-04	2.472344e-03	2.449608e-03	1.230488e-04	-1.230488e-04	1.126093e-02	-1.171565e-02
4             	4.043043e-03	5.185429e-20	-8.046011e-04	2.011503e-05	1.023940e-02	1.010761e-04	2.041637e-03	2.001407e-03	1.010761e-04	-1.010761e-04	9.837099e-03	-1.064170e-02
5             	3.039511e-03	-2.199935e-20	-7.578118e-04	1.894529e-05	7.860721e-03	7.598777e-05	1.538701e-03	1.500810e-03	7.598777e-05	-7.598777e-05	7.481815e-03	-8.239627e-03
6             	2.385035e-03	-2.750998e-20	-5.176245e-04	1.294061e-05	5.883165e-03	5.962588e-05	1.205458e-03	1.179577e-03	5.962588e-05	-5.962588e-05	5.624352e-03	-6.141977e-03
7             	2.161879e-03	-1.433824e-20	-6.827847e-04	1.706962e-05	5.734190e-03	5.404698e-05	1.098009e-03	1.063870e-03	5.404698e-05	-5.404698e-05	5.392798e-03	-6.075582e-03
8             	2.258146e-03	-2.446898e-21	-9.375365e-04	2.343841e-05	6.487052e-03	5.645366e-05	1.152512e-03	1.105635e-03	5.645366e-05	-5.645366e-05	6.018283e-03	-6.955820e-03
9             	2.456212e-03	3.529295e-21	-1.113891e-03	2.784729e-05	7.291011e-03	6.140529e-05	1.255953e-03	1.200259e-03	6.140529e-05	-6.140529e-05	6.734065e-03	-7.847956e-03
10            	2.658624e-03	5.860042e-21	-1.127535e-03	2.818838e-05	7.761670e-03	6.646559e-05	1.357500e-03	1.301123e-03	6.646559e-05	-6.646559e-05	7.197903e-03	-8.325438e-03
11            	2.785334e-03	6.941721e-21	-1.019485e-03	2.548713e-05	7.816057e-03	6.963334e-05	1.418154e-03	1.367180e-03	6.963334e-05	-6.963334e-05	7.306314e-03	-8.325800e-03
12            	2.829347e-03	7.379678e-21	-8.760234e-04	2.190058e-05	7.624282e-03	7.073367e-05	1.436574e-03	1.392773e-03	7.073367e-05	-7.073367e-05	7.186270e-03	-8.062293e-03
13            	2.835482e-03	7.348808e-21	-6.286653e-04	1.571663e-05	7.126261e-03	7.088706e-05	1.433458e-03	1.402025e-03	7.088706e-05	-7.088706e-05	6.811928e-03	-7.440593e-03
14            	2.829779e-03	6.820437e-21	-4.627365e-04	1.156841e-05	6.781428e-03	7.074447e-05	1.426458e-03	1.403321e-03	7.074447e-05	-7.074447e-05	6.550060e-03	-7.012796e-03
15            	2.802336e-03	7.090906e-21	-2.776015e-04	6.940037e-06	6.345086e-03	7.005839e-05	1.408108e-03	1.394228e-03	7.005839e-05	-7.005839e-05	6.206286e-03	-6.483887e-03
16            	2.794128e-03	7.198937e-21	-1.683293e-04	4.208232e-06	6.110668e-03	6.985321e-05	1.401272e-03	1.392856e-03	6.985321e-05	-6.985321e-05	6.026504e-03	-6.194833e-03
17            	2.791955e-03	7.672566e-21	-8.741016e-05	2.185254e-06	5.943479e-03	6.979888e-05	1.398163e-03	1.393792e-03	6.979888e-05	-6.979888e-05	5.899774e-03	-5.987185e-03
18            	2.790378e-03	8.198432e-21	-2.613628e-05	6.534069e-07	5.819028e-03	6.975945e-05	1.395842e-03	1.394536e-03	6.975945e-05	-6.975945e-05	5.805960e-03	-5.832096e-03
19            	2.800790e-03	8.689398e-21	-4.571634e-06	1.142908e-07	5.802380e-03	7.001976e-05	1.400509e-03	1.400281e-03	7.001976e-05	-7.001976e-05	5.800094e-03	-5.804666e-03
20            	2.815611e-03	9.075336e-21	-9.504165e-06	2.376041e-07	5.851726e-03	7.039026e-05	1.408043e-03	1.407568e-03	7.039026e-05	-7.039026e-05	5.846974e-03	-5.856478e-03
21            	2.833892e-03	9.589074e-21	-3.799021e-05	9.497552e-07	5.958157e-03	7.084731e-05	1.417896e-03	1.415996e-03	7.084731e-05	-7.084731e-05	5.939162e-03	-5.977152e-03
22            	2.853272e-03	9.720454e-21	-6.170980e-05	1.542745e-06	6.054965e-03	7.133180e-05	1.428179e-03	1.425093e-03	7.133180e-05	-7.133180e-05	6.024110e-03	-6.085820e-03
23            	2.873834e-03	9.938099e-21	-9.278218e-05	2.319554e-06	6.169971e-03	7.184586e-05	1.439237e-03	1.434598e-03	7.184586e-05	-7.184586e-05	6.123580e-03	-6.216362e-03
24            	2.887160e-03	1.037341e-20	-1.035339e-04	2.588346e-06	6.223625e-03	7.217900e-05	1.446168e-03	1.440992e-03	7.217900e-05	-7.217900e-05	6.171858e-03	-6.275392e-03
25            	2.897697e-03	1.043026e-20	-9.580282e-05	2.395070e-06	6.230035e-03	7.244242e-05	1.451243e-03	1.446453e-03	7.244242e-05	-7.244242e-05	6.182134e-03	-6.277937e-03
26            	2.901371e-03	1.058120e-20	-7.137710e-05	1.784428e-06	6.184635e-03	7.253428e-05	1.452470e-03	1.448901e-03	7.253428e-05	-7.253428e-05	6.148947e-03	-6.220324e-03
27            	2.899395e-03	1.068433e-20	-3.743741e-05	9.359352e-07	6.106287e-03	7.248489e-05	1.450634e-03	1.448762e-03	7.248489e-05	-7.248489e-05	6.087568e-03	-6.125006e-03
28            	2.893705e-03	1.074306e-20	-7.837074e-06	1.959268e-07	6.029767e-03	7.234263e-05	1.447048e-03	1.446657e-03	7.234263e-05	-7.234263e-05	6.025848e-03	-6.033685e-03
29            	2.887861e-03	1.085936e-20	6.471221e-06	-1.617805e-07	5.987116e-03	7.219651e-05	1.443768e-03	1.444092e-03	7.219651e-05	-7.219651e-05	5.990352e-03	-5.983880e-03
30            	2.882750e-03	1.088321e-20	2.248709e-06	-5.621772e-08	5.987310e-03	7.206875e-05	1.441319e-03	1.441431e-03	7.206875e-05	-7.206875e-05	5.988434e-03	-5.986185e-03
31            	2.879348e-03	1.086203e-20	-2.226150e-05	5.565375e-07	6.036221e-03	7.198369e-05	1.440230e-03	1.439117e-03	7.198369e-05	-7.198369e-05	6.025090e-03	-6.047352e-03
32            	2.878122e-03	1.081182e-20	-6.028640e-05	1.507160e-06	6.119400e-03	7.195306e-05	1.440568e-03	1.437554e-03	7.195306e-05	-7.195306e-05	6.089256e-03	-6.149543e-03
33            	2.879076e-03	1.081943e-20	-9.369964e-05	2.342491e-06	6.196629e-03	7.197689e-05	1.441880e-03	1.437195e-03	7.197689e-05	-7.197689e-05	6.149779e-03	-6.243479e-03
34            	2.880907e-03	1.077999e-20	-1.168123e-04	2.920307e-06	6.252422e-03	7.202268e-05	1.443374e-03	1.437533e-03	7.202268e-05	-7.202268e-05	6.194016e-03	-6.310828e-03
35            	2.881420e-03	1.080066e-20	-1.247437e-04	3.118593e-06	6.271097e-03	7.203550e-05	1.443829e-03	1.437591e-03	7.203550e-05	-7.203550e-05	6.208726e-03	-6.333469e-03
36            	2.880943e-03	1.081749e-20	-1.168554e-04	2.921385e-06	6.252222e-03	7.202359e-05	1.443393e-03	1.437550e-03	7.202359e-05	-7.202359e-05	6.193794e-03	-6.310649e-03
37            	2.879616e-03	1.082838e-20	-9.469011e-05	2.367253e-06	6.199737e-03	7.199041e-05	1.442175e-03	1.437441e-03	7.199041e-05	-7.199041e-05	6.152392e-03	-6.247082e-03
38            	2.876389e-03	1.085142e-20	-7.196124e-05	1.799031e-06	6.142033e-03	7.190972e-05	1.439993e-03	1.436395e-03	7.190972e-05	-7.190972e-05	6.106053e-03	-6.178014e-03
39            	2.872308e-03	1.085386e-20	-5.775296e-05	1.443824e-06	6.101610e-03	7.180771e-05	1.437598e-03	1.434710e-03	7.180771e-05	-7.180771e-05	6.072734e-03	-6.130487e-03
40            	2.868716e-03	1.083561e-20	-5.613275e-05	1.403319e-06	6.090516e-03	7.171791e-05	1.435762e-03	1.432955e-03	7.171791e-05	-7.171791e-05	6.062450e-03	-6.118582e-03
41            	2.865756e-03	1.078223e-20	-6.949507e-05	1.737377e-06	6.114274e-03	7.164391e-05	1.434616e-03	1.431141e-03	7.164391e-05	-7.164391e-05	6.079526e-03	-6.149021e-03
42            	2.864273e-03	1.068197e-20	-9.681392e-05	2.420348e-06	6.172103e-03	7.160682e-05	1.434557e-03	1.429716e-03	7.160682e-05	-7.160682e-05	6.123696e-03	-6.220510e-03
43            	2.864721e-03	1.058407e-20	-1.277565e-04	3.193913e-06	6.241807e-03	7.161804e-05	1.435555e-03	1.429167e-03	7.161804e-05	-7.161804e-05	6.177929e-03	-6.305686e-03
44            	2.866813e-03	1.050450e-20	-1.508804e-04	3.772009e-06	6.297367e-03	7.167033e-05	1.437179e-03	1.429635e-03	7.167033e-05	-7.167033e-05	6.221927e-03	-6.372807e-03
45            	2.868777e-03	1.045942e-20	-1.620408e-04	4.051021e-06	6.325799e-03	7.171943e-05	1.438440e-03	1.430338e-03	7.171943e-05	-7.171943e-05	6.244778e-03	-6.406819e-03
46            	2.869955e-03	1.044133e-20	-1.608969e-04	4.022424e-06	6.324912e-03	7.174887e-05	1.439000e-03	1.430955e-03	7.174887e-05	-7.174887e-05	6.244463e-03	-6.405360e-03
47            	2.869953e-03	1.044620e-20	-1.467270e-04	3.668176e-06	6.292417e-03	7.174882e-05	1.438645e-03	1.431308e-03	7.174882e-05	-7.174882e-05	6.219054e-03	-6.365781e-03
48            	2.868131e-03	1.047488e-20	-1.256007e-04	3.140018e-06	6.240766e-03	7.170327e-05	1.437206e-03	1.430925e-03	7.170327e-05	-7.170327e-05	6.177965e-03	-6.303566e-03
49            	2.865139e-03	1.050271e-20	-1.087995e-04	2.719987e-06	6.196470e-03	7.162848e-05	1.435290e-03	1.429850e-03	7.162848e-05	-7.162848e-05	6.142071e-03	-6.250870e-03
50            	2.862501e-03	1.051017e-20	-1.015798e-04	2.539495e-06	6.174488e-03	7.156254e-05	1.433790e-03	1.428711e-03	7.156254e-05	-7.156254e-05	6.123698e-03	-6.225278e-03
51            	2.860812e-03	1.049765e-20	-1.042438e-04	2.606094e-06	6.176750e-03	7.152031e-05	1.433012e-03	1.427800e-03	7.152031e-05	-7.152031e-05	6.124628e-03	-6.228872e-03
52            	2.859977e-03	1.046557e-20	-1.181206e-04	2.953016e-06	6.205914e-03	7.149943e-05	1.432942e-03	1.427036e-03	7.149943e-05	-7.149943e-05	6.146854e-03	-6.264975e-03
53            	2.860197e-03	1.041140e-20	-1.400933e-04	3.502332e-06	6.255180e-03	7.150493e-05	1.433601e-03	1.426596e-03	7.150493e-05	-7.150493e-05	6.185134e-03	-6.325227e-03
54            	2.861602e-03	1.035372e-20	-1.589298e-04	3.973244e-06	6.299839e-03	7.154004e-05	1.434774e-03	1.426828e-03	7.154004e-05	-7.154004e-05	6.220374e-03	-6.379304e-03
55            	2.863384e-03	1.032569e-20	-1.696331e-04	4.240829e-06	6.327078e-03	7.158459e-05	1.435933e-03	1.427451e-03	7.158459e-05	-7.158459e-05	6.242262e-03	-6.411895e-03
56            	2.864759e-03	1.031832e-20	-1.712105e-04	4.280262e-06	6.332929e-03	7.161897e-05	1.436660e-03	1.428099e-03	7.161897e-05	-7.161897e-05	6.247324e-03	-6.418534e-03
57            	2.865544e-03	1.032984e-20	-1.625556e-04	4.063890e-06	6.314652e-03	7.163861e-05	1.436836e-03	1.428708e-03	7.163861e-05	-7.163861e-05	6.233374e-03	-6.395929e-03
58            	2.865476e-03	1.036159e-20	-1.457199e-04	3.642997e-06	6.276522e-03	7.163690e-05	1.436381e-03	1.429095e-03	7.163690e-05	-7.163690e-05	6.203662e-03	-6.349382e-03
59            	2.863988e-03	1.040610e-20	-1.294222e-04	3.235554e-06	6.236695e-03	7.159971e-05	1.435230e-03	1.428759e-03	7.159971e-05	-7.159971e-05	6.171984e-03	-6.301406e-03
60            	2.861948e-03	1.043488e-20	-1.187631e-04	2.969078e-06	6.208417e-03	7.154869e-05	1.433943e-03	1.428005e-03	7.154869e-05	-7.154869e-05	6.149036e-03	-6.267799e-03
61            	2.860528e-03	1.044849e-20	-1.150905e-04	2.877264e-06	6.197198e-03	7.151321e-05	1.433141e-03	1.427387e-03	7.151321e-05	-7.151321e-05	6.139653e-03	-6.254743e-03
62            	2.859845e-03	1.044799e-20	-1.190995e-04	2.977487e-06	6.204783e-03	7.149611e-05	1.432900e-03	1.426945e-03	7.149611e-05	-7.149611e-05	6.145233e-03	-6.264332e-03
63            	2.859920e-03	1.043268e-20	-1.313588e-04	3.283970e-06	6.232366e-03	7.149800e-05	1.433244e-03	1.426676e-03	7.149800e-05	-7.149800e-05	6.166687e-03	-6.298045e-03
64            	2.860913e-03	1.040267e-20	-1.462365e-04	3.655911e-06	6.267586e-03	7.152283e-05	1.434113e-03	1.426801e-03	7.152283e-05	-7.152283e-05	6.194468e-03	-6.340705e-03
65            	2.862541e-03	1.037887e-20	-1.566584e-04	3.916461e-06	6.294152e-03	7.156352e-05	1.435187e-03	1.427354e-03	7.156352e-05	-7.156352e-05	6.215823e-03	-6.372481e-03
66            	2.864044e-03	1.037238e-20	-1.604930e-04	4.012324e-06	6.305684e-03	7.160109e-05	1.436034e-03	1.428009e-03	7.160109e-05	-7.160109e-05	6.225438e-03	-6.385931e-03
67            	2.865009e-03	1.037981e-20	-1.572139e-04	3.930347e-06	6.300076e-03	7.162521e-05	1.436435e-03	1.428574e-03	7.162521e-05	-7.162521e-05	6.221469e-03	-6.378683e-03
68            	2.865392e-03	1.040045e-20	-1.465356e-04	3.663390e-06	6.276765e-03	7.163479e-05	1.436359e-03	1.429032e-03	7.163479e-05	-7.163479e-05	6.203497e-03	-6.350032e-03
69            	2.864983e-03	1.043200e-20	-1.323528e-04	3.308819e-06	6.244167e-03	7.162458e-05	1.435800e-03	1.429183e-03	7.162458e-05	-7.162458e-05	6.177991e-03	-6.310344e-03
70            	2.863809e-03	1.046284e-20	-1.198889e-04	2.997222e-06	6.213892e-03	7.159523e-05	1.434902e-03	1.428907e-03	7.159523e-05	-7.159523e-05	6.153948e-03	-6.273837e-03
71            	2.862389e-03	1.048477e-20	-1.131550e-04	2.828875e-06	6.195898e-03	7.155973e-05	1.434024e-03	1.428366e-03	7.155973e-05	-7.155973e-05	6.139321e-03	-6.252476e-03
72            	2.861512e-03	1.049323e-20	-1.129621e-04	2.824053e-06	6.193752e-03	7.153780e-05	1.433580e-03	1.427932e-03	7.153780e-05	-7.153780e-05	6.137271e-03	-6.250233e-03
73            	2.861252e-03	1.048896e-20	-1.193660e-04	2.984149e-06	6.207704e-03	7.153129e-05	1.433610e-03	1.427642e-03	7.153129e-05	-7.153129e-05	6.148021e-03	-6.267387e-03
74            	2.861707e-03	1.047063e-20	-1.305284e-04	3.263211e-06	6.233679e-03	7.154269e-05	1.434117e-03	1.427591e-03	7.154269e-05	-7.154269e-05	6.168415e-03	-6.298944e-03
75            	2.862857e-03	1.044745e-20	-1.403413e-04	3.508533e-06	6.258033e-03	7.157143e-05	1.434937e-03	1.427920e-03	7.157143e-05	-7.157143e-05	6.187862e-03	-6.328204e-03
76            	2.864165e-03	1.043764e-20	-1.457333e-04	3.643332e-06	6.272808e-03	7.160412e-05	1.435726e-03	1.428439e-03	7.160412e-05	-7.160412e-05	6.199942e-03	-6.345675e-03
77            	2.865158e-03	1.043893e-20	-1.460374e-04	3.650935e-06	6.275464e-03	7.162895e-05	1.436230e-03	1.428928e-03	7.162895e-05	-7.162895e-05	6.202445e-03	-6.348482e-03
78            	2.865712e-03	1.045023e-20	-1.409304e-04	3.523259e-06	6.265061e-03	7.164280e-05	1.436379e-03	1.429333e-03	7.164280e-05	-7.164280e-05	6.194596e-03	-6.335526e-03
79            	2.865799e-03	1.047118e-20	-1.310108e-04	3.275270e-06	6.243025e-03	7.164498e-05	1.436175e-03	1.429624e-03	7.164498e-05	-7.164498e-05	6.177520e-03	-6.308530e-03
80            	2.864932e-03	1.049859e-20	-1.201264e-04	3.003159e-06	6.216956e-03	7.162330e-05	1.435469e-03	1.429463e-03	7.162330e-05	-7.162330e-05	6.156893e-03	-6.277020e-03
81            	2.863850e-03	1.052257e-20	-1.128103e-04	2.820257e-06	6.198383e-03	7.159625e-05	1.434745e-03	1.429105e-03	7.159625e-05	-7.159625e-05	6.141978e-03	-6.254789e-03
82            	2.863005e-03	1.053334e-20	-1.103006e-04	2.757516e-06	6.191106e-03	7.157512e-05	1.434260e-03	1.428745e-03	7.157512e-05	-7.157512e-05	6.135955e-03	-6.246256e-03
83            	2.862622e-03	1.053478e-20	-1.121967e-04	2.804917e-06	6.194722e-03	7.156556e-05	1.434116e-03	1.428506e-03	7.156556e-05	-7.156556e-05	6.138624e-03	-6.250820e-03
84            	2.862634e-03	1.052748e-20	-1.191501e-04	2.978752e-06	6.210445e-03	7.156586e-05	1.434296e-03	1.428338e-03	7.156586e-05	-7.156586e-05	6.150870e-03	-6.270020e-03
85            	2.863190e-03	1.051069e-20	-1.278316e-04	3.195791e-06	6.231067e-03	7.157974e-05	1.434791e-03	1.428399e-03	7.157974e-05	-7.157974e-05	6.167151e-03	-6.294983e-03
86            	2.864166e-03	1.049645e-20	-1.341362e-04	3.353404e-06	6.247224e-03	7.160416e-05	1.435437e-03	1.428730e-03	7.160416e-05	-7.160416e-05	6.180156e-03	-6.314292e-03
87            	2.865070e-03	1.049131e-20	-1.367705e-04	3.419263e-06	6.254993e-03	7.162674e-05	1.435954e-03	1.429116e-03	7.162674e-05	-7.162674e-05	6.186608e-03	-6.323378e-03
88            	2.865638e-03	1.049424e-20	-1.353572e-04	3.383931e-06	6.252954e-03	7.164095e-05	1.436203e-03	1.429435e-03	7.164095e-05	-7.164095e-05	6.185276e-03	-6.320633e-03
89            	2.865821e-03	1.050515e-20	-1.295009e-04	3.237522e-06	6.240150e-03	7.164552e-05	1.436148e-03	1.429673e-03	7.164552e-05	-7.164552e-05	6.175400e-03	-6.304900e-03
90            	2.865576e-03	1.052324e-20	-1.212990e-04	3.032476e-06	6.221336e-03	7.163941e-05	1.435821e-03	1.429756e-03	7.163941e-05	-7.163941e-05	6.160686e-03	-6.281985e-03
91            	2.864813e-03	1.054189e-20	-1.142545e-04	2.856363e-06	6.204061e-03	7.162033e-05	1.435263e-03	1.429550e-03	7.162033e-05	-7.162033e-05	6.146933e-03	-6.261188e-03
92            	2.863972e-03	1.055329e-20	-1.103768e-04	2.759420e-06	6.193692e-03	7.159930e-05	1.434745e-03	1.429227e-03	7.159930e-05	-7.159930e-05	6.138503e-03	-6.248880e-03
93            	2.863432e-03	1.055683e-20	-1.101665e-04	2.754161e-06	6.192203e-03	7.158580e-05	1.434470e-03	1.428962e-03	7.158580e-05	-7.158580e-05	6.137120e-03	-6.247286e-03
94            	2.863195e-03	1.055309e-20	-1.139138e-04	2.847846e-06	6.200215e-03	7.157987e-05	1.434445e-03	1.428750e-03	7.157987e-05	-7.157987e-05	6.143258e-03	-6.257172e-03
95            	2.863354e-03	1.054101e-20	-1.207284e-04	3.018211e-06	6.215848e-03	7.158385e-05	1.434695e-03	1.428659e-03	7.158385e-05	-7.158385e-05	6.155484e-03	-6.276212e-03
96            	2.863930e-03	1.052537e-20	-1.269503e-04	3.173758e-06	6.230991e-03	7.159825e-05	1.435139e-03	1.428791e-03	7.159825e-05	-7.159825e-05	6.167516e-03	-6.294466e-03
97            	2.864634e-03	1.051707e-20	-1.306374e-04	3.265936e-06	6.240709e-03	7.161586e-05	1.435583e-03	1.429051e-03	7.161586e-05	-7.161586e-05	6.175391e-03	-6.306028e-03
98            	2.865236e-03	1.051489e-20	-1.313995e-04	3.284987e-06	6.243619e-03	7.163090e-05	1.435903e-03	1.429333e-03	7.163090e-05	-7.163090e-05	6.177919e-03	-6.309319e-03
99            	2.865569e-03	1.051862e-20	-1.289445e-04	3.223613e-06	6.238772e-03	7.163922e-05	1.436008e-03	1.429561e-03	7.163922e-05	-7.163922e-05	6.174300e-03	-6.303244e-03
100           	2.865554e-03	1.052911e-20	-1.230865e-04	3.077162e-06	6.225631e-03	7.163885e-05	1.435854e-03	1.429700e-03	7.163885e-05	-7.163885e-05	6.164088e-03	-6.287175e-03
101           	2.865044e-03	1.054528e-20	-1.168083e-04	2.920208e-06	6.210558e-03	7.162609e-05	1.435442e-03	1.429602e-03	7.162609e-05	-7.162609e-05	6.152154e-03	-6.268962e-03
102           	2.864373e-03	1.055683e-20	-1.124831e-04	2.812077e-06	6.199517e-03	7.160932e-05	1.434998e-03	1.429374e-03	7.160932e-05	-7.160932e-05	6.143276e-03	-6.255759e-03
103           	2.863817e-03	1.056176e-20	-1.109891e-04	2.774728e-06	6.195080e-03	7.159543e-05	1.434683e-03	1.429134e-03	7.159543e-05	-7.159543e-05	6.139586e-03	-6.250575e-03
104           	2.863478e-03	1.056100e-20	-1.124487e-04	2.811217e-06	6.197727e-03	7.158696e-05	1.434550e-03	1.428928e-03	7.158696e-05	-7.158696e-05	6.141502e-03	-6.253951e-03
105           	2.863421e-03	1.055435e-20	-1.171136e-04	2.927841e-06	6.208105e-03	7.158553e-05	1.434638e-03	1.428783e-03	7.158553e-05	-7.158553e-05	6.149549e-03	-6.266662e-03
106           	2.863738e-03	1.054185e-20	-1.227255e-04	3.068137e-06	6.221330e-03	7.159344e-05	1.434937e-03	1.428801e-03	7.159344e-05	-7.159344e-05	6.159967e-03	-6.282693e-03
107           	2.864340e-03	1.053141e-20	-1.268965e-04	3.172412e-06	6.231911e-03	7.160850e-05	1.435342e-03	1.428998e-03	7.160850e-05	-7.160850e-05	6.168462e-03	-6.295359e-03
108           	2.864870e-03	1.052624e-20	-1.287736e-04	3.219341e-06	6.237189e-03	7.162175e-05	1.435654e-03	1.429216e-03	7.162175e-05	-7.162175e-05	6.172802e-03	-6.301575e-03
109           	2.865201e-03	1.052628e-20	-1.281774e-04	3.204436e-06	6.236485e-03	7.163002e-05	1.435805e-03	1.429396e-03	7.163002e-05	-7.163002e-05	6.172397e-03	-6.300574e-03
110           	2.865307e-03	1.053129e-20	-1.246971e-04	3.117427e-06	6.228876e-03	7.163267e-05	1.435771e-03	1.429536e-03	7.163267e-05	-7.163267e-05	6.166528e-03	-6.291225e-03
111           	2.865091e-03	1.054192e-20	-1.196072e-04	2.990179e-06	6.217042e-03	7.162727e-05	1.435536e-03	1.429555e-03	7.162727e-05	-7.162727e-05	6.157239e-03	-6.276846e-03
112           	2.864582e-03	1.055273e-20	-1.154858e-04	2.887145e-06	6.206781e-03	7.161455e-05	1.435178e-03	1.429404e-03	7.161455e-05	-7.161455e-05	6.149038e-03	-6.264524e-03
113           	2.864049e-03	1.055832e-20	-1.134745e-04	2.836861e-06	6.201191e-03	7.160122e-05	1.434861e-03	1.429188e-03	7.160122e-05	-7.160122e-05	6.144454e-03	-6.257929e-03
114           	2.863700e-03	1.055884e-20	-1.136376e-04	2.840940e-06	6.200886e-03	7.159251e-05	1.434691e-03	1.429009e-03	7.159251e-05	-7.159251e-05	6.144068e-03	-6.257705e-03
115           	2.863537e-03	1.055498e-20	-1.161419e-04	2.903548e-06	6.206212e-03	7.158842e-05	1.434672e-03	1.428865e-03	7.158842e-05	-7.158842e-05	6.148141e-03	-6.264283e-03
116           	2.863635e-03	1.054649e-20	-1.204861e-04	3.012153e-06	6.216148e-03	7.159087e-05	1.434829e-03	1.428805e-03	7.159087e-05	-7.159087e-05	6.155905e-03	-6.276391e-03
117           	2.864028e-03	1.053601e-20	-1.244171e-04	3.110428e-06	6.225752e-03	7.160070e-05	1.435124e-03	1.428903e-03	7.160070e-05	-7.160070e-05	6.163543e-03	-6.287960e-03
118           	2.864485e-03	1.053009e-20	-1.266819e-04	3.167047e-06	6.231760e-03	7.161212e-05	1.435410e-03	1.429075e-03	7.161212e-05	-7.161212e-05	6.168419e-03	-6.295101e-03
119           	2.864815e-03	1.052851e-20	-1.271011e-04	3.177529e-06	6.233342e-03	7.162038e-05	1.435585e-03	1.429230e-03	7.162038e-05	-7.162038e-05	6.169791e-03	-6.296892e-03
120           	2.864976e-03	1.053062e-20	-1.253992e-04	3.134981e-06	6.229817e-03	7.162439e-05	1.435623e-03	1.429353e-03	7.162439e-05	-7.162439e-05	6.167117e-03	-6.292516e-03
121           	2.864931e-03	1.053716e-20	-1.216763e-04	3.041909e-06	6.221378e-03	7.162328e-05	1.435508e-03	1.429424e-03	7.162328e-05	-7.162328e-05	6.160540e-03	-6.282216e-03
122           	2.864587e-03	1.054655e-20	-1.179832e-04	2.949580e-06	6.212408e-03	7.161467e-05	1.435243e-03	1.429344e-03	7.161467e-05	-7.161467e-05	6.153416e-03	-6.271399e-03
123           	2.864160e-03	1.055245e-20	-1.156275e-04	2.890688e-06	6.206257e-03	7.160399e-05	1.434971e-03	1.429189e-03	7.160399e-05	-7.160399e-05	6.148444e-03	-6.264071e-03
124           	2.863842e-03	1.055458e-20	-1.149973e-04	2.874932e-06	6.204219e-03	7.159606e-05	1.434796e-03	1.429046e-03	7.159606e-05	-7.159606e-05	6.146721e-03	-6.261718e-03
125           	2.863654e-03	1.055307e-20	-1.162855e-04	2.907138e-06	6.206757e-03	7.159135e-05	1.434734e-03	1.428920e-03	7.159135e-05	-7.159135e-05	6.148614e-03	-6.264900e-03
126           	2.863626e-03	1.054764e-20	-1.193736e-04	2.984341e-06	6.213631e-03	7.159064e-05	1.434797e-03	1.428829e-03	7.159064e-05	-7.159064e-05	6.153944e-03	-6.273317e-03
127           	2.863863e-03	1.053950e-20	-1.227936e-04	3.069839e-06	6.221771e-03	7.159658e-05	1.435001e-03	1.428862e-03	7.159658e-05	-7.159658e-05	6.160374e-03	-6.283168e-03
128           	2.864254e-03	1.053347e-20	-1.251843e-04	3.129608e-06	6.227924e-03	7.160634e-05	1.435256e-03	1.428997e-03	7.160634e-05	-7.160634e-05	6.165332e-03	-6.290517e-03
129           	2.864562e-03	1.053071e-20	-1.260276e-04	3.150690e-06	6.230424e-03	7.161406e-05	1.435432e-03	1.429131e-03	7.161406e-05	-7.161406e-05	6.167410e-03	-6.293438e-03
130           	2.864742e-03	1.053120e-20	-1.253422e-04	3.133554e-06	6.229225e-03	7.161856e-05	1.435505e-03	1.429238e-03	7.161856e-05	-7.161856e-05	6.166554e-03	-6.291896e-03
131           	2.864764e-03	1.053477e-20	-1.229181e-04	3.072952e-06	6.223815e-03	7.161910e-05	1.435455e-03	1.429309e-03	7.161910e-05	-7.161910e-05	6.162356e-03	-6.285274e-03
132           	2.864574e-03	1.054158e-20	-1.198191e-04	2.995478e-06	6.216488e-03	7.161436e-05	1.435283e-03	1.429292e-03	7.161436e-05	-7.161436e-05	6.156579e-03	-6.276398e-03
133           	2.864233e-03	1.054773e-20	-1.175250e-04	2.938125e-06	6.210651e-03	7.160581e-05	1.435054e-03	1.429178e-03	7.160581e-05	-7.160581e-05	6.151888e-03	-6.269413e-03
134           	2.863949e-03	1.055047e-20	-1.165879e-04	2.914698e-06	6.207977e-03	7.159872e-05	1.434889e-03	1.429060e-03	7.159872e-05	-7.159872e-05	6.149683e-03	-6.266271e-03
135           	2.863774e-03	1.055008e-20	-1.170162e-04	2.925406e-06	6.208605e-03	7.159435e-05	1.434812e-03	1.428962e-03	7.159435e-05	-7.159435e-05	6.150097e-03	-6.267113e-03
136           	2.863706e-03	1.054701e-20	-1.189086e-04	2.972716e-06	6.212725e-03	7.159265e-05	1.434826e-03	1.428880e-03	7.159265e-05	-7.159265e-05	6.153270e-03	-6.272179e-03
137           	2.863806e-03	1.054119e-20	-1.216292e-04	3.040729e-06	6.219019e-03	7.159516e-05	1.434944e-03	1.428862e-03	7.159516e-05	-7.159516e-05	6.158204e-03	-6.279833e-03
138           	2.864077e-03	1.053522e-20	-1.238437e-04	3.096093e-06	6.224528e-03	7.160193e-05	1.435135e-03	1.428943e-03	7.160193e-05	-7.160193e-05	6.162606e-03	-6.286450e-03
139           	2.864344e-03	1.053216e-20	-1.249796e-04	3.124490e-06	6.227612e-03	7.160859e-05	1.435296e-03	1.429047e-03	7.160859e-05	-7.160859e-05	6.165122e-03	-6.290102e-03
140           	2.864528e-03	1.053178e-20	-1.249522e-04	3.123806e-06	6.227904e-03	7.161320e-05	1.435388e-03	1.429140e-03	7.161320e-05	-7.161320e-05	6.165428e-03	-6.290380e-03
141           	2.864606e-03	1.053370e-20	-1.235687e-04	3.089218e-06	6.224942e-03	7.161516e-05	1.435392e-03	1.429214e-03	7.161516e-05	-7.161516e-05	6.163157e-03	-6.286726e-03
142           	2.864542e-03	1.053835e-20	-1.211211e-04	3.028026e-06	6.219326e-03	7.161355e-05	1.435299e-03	1.429243e-03	7.161355e-05	-7.161355e-05	6.158766e-03	-6.279887e-03
143           	2.864306e-03	1.054405e-20	-1.189308e-04	2.973269e-06	6.213942e-03	7.160766e-05	1.435126e-03	1.429180e-03	7.160766e-05	-7.160766e-05	6.154477e-03	-6.273408e-03
144           	2.864050e-03	1.054721e-20	-1.177509e-04	2.943774e-06	6.210773e-03	7.160124e-05	1.434969e-03	1.429081e-03	7.160124e-05	-7.160124e-05	6.151897e-03	-6.269648e-03
145           	2.863872e-03	1.054783e-20	-1.176308e-04	2.940771e-06	6.210155e-03	7.159680e-05	1.434877e-03	1.428995e-03	7.159680e-05	-7.159680e-05	6.151339e-03	-6.268970e-03
146           	2.863783e-03	1.054638e-20	-1.187079e-04	2.967697e-06	6.212409e-03	7.159459e-05	1.434859e-03	1.428924e-03	7.159459e-05	-7.159459e-05	6.153055e-03	-6.271763e-03
147           	2.863801e-03	1.054249e-20	-1.207905e-04	3.019762e-06	6.217112e-03	7.159503e-05	1.434920e-03	1.428881e-03	7.159503e-05	-7.159503e-05	6.156716e-03	-6.277507e-03
148           	2.863968e-03	1.053735e-20	-1.227918e-04	3.069794e-06	6.221931e-03	7.159920e-05	1.435054e-03	1.428914e-03	7.159920e-05	-7.159920e-05	6.160535e-03	-6.283327e-03
149           	2.864190e-03	1.053427e-20	-1.240405e-04	3.101013e-06	6.225177e-03	7.160476e-05	1.435196e-03	1.428994e-03	7.160476e-05	-7.160476e-05	6.163157e-03	-6.287198e-03
150           	2.864389e-03	1.053307e-20	-1.244475e-04	3.111188e-06	6.226483e-03	7.160973e-05	1.435306e-03	1.429083e-03	7.160973e-05	-7.160973e-05	6.164259e-03	-6.288707e-03
151           	2.864499e-03	1.053366e-20	-1.237991e-04	3.094978e-06	6.225233e-03	7.161248e-05	1.435345e-03	1.429155e-03	7.161248e-05	-7.161248e-05	6.163334e-03	-6.287133e-03
152           	2.864502e-03	1.053645e-20	-1.220379e-04	3.050948e-06	6.221287e-03	7.161255e-05	1.435302e-03	1.429200e-03	7.161255e-05	-7.161255e-05	6.160268e-03	-6.282306e-03
153           	2.864360e-03	1.054108e-20	-1.200602e-04	3.001506e-06	6.216571e-03	7.160900e-05	1.435182e-03	1.429179e-03	7.160900e-05	-7.160900e-05	6.156541e-03	-6.276601e-03
154           	2.864145e-03	1.054460e-20	-1.187289e-04	2.968223e-06	6.213151e-03	7.160364e-05	1.435041e-03	1.429105e-03	7.160364e-05	-7.160364e-05	6.153787e-03	-6.272515e-03
155           	2.863965e-03	1.054606e-20	-1.182420e-04	2.956051e-06	6.211698e-03	7.159912e-05	1.434938e-03	1.429026e-03	7.159912e-05	-7.159912e-05	6.152577e-03	-6.270819e-03
156           	2.863860e-03	1.054570e-20	-1.186810e-04	2.967025e-06	6.212485e-03	7.159649e-05	1.434897e-03	1.428963e-03	7.159649e-05	-7.159649e-05	6.153144e-03	-6.271825e-03
157           	2.863833e-03	1.054348e-20	-1.200741e-04	3.001852e-06	6.215562e-03	7.159583e-05	1.434918e-03	1.428915e-03	7.159583e-05	-7.159583e-05	6.155525e-03	-6.275599e-03
158           	2.863923e-03	1.053961e-20	-1.218309e-04	3.045771e-06	6.219677e-03	7.159806e-05	1.435007e-03	1.428916e-03	7.159806e-05	-7.159806e-05	6.158762e-03	-6.280593e-03
159           	2.864114e-03	1.053613e-20	-1.231839e-04	3.079596e-06	6.223098e-03	7.160285e-05	1.435137e-03	1.428977e-03	7.160285e-05	-7.160285e-05	6.161506e-03	-6.284690e-03
160           	2.864290e-03	1.053438e-20	-1.238002e-04	3.095005e-06	6.224833e-03	7.160724e-05	1.435240e-03	1.429050e-03	7.160724e-05	-7.160724e-05	6.162933e-03	-6.286733e-03
161           	2.864401e-03	1.053436e-20	-1.236270e-04	3.090674e-06	6.224658e-03	7.161004e-05	1.435291e-03	1.429110e-03	7.161004e-05	-7.161004e-05	6.162845e-03	-6.286472e-03
162           	2.864438e-03	1.053594e-20	-1.225489e-04	3.063721e-06	6.222305e-03	7.161095e-05	1.435283e-03	1.429155e-03	7.161095e-05	-7.161095e-05	6.161030e-03	-6.283579e-03
163           	2.864386e-03	1.053934e-20	-1.209775e-04	3.024438e-06	6.218680e-03	7.160965e-05	1.435217e-03	1.429169e-03	7.160965e-05	-7.160965e-05	6.158191e-03	-6.279169e-03
164           	2.864229e-03	1.054280e-20	-1.196373e-04	2.990932e-06	6.215360e-03	7.160574e-05	1.435106e-03	1.429124e-03	7.160574e-05	-7.160574e-05	6.155541e-03	-6.275179e-03
165           	2.864063e-03	1.054473e-20	-1.189589e-04	2.973972e-06	6.213501e-03	7.160158e-05	1.435006e-03	1.429058e-03	7.160158e-05	-7.160158e-05	6.154022e-03	-6.272981e-03
166           	2.863954e-03	1.054502e-20	-1.189559e-04	2.973896e-06	6.213281e-03	7.159884e-05	1.434951e-03	1.429003e-03	7.159884e-05	-7.159884e-05	6.153803e-03	-6.272759e-03
167           	2.863907e-03	1.054395e-20	-1.197318e-04	2.993295e-06	6.214941e-03	7.159769e-05	1.434947e-03	1.428960e-03	7.159769e-05	-7.159769e-05	6.155075e-03	-6.274807e-03
168           	2.863932e-03	1.054128e-20	-1.210978e-04	3.027444e-06	6.218051e-03	7.159829e-05	1.434993e-03	1.428938e-03	7.159829e-05	-7.159829e-05	6.157502e-03	-6.278600e-03
169           	2.864058e-03	1.053800e-20	-1.223536e-04	3.058841e-06	6.221119e-03	7.160145e-05	1.435088e-03	1.428970e-03	7.160145e-05	-7.160145e-05	6.159942e-03	-6.282296e-03
170           	2.864206e-03	1.053609e-20	-1.230849e-04	3.077123e-06	6.223059e-03	7.160515e-05	1.435180e-03	1.429026e-03	7.160515e-05	-7.160515e-05	6.161517e-03	-6.284602e-03
171           	2.864315e-03	1.053559e-20	-1.232316e-04	3.080790e-06	6.223603e-03	7.160788e-05	1.435238e-03	1.429077e-03	7.160788e-05	-7.160788e-05	6.161987e-03	-6.285219e-03
172           	2.864371e-03	1.053627e-20	-1.227011e-04	3.067528e-06	6.222516e-03	7.160928e-05	1.435253e-03	1.429118e-03	7.160928e-05	-7.160928e-05	6.161165e-03	-6.283867e-03
173           	2.864361e-03	1.053834e-20	-1.215140e-04	3.037850e-06	6.219832e-03	7.160902e-05	1.435218e-03	1.429142e-03	7.160902e-05	-7.160902e-05	6.159075e-03	-6.280589e-03
174           	2.864261e-03	1.054138e-20	-1.202908e-04	3.007269e-06	6.216892e-03	7.160653e-05	1.435138e-03	1.429123e-03	7.160653e-05	-7.160653e-05	6.156746e-03	-6.277037e-03
175           	2.864126e-03	1.054338e-20	-1.195203e-04	2.988008e-06	6.214891e-03	7.160316e-05	1.435051e-03	1.429075e-03	7.160316e-05	-7.160316e-05	6.155131e-03	-6.274652e-03
176           	2.864018e-03	1.054410e-20	-1.192883e-04	2.982208e-06	6.214157e-03	7.160046e-05	1.434991e-03	1.429027e-03	7.160046e-05	-7.160046e-05	6.154513e-03	-6.273801e-03
177           	2.863957e-03	1.054371e-20	-1.196667e-04	2.991667e-06	6.214893e-03	7.159893e-05	1.434970e-03	1.428987e-03	7.159893e-05	-7.159893e-05	6.155059e-03	-6.274726e-03
178           	2.863947e-03	1.054207e-20	-1.206428e-04	3.016070e-06	6.217061e-03	7.159866e-05	1.434989e-03	1.428957e-03	7.159866e-05	-7.159866e-05	6.156740e-03	-6.277383e-03
179           	2.864015e-03	1.053947e-20	-1.217322e-04	3.043304e-06	6.219639e-03	7.160037e-05	1.435051e-03	1.428964e-03	7.160037e-05	-7.160037e-05	6.158773e-03	-6.280505e-03
180           	2.864138e-03	1.053758e-20	-1.225224e-04	3.063060e-06	6.221660e-03	7.160344e-05	1.435132e-03	1.429006e-03	7.160344e-05	-7.160344e-05	6.160399e-03	-6.282921e-03
181           	2.864246e-03	1.053663e-20	-1.228613e-04	3.071533e-06	6.222635e-03	7.160614e-05	1.435194e-03	1.429051e-03	7.160614e-05	-7.160614e-05	6.161205e-03	-6.284066e-03
182           	2.864314e-03	1.053669e-20	-1.226758e-04	3.066894e-06	6.222348e-03	7.160784e-05	1.435224e-03	1.429090e-03	7.160784e-05	-7.160784e-05	6.161010e-03	-6.283686e-03
183           	2.864331e-03	1.053785e-20	-1.218945e-04	3.047363e-06	6.220626e-03	7.160827e-05	1.435213e-03	1.429118e-03	7.160827e-05	-7.160827e-05	6.159679e-03	-6.281574e-03
184           	2.864287e-03	1.054015e-20	-1.208818e-04	3.022045e-06	6.218271e-03	7.160718e-05	1.435166e-03	1.429122e-03	7.160718e-05	-7.160718e-05	6.157830e-03	-6.278712e-03
185           	2.864182e-03	1.054222e-20	-1.200822e-04	3.002054e-06	6.216266e-03	7.160456e-05	1.435093e-03	1.429089e-03	7.160456e-05	-7.160456e-05	6.156225e-03	-6.276307e-03
186           	2.864079e-03	1.054329e-20	-1.197194e-04	2.992985e-06	6.215243e-03	7.160196e-05	1.435032e-03	1.429046e-03	7.160196e-05	-7.160196e-05	6.155384e-03	-6.275103e-03
187           	2.864012e-03	1.054331e-20	-1.197900e-04	2.994750e-06	6.215273e-03	7.160029e-05	1.435001e-03	1.429011e-03	7.160029e-05	-7.160029e-05	6.155378e-03	-6.275168e-03
188           	2.863990e-03	1.054249e-20	-1.203578e-04	3.008944e-06	6.216509e-03	7.159975e-05	1.435004e-03	1.428986e-03	7.159975e-05	-7.159975e-05	6.156330e-03	-6.276688e-03
189           	2.864015e-03	1.054066e-20	-1.212487e-04	3.031217e-06	6.218556e-03	7.160038e-05	1.435039e-03	1.428976e-03	7.160038e-05	-7.160038e-05	6.157932e-03	-6.279181e-03
190           	2.864102e-03	1.053862e-20	-1.220154e-04	3.050384e-06	6.220450e-03	7.160255e-05	1.435101e-03	1.429001e-03	7.160255e-05	-7.160255e-05	6.159442e-03	-6.281457e-03
191           	2.864196e-03	1.053752e-20	-1.224209e-04	3.060523e-06	6.221549e-03	7.160489e-05	1.435158e-03	1.429037e-03	7.160489e-05	-7.160489e-05	6.160338e-03	-6.282759e-03
192           	2.864260e-03	1.053733e-20	-1.224480e-04	3.061199e-06	6.221735e-03	7.160650e-05	1.435191e-03	1.429069e-03	7.160650e-05	-7.160650e-05	6.160511e-03	-6.282959e-03
193           	2.864290e-03	1.053790e-20	-1.220372e-04	3.050929e-06	6.220867e-03	7.160724e-05	1.435196e-03	1.429094e-03	7.160724e-05	-7.160724e-05	6.159849e-03	-6.281886e-03
194           	2.864279e-03	1.053936e-20	-1.212727e-04	3.031818e-06	6.219133e-03	7.160697e-05	1.435171e-03	1.429108e-03	7.160697e-05	-7.160697e-05	6.158496e-03	-6.279769e-03
195           	2.864209e-03	1.054124e-20	-1.205220e-04	3.013049e-06	6.217309e-03	7.160522e-05	1.435117e-03	1.429091e-03	7.160522e-05	-7.160522e-05	6.157048e-03	-6.277570e-03
196           	2.864121e-03	1.054245e-20	-1.200643e-04	3.001608e-06	6.216105e-03	7.160302e-05	1.435062e-03	1.429059e-03	7.160302e-05	-7.160302e-05	6.156073e-03	-6.276137e-03
197           	2.864057e-03	1.054285e-20	-1.199541e-04	2.998851e-06	6.215733e-03	7.160143e-05	1.435028e-03	1.429030e-03	7.160143e-05	-7.160143e-05	6.155756e-03	-6.275710e-03
198           	2.864023e-03	1.054252e-20	-1.202418e-04	3.006046e-06	6.216317e-03	7.160059e-05	1.435018e-03	1.429006e-03	7.160059e-05	-7.160059e-05	6.156196e-03	-6.276437e-03
199           	2.864023e-03	1.054137e-20	-1.208934e-04	3.022336e-06	6.217776e-03	7.160057e-05	1.435034e-03	1.428989e-03	7.160057e-05	-7.160057e-05	6.157330e-03	-6.278223e-03
200           	2.864076e-03	1.053968e-20	-1.215957e-04	3.039893e-06	6.219457e-03	7.160190e-05	1.435078e-03	1.428998e-03	7.160190e-05	-7.160190e-05	6.158660e-03	-6.280255e-03
201           	2.864156e-03	1.053848e-20	-1.220611e-04	3.051527e-06	6.220662e-03	7.160389e-05	1.435129e-03	1.429026e-03	7.160389e-05	-7.160389e-05	6.159631e-03	-6.281692e-03
202           	2.864219e-03	1.053800e-20	-1.222349e-04	3.055872e-06	6.221178e-03	7.160548e-05	1.435166e-03	1.429054e-03	7.160548e-05	-7.160548e-05	6.160061e-03	-6.282295e-03
203           	2.864255e-03	1.053815e-20	-1.220770e-04	3.051924e-06	6.220891e-03	7.160639e-05	1.435180e-03	1.429076e-03	7.160639e-05	-7.160639e-05	6.159853e-03	-6.281930e-03
204           	2.864262e-03	1.053897e-20	-1.215483e-04	3.038708e-06	6.219716e-03	7.160654e-05	1.435170e-03	1.429092e-03	7.160654e-05	-7.160654e-05	6.158942e-03	-6.280490e-03
205           	2.864230e-03	1.054046e-20	-1.209086e-04	3.022716e-06	6.218219e-03	7.160574e-05	1.435138e-03	1.429092e-03	7.160574e-05	-7.160574e-05	6.157765e-03	-6.278673e-03
206           	2.864162e-03	1.054171e-20	-1.204221e-04	3.010553e-06	6.216993e-03	7.160406e-05	1.435092e-03	1.429071e-03	7.160406e-05	-7.160406e-05	6.156782e-03	-6.277204e-03
207           	2.864098e-03	1.054232e-20	-1.202091e-04	3.005227e-06	6.216385e-03	7.160245e-05	1.435054e-03	1.429044e-03	7.160245e-05	-7.160245e-05	6.156280e-03	-6.276490e-03
208           	2.864057e-03	1.054230e-20	-1.202836e-04	3.007089e-06	6.216473e-03	7.160142e-05	1.435035e-03	1.429021e-03	7.160142e-05	-7.160142e-05	6.156332e-03	-6.276615e-03
209           	2.864044e-03	1.054171e-20	-1.206881e-04	3.017203e-06	6.217359e-03	7.160111e-05	1.435039e-03	1.429005e-03	7.160111e-05	-7.160111e-05	6.157015e-03	-6.277703e-03
210           	2.864064e-03	1.054046e-20	-1.212682e-04	3.031706e-06	6.218699e-03	7.160161e-05	1.435064e-03	1.429001e-03	7.160161e-05	-7.160161e-05	6.158065e-03	-6.279333e-03
211           	2.864123e-03	1.053918e-20	-1.217479e-04	3.043697e-06	6.219892e-03	7.160307e-05	1.435105e-03	1.429018e-03	7.160307e-05	-7.160307e-05	6.159018e-03	-6.280766e-03
212           	2.864183e-03	1.053851e-20	-1.219896e-04	3.049739e-06	6.220555e-03	7.160456e-05	1.435141e-03	1.429042e-03	7.160456e-05	-7.160456e-05	6.159560e-03	-6.281550e-03
213           	2.864222e-03	1.053842e-20	-1.219772e-04	3.049431e-06	6.220604e-03	7.160556e-05	1.435161e-03	1.429062e-03	7.160556e-05	-7.160556e-05	6.159615e-03	-6.281592e-03
214           	2.864238e-03	1.053884e-20	-1.216735e-04	3.041836e-06	6.219951e-03	7.160596e-05	1.435161e-03	1.429077e-03	7.160596e-05	-7.160596e-05	6.159115e-03	-6.280788e-03
215           	2.864227e-03	1.053986e-20	-1.211689e-04	3.029223e-06	6.218799e-03	7.160568e-05	1.435143e-03	1.429084e-03	7.160568e-05	-7.160568e-05	6.158214e-03	-6.279383e-03
216           	2.864179e-03	1.054103e-20	-1.207104e-04	3.017760e-06	6.217674e-03	7.160448e-05	1.435107e-03	1.429072e-03	7.160448e-05	-7.160448e-05	6.157319e-03	-6.278029e-03
217           	2.864124e-03	1.054172e-20	-1.204530e-04	3.011325e-06	6.216985e-03	7.160310e-05	1.435073e-03	1.429051e-03	7.160310e-05	-7.160310e-05	6.156758e-03	-6.277211e-03
218           	2.864085e-03	1.054188e-20	-1.204140e-04	3.010351e-06	6.216821e-03	7.160213e-05	1.435053e-03	1.429032e-03	7.160213e-05	-7.160213e-05	6.156614e-03	-6.277028e-03
219           	2.864066e-03	1.054161e-20	-1.206265e-04	3.015663e-06	6.217263e-03	7.160165e-05	1.435049e-03	1.429017e-03	7.160165e-05	-7.160165e-05	6.156949e-03	-6.277576e-03
220           	2.864069e-03	1.054082e-20	-1.210554e-04	3.026385e-06	6.218230e-03	7.160173e-05	1.435061e-03	1.429008e-03	7.160173e-05	-7.160173e-05	6.157703e-03	-6.278758e-03
221           	2.864102e-03	1.053974e-20	-1.214842e-04	3.037105e-06	6.219258e-03	7.160256e-05	1.435088e-03	1.429014e-03	7.160256e-05	-7.160256e-05	6.158516e-03	-6.280000e-03
222           	2.864150e-03	1.053905e-20	-1.217650e-04	3.044124e-06	6.219984e-03	7.160376e-05	1.435119e-03	1.429031e-03	7.160376e-05	-7.160376e-05	6.159102e-03	-6.280867e-03
223           	2.864191e-03	1.053876e-20	-1.218600e-04	3.046501e-06	6.220278e-03	7.160478e-05	1.435142e-03	1.429049e-03	7.160478e-05	-7.160478e-05	6.159348e-03	-6.281208e-03
224           	2.864215e-03	1.053887e-20	-1.217327e-04	3.043318e-06	6.220038e-03	7.160539e-05	1.435151e-03	1.429064e-03	7.160539e-05	-7.160539e-05	6.159172e-03	-6.280904e-03
225           	2.864220e-03	1.053945e-20	-1.213855e-04	3.034637e-06	6.219268e-03	7.160551e-05	1.435145e-03	1.429075e-03	7.160551e-05	-7.160551e-05	6.158575e-03	-6.279961e-03
226           	2.864196e-03	1.054041e-20	-1.209846e-04	3.024614e-06	6.218321e-03	7.160489e-05	1.435123e-03	1.429073e-03	7.160489e-05	-7.160489e-05	6.157828e-03	-6.278813e-03
227           	2.864151e-03	1.054114e-20	-1.206865e-04	3.017163e-06	6.217562e-03	7.160377e-05	1.435093e-03	1.429058e-03	7.160377e-05	-7.160377e-05	6.157219e-03	-6.277905e-03
228           	2.864111e-03	1.054152e-20	-1.205568e-04	3.013919e-06	6.217192e-03	7.160279e-05	1.435070e-03	1.429042e-03	7.160279e-05	-7.160279e-05	6.156914e-03	-6.277470e-03
229           	2.864087e-03	1.054151e-20	-1.206183e-04	3.015458e-06	6.217283e-03	7.160217e-05	1.435059e-03	1.429028e-03	7.160217e-05	-7.160217e-05	6.156974e-03	-6.277592e-03
230           	2.864078e-03	1.054110e-20	-1.208839e-04	3.022096e-06	6.217863e-03	7.160196e-05	1.435061e-03	1.429017e-03	7.160196e-05	-7.160196e-05	6.157421e-03	-6.278305e-03
231           	2.864094e-03	1.054029e-20	-1.212517e-04	3.031292e-06	6.218718e-03	7.160234e-05	1.435078e-03	1.429016e-03	7.160234e-05	-7.160234e-05	6.158092e-03	-6.279344e-03
232           	2.864132e-03	1.053950e-20	-1.215492e-04	3.038730e-06	6.219463e-03	7.160330e-05	1.435105e-03	1.429027e-03	7.160330e-05	-7.160330e-05	6.158688e-03	-6.280237e-03
233           	2.864169e-03	1.053909e-20	-1.216909e-04	3.042272e-06	6.219856e-03	7.160424e-05	1.435127e-03	1.429042e-03	7.160424e-05	-7.160424e-05	6.159011e-03	-6.280702e-03
234           	2.864194e-03	1.053906e-20	-1.216766e-04	3.041915e-06	6.219871e-03	7.160484e-05	1.435139e-03	1.429055e-03	7.160484e-05	-7.160484e-05	6.159033e-03	-6.280709e-03
235           	2.864202e-03	1.053934e-20	-1.214830e-04	3.037076e-06	6.219452e-03	7.160506e-05	1.435138e-03	1.429064e-03	7.160506e-05	-7.160506e-05	6.158711e-03	-6.280194e-03
236           	2.864195e-03	1.053999e-20	-1.211640e-04	3.029100e-06	6.218722e-03	7.160487e-05	1.435126e-03	1.429068e-03	7.160487e-05	-7.160487e-05	6.158140e-03	-6.279304e-03
237           	2.864164e-03	1.054075e-20	-1.208755e-04	3.021887e-06	6.218014e-03	7.160411e-05	1.435104e-03	1.429060e-03	7.160411e-05	-7.160411e-05	6.157576e-03	-6.278452e-03
238           	2.864130e-03	1.054119e-20	-1.207175e-04	3.017938e-06	6.217589e-03	7.160324e-05	1.435083e-03	1.429047e-03	7.160324e-05	-7.160324e-05	6.157230e-03	-6.277948e-03
239           	2.864106e-03	1.054129e-20	-1.206969e-04	3.017423e-06	6.217498e-03	7.160266e-05	1.435071e-03	1.429036e-03	7.160266e-05	-7.160266e-05	6.157149e-03	-6.277846e-03
240           	2.864095e-03	1.054112e-20	-1.208315e-04	3.020787e-06	6.217780e-03	7.160238e-05	1.435068e-03	1.429027e-03	7.160238e-05	-7.160238e-05	6.157364e-03	-6.278196e-03
241           	2.864098e-03	1.054061e-20	-1.211003e-04	3.027506e-06	6.218387e-03	7.160245e-05	1.435076e-03	1.429021e-03	7.160245e-05	-7.160245e-05	6.157837e-03	-6.278937e-03
242           	2.864119e-03	1.053994e-20	-1.213671e-04	3.034178e-06	6.219028e-03	7.160297e-05	1.435094e-03	1.429025e-03	7.160297e-05	-7.160297e-05	6.158344e-03	-6.279711e-03
243           	2.864148e-03	1.053951e-20	-1.215361e-04	3.038402e-06	6.219465e-03	7.160370e-05	1.435112e-03	1.429036e-03	7.160370e-05	-7.160370e-05	6.158697e-03	-6.280233e-03
244           	2.864174e-03	1.053934e-20	-1.215947e-04	3.039868e-06	6.219648e-03	7.160435e-05	1.435127e-03	1.429047e-03	7.160435e-05	-7.160435e-05	6.158851e-03	-6.280445e-03
245           	2.864189e-03	1.053941e-20	-1.215165e-04	3.037914e-06	6.219500e-03	7.160472e-05	1.435132e-03	1.429056e-03	7.160472e-05	-7.160472e-05	6.158742e-03	-6.280258e-03
246           	2.864192e-03	1.053977e-20	-1.212991e-04	3.032478e-06	6.219019e-03	7.160479e-05	1.435128e-03	1.429063e-03	7.160479e-05	-7.160479e-05	6.158369e-03	-6.279668e-03
247           	2.864177e-03	1.054037e-20	-1.210471e-04	3.026178e-06	6.218424e-03	7.160441e-05	1.435114e-03	1.429062e-03	7.160441e-05	-7.160441e-05	6.157900e-03	-6.278947e-03
248           	2.864149e-03	1.054084e-20	-1.208594e-04	3.021484e-06	6.217946e-03	7.160371e-05	1.435096e-03	1.429053e-03	7.160371e-05	-7.160371e-05	6.157516e-03	-6.278376e-03
249           	2.864124e-03	1.054107e-20	-1.207767e-04	3.019419e-06	6.217711e-03	7.160309e-05	1.435081e-03	1.429042e-03	7.160309e-05	-7.160309e-05	6.157323e-03	-6.278099e-03
250           	2.864108e-03	1.054107e-20	-1.208147e-04	3.020367e-06	6.217767e-03	7.160270e-05	1.435074e-03	1.429034e-03	7.160270e-05	-7.160270e-05	6.157359e-03	-6.278174e-03
251           	2.864104e-03	1.054081e-20	-1.209898e-04	3.024744e-06	6.218152e-03	7.160260e-05	1.435077e-03	1.429027e-03	7.160260e-05	-7.160260e-05	6.157657e-03	-6.278647e-03
252           	2.864113e-03	1.054028e-20	-1.212235e-04	3.030588e-06	6.218694e-03	7.160283e-05	1.435087e-03	1.429026e-03	7.160283e-05	-7.160283e-05	6.158083e-03	-6.279306e-03
253           	2.864137e-03	1.053979e-20	-1.214097e-04	3.035241e-06	6.219160e-03	7.160343e-05	1.435104e-03	1.429033e-03	7.160343e-05	-7.160343e-05	6.158455e-03	-6.279865e-03
254           	2.864161e-03	1.053954e-20	-1.214994e-04	3.037486e-06	6.219410e-03	7.160402e-05	1.435118e-03	1.429043e-03	7.160402e-05	-7.160402e-05	6.158660e-03	-6.280159e-03
255           	2.864177e-03	1.053952e-20	-1.214865e-04	3.037161e-06	6.219410e-03	7.160441e-05	1.435125e-03	1.429051e-03	7.160441e-05	-7.160441e-05	6.158667e-03	-6.280154e-03
256           	2.864182e-03	1.053971e-20	-1.213554e-04	3.033886e-06	6.219127e-03	7.160456e-05	1.435125e-03	1.429057e-03	7.160456e-05	-7.160456e-05	6.158449e-03	-6.279805e-03
257           	2.864177e-03	1.054013e-20	-1.211507e-04	3.028768e-06	6.218657e-03	7.160442e-05	1.435117e-03	1.429060e-03	7.160442e-05	-7.160442e-05	6.158082e-03	-6.279233e-03
258           	2.864157e-03	1.054060e-20	-1.209707e-04	3.024266e-06	6.218213e-03	7.160392e-05	1.435103e-03	1.429054e-03	7.160392e-05	-7.160392e-05	6.157728e-03	-6.278699e-03
259           	2.864135e-03	1.054087e-20	-1.208744e-04	3.021861e-06	6.217952e-03	7.160336e-05	1.435089e-03	1.429045e-03	7.160336e-05	-7.160336e-05	6.157515e-03	-6.278390e-03
260           	2.864120e-03	1.054092e-20	-1.208664e-04	3.021660e-06	6.217906e-03	7.160300e-05	1.435082e-03	1.429038e-03	7.160300e-05	-7.160300e-05	6.157472e-03	-6.278339e-03
261           	2.864113e-03	1.054080e-20	-1.209581e-04	3.023951e-06	6.218099e-03	7.160283e-05	1.435081e-03	1.429033e-03	7.160283e-05	-7.160283e-05	6.157620e-03	-6.278578e-03
262           	2.864115e-03	1.054047e-20	-1.211319e-04	3.028296e-06	6.218493e-03	7.160288e-05	1.435086e-03	1.429029e-03	7.160288e-05	-7.160288e-05	6.157927e-03	-6.279059e-03
263           	2.864131e-03	1.054004e-20	-1.213036e-04	3.032590e-06	6.218910e-03	7.160328e-05	1.435098e-03	1.429033e-03	7.160328e-05	-7.160328e-05	6.158258e-03	-6.279561e-03
264           	2.864151e-03	1.053977e-20	-1.214085e-04	3.035212e-06	6.219185e-03	7.160378e-05	1.435111e-03	1.429040e-03	7.160378e-05	-7.160378e-05	6.158481e-03	-6.279890e-03
265           	2.864166e-03	1.053968e-20	-1.214357e-04	3.035893e-06	6.219275e-03	7.160415e-05	1.435119e-03	1.429047e-03	7.160415e-05	-7.160415e-05	6.158558e-03	-6.279993e-03
266           	2.864174e-03	1.053975e-20	-1.213757e-04	3.034394e-06	6.219155e-03	7.160434e-05	1.435121e-03	1.429052e-03	7.160434e-05	-7.160434e-05	6.158467e-03	-6.279843e-03
267           	2.864173e-03	1.054000e-20	-1.212266e-04	3.030666e-06	6.218819e-03	7.160432e-05	1.435117e-03	1.429056e-03	7.160432e-05	-7.160432e-05	6.158206e-03	-6.279432e-03
268           	2.864161e-03	1.054038e-20	-1.210641e-04	3.026602e-06	6.218431e-03	7.160402e-05	1.435107e-03	1.429054e-03	7.160402e-05	-7.160402e-05	6.157899e-03	-6.278963e-03
269           	2.864143e-03	1.054066e-20	-1.209573e-04	3.023932e-06	6.218156e-03	7.160358e-05	1.435096e-03	1.429048e-03	7.160358e-05	-7.160358e-05	6.157677e-03	-6.278634e-03
270           	2.864129e-03	1.054077e-20	-1.209193e-04	3.022983e-06	6.218041e-03	7.160322e-05	1.435087e-03	1.429041e-03	7.160322e-05	-7.160322e-05	6.157582e-03	-6.278501e-03
271           	2.864120e-03	1.054074e-20	-1.209575e-04	3.023938e-06	6.218112e-03	7.160301e-05	1.435084e-03	1.429036e-03	7.160301e-05	-7.160301e-05	6.157633e-03	-6.278591e-03
272           	2.864119e-03	1.054055e-20	-1.210814e-04	3.027034e-06	6.218387e-03	7.160297e-05	1.435086e-03	1.429032e-03	7.160297e-05	-7.160297e-05	6.157846e-03	-6.278927e-03
273           	2.864127e-03	1.054020e-20	-1.212284e-04	3.030710e-06	6.218732e-03	7.160316e-05	1.435094e-03	1.429033e-03	7.160316e-05	-7.160316e-05	6.158117e-03	-6.279346e-03
274           	2.864142e-03	1.053992e-20	-1.213383e-04	3.033459e-06	6.219009e-03	7.160355e-05	1.435104e-03	1.429038e-03	7.160355e-05	-7.160355e-05	6.158340e-03	-6.279678e-03
275           	2.864157e-03	1.053979e-20	-1.213872e-04	3.034679e-06	6.219148e-03	7.160392e-05	1.435113e-03	1.429044e-03	7.160392e-05	-7.160392e-05	6.158455e-03	-6.279842e-03
276           	2.864166e-03	1.053979e-20	-1.213671e-04	3.034179e-06	6.219121e-03	7.160415e-05	1.435117e-03	1.429049e-03	7.160415e-05	-7.160415e-05	6.158438e-03	-6.279805e-03
277           	2.864169e-03	1.053993e-20	-1.212688e-04	3.031720e-06	6.218906e-03	7.160422e-05	1.435116e-03	1.429053e-03	7.160422e-05	-7.160422e-05	6.158271e-03	-6.279540e-03
278           	2.864164e-03	1.054023e-20	-1.211347e-04	3.028367e-06	6.218595e-03	7.160410e-05	1.435110e-03	1.429054e-03	7.160410e-05	-7.160410e-05	6.158028e-03	-6.279163e-03
279           	2.864150e-03	1.054051e-20	-1.210255e-04	3.025637e-06	6.218323e-03	7.160375e-05	1.435101e-03	1.429049e-03	7.160375e-05	-7.160375e-05	6.157810e-03	-6.278835e-03
280           	2.864136e-03	1.054066e-20	-1.209731e-04	3.024327e-06	6.218177e-03	7.160340e-05	1.435092e-03	1.429044e-03	7.160340e-05	-7.160340e-05	6.157690e-03	-6.278663e-03
281           	2.864127e-03	1.054067e-20	-1.209784e-04	3.024460e-06	6.218171e-03	7.160318e-05	1.435088e-03	1.429039e-03	7.160318e-05	-7.160318e-05	6.157682e-03	-6.278661e-03
282           	2.864124e-03	1.054057e-20	-1.210495e-04	3.026238e-06	6.218325e-03	7.160310e-05	1.435088e-03	1.429036e-03	7.160310e-05	-7.160310e-05	6.157800e-03	-6.278850e-03
283           	2.864127e-03	1.054034e-20	-1.211665e-04	3.029163e-06	6.218593e-03	7.160317e-05	1.435093e-03	1.429034e-03	7.160317e-05	-7.160317e-05	6.158010e-03	-6.279176e-03
284           	2.864138e-03	1.054006e-20	-1.212716e-04	3.031790e-06	6.218851e-03	7.160345e-05	1.435101e-03	1.429037e-03	7.160345e-05	-7.160345e-05	6.158216e-03	-6.279487e-03
285           	2.864151e-03	1.053991e-20	-1.213294e-04	3.033235e-06	6.219006e-03	7.160376e-05	1.435109e-03	1.429042e-03	7.160376e-05	-7.160376e-05	6.158342e-03	-6.279671e-03
286           	2.864159e-03	1.053987e-20	-1.213369e-04	3.033422e-06	6.219041e-03	7.160398e-05	1.435113e-03	1.429046e-03	7.160398e-05	-7.160398e-05	6.158372e-03	-6.279709e-03
287           	2.864164e-03	1.053994e-20	-1.212872e-04	3.032180e-06	6.218937e-03	7.160409e-05	1.435114e-03	1.429050e-03	7.160409e-05	-7.160409e-05	6.158293e-03	-6.279580e-03
288           	2.864163e-03	1.054013e-20	-1.211879e-04	3.029698e-06	6.218713e-03	7.160407e-05	1.435111e-03	1.429052e-03	7.160407e-05	-7.160407e-05	6.158119e-03	-6.279307e-03
289           	2.864155e-03	1.054038e-20	-1.210884e-04	3.027209e-06	6.218474e-03	7.160387e-05	1.435105e-03	1.429050e-03	7.160387e-05	-7.160387e-05	6.157929e-03	-6.279018e-03
290           	2.864144e-03	1.054054e-20	-1.210237e-04	3.025592e-06	6.218306e-03	7.160360e-05	1.435097e-03	1.429046e-03	7.160360e-05	-7.160360e-05	6.157794e-03	-6.278818e-03
291           	2.864134e-03	1.054060e-20	-1.210027e-04	3.025068e-06	6.218240e-03	7.160336e-05	1.435092e-03	1.429042e-03	7.160336e-05	-7.160336e-05	6.157739e-03	-6.278742e-03
292           	2.864129e-03	1.054058e-20	-1.210338e-04	3.025844e-06	6.218300e-03	7.160322e-05	1.435090e-03	1.429039e-03	7.160322e-05	-7.160322e-05	6.157783e-03	-6.278817e-03
293           	2.864128e-03	1.054044e-20	-1.211165e-04	3.027913e-06	6.218483e-03	7.160319e-05	1.435092e-03	1.429036e-03	7.160319e-05	-7.160319e-05	6.157925e-03	-6.279042e-03
294           	2.864134e-03	1.054021e-20	-1.212126e-04	3.030314e-06	6.218712e-03	7.160336e-05	1.435098e-03	1.429037e-03	7.160336e-05	-7.160336e-05	6.158106e-03	-6.279318e-03
295           	2.864145e-03	1.054004e-20	-1.212809e-04	3.032022e-06	6.218887e-03	7.160363e-05	1.435105e-03	1.429041e-03	7.160363e-05	-7.160363e-05	6.158247e-03	-6.279528e-03
296           	2.864154e-03	1.053996e-20	-1.213071e-04	3.032678e-06	6.218963e-03	7.160385e-05	1.435110e-03	1.429044e-03	7.160385e-05	-7.160385e-05	6.158310e-03	-6.279617e-03
297           	2.864159e-03	1.053997e-20	-1.212885e-04	3.032211e-06	6.218931e-03	7.160398e-05	1.435112e-03	1.429047e-03	7.160398e-05	-7.160398e-05	6.158287e-03	-6.279576e-03
298           	2.864160e-03	1.054008e-20	-1.212199e-04	3.030499e-06	6.218780e-03	7.160401e-05	1.435111e-03	1.429050e-03	7.160401e-05	-7.160401e-05	6.158170e-03	-6.279390e-03
299           	2.864156e-03	1.054028e-20	-1.211341e-04	3.028353e-06	6.218580e-03	7.160391e-05	1.435107e-03	1.429050e-03	7.160391e-05	-7.160391e-05	6.158013e-03	-6.279147e-03
300           	2.864148e-03	1.054045e-20	-1.210683e-04	3.026708e-06	6.218414e-03	7.160369e-05	1.435100e-03	1.429047e-03	7.160369e-05	-7.160369e-05	6.157880e-03	-6.278948e-03
301           	2.864139e-03	1.054053e-20	-1.210372e-04	3.025930e-06	6.218327e-03	7.160347e-05	1.435095e-03	1.429044e-03	7.160347e-05	-7.160347e-05	6.157808e-03	-6.278846e-03
302           	2.864133e-03	1.054053e-20	-1.210450e-04	3.026126e-06	6.218334e-03	7.160333e-05	1.435093e-03	1.429041e-03	7.160333e-05	-7.160333e-05	6.157811e-03	-6.278856e-03
303           	2.864131e-03	1.054046e-20	-1.210981e-04	3.027453e-06	6.218449e-03	7.160328e-05	1.435093e-03	1.429038e-03	7.160328e-05	-7.160328e-05	6.157900e-03	-6.278998e-03
304           	2.864134e-03	1.054029e-20	-1.211754e-04	3.029385e-06	6.218627e-03	7.160334e-05	1.435096e-03	1.429038e-03	7.160334e-05	-7.160334e-05	6.158040e-03	-6.279215e-03
305           	2.864141e-03	1.054012e-20	-1.212405e-04	3.031013e-06	6.218789e-03	7.160354e-05	1.435102e-03	1.429040e-03	7.160354e-05	-7.160354e-05	6.158169e-03	-6.279409e-03
306           	2.864150e-03	1.054003e-20	-1.212734e-04	3.031836e-06	6.218879e-03	7.160374e-05	1.435107e-03	1.429043e-03	7.160374e-05	-7.160374e-05	6.158242e-03	-6.279516e-03
307           	2.864155e-03	1.054002e-20	-1.212733e-04	3.031832e-06	6.218889e-03	7.160388e-05	1.435109e-03	1.429046e-03	7.160388e-05	-7.160388e-05	6.158253e-03	-6.279526e-03
308           	2.864157e-03	1.054007e-20	-1.212356e-04	3.030889e-06	6.218808e-03	7.160393e-05	1.435109e-03	1.429048e-03	7.160393e-05	-7.160393e-05	6.158191e-03	-6.279426e-03
309           	2.864156e-03	1.054020e-20	-1.211693e-04	3.029232e-06	6.218657e-03	7.160390e-05	1.435107e-03	1.429049e-03	7.160390e-05	-7.160390e-05	6.158073e-03	-6.279242e-03
310           	2.864150e-03	1.054035e-20	-1.211071e-04	3.027678e-06	6.218506e-03	7.160374e-05	1.435103e-03	1.429047e-03	7.160374e-05	-7.160374e-05	6.157952e-03	-6.279059e-03
311           	2.864142e-03	1.054045e-20	-1.210707e-04	3.026768e-06	6.218409e-03	7.160356e-05	1.435098e-03	1.429044e-03	7.160356e-05	-7.160356e-05	6.157874e-03	-6.278944e-03
312           	2.864137e-03	1.054048e-20	-1.210636e-04	3.026590e-06	6.218383e-03	7.160343e-05	1.435095e-03	1.429042e-03	7.160343e-05	-7.160343e-05	6.157851e-03	-6.278914e-03
313           	2.864134e-03	1.054044e-20	-1.210906e-04	3.027264e-06	6.218438e-03	7.160336e-05	1.435094e-03	1.429040e-03	7.160336e-05	-7.160336e-05	6.157893e-03	-6.278983e-03
314           	2.864134e-03	1.054034e-20	-1.211474e-04	3.028684e-06	6.218566e-03	7.160336e-05	1.435096e-03	1.429039e-03	7.160336e-05	-7.160336e-05	6.157992e-03	-6.279139e-03
315           	2.864139e-03	1.054019e-20	-1.212065e-04	3.030163e-06	6.218708e-03	7.160349e-05	1.435100e-03	1.429040e-03	7.160349e-05	-7.160349e-05	6.158105e-03	-6.279311e-03
316           	2.864146e-03	1.054009e-20	-1.212446e-04	3.031115e-06	6.218807e-03	7.160366e-05	1.435104e-03	1.429042e-03	7.160366e-05	-7.160366e-05	6.158185e-03	-6.279430e-03
317           	2.864151e-03	1.054006e-20	-1.212569e-04	3.031424e-06	6.218845e-03	7.160379e-05	1.435107e-03	1.429044e-03	7.160379e-05	-7.160379e-05	6.158217e-03	-6.279474e-03
318           	2.864154e-03	1.054007e-20	-1.212404e-04	3.031011e-06	6.218814e-03	7.160386e-05	1.435108e-03	1.429046e-03	7.160386e-05	-7.160386e-05	6.158193e-03	-6.279434e-03
319           	2.864154e-03	1.054015e-20	-1.211930e-04	3.029825e-06	6.218707e-03	7.160386e-05	1.435107e-03	1.429047e-03	7.160386e-05	-7.160386e-05	6.158111e-03	-6.279304e-03
320           	2.864151e-03	1.054028e-20	-1.211390e-04	3.028475e-06	6.218580e-03	7.160379e-05	1.435104e-03	1.429047e-03	7.160379e-05	-7.160379e-05	6.158011e-03	-6.279150e-03
321           	2.864146e-03	1.054038e-20	-1.210996e-04	3.027491e-06	6.218481e-03	7.160365e-05	1.435100e-03	1.429045e-03	7.160365e-05	-7.160365e-05	6.157931e-03	-6.279030e-03
322           	2.864140e-03	1.054043e-20	-1.210827e-04	3.027067e-06	6.218432e-03	7.160351e-05	1.435097e-03	1.429043e-03	7.160351e-05	-7.160351e-05	6.157891e-03	-6.278973e-03
323           	2.864137e-03	1.054043e-20	-1.210911e-04	3.027278e-06	6.218444e-03	7.160343e-05	1.435096e-03	1.429041e-03	7.160343e-05	-7.160343e-05	6.157899e-03	-6.278990e-03
324           	2.864136e-03	1.054037e-20	-1.211290e-04	3.028224e-06	6.218528e-03	7.160340e-05	1.435096e-03	1.429040e-03	7.160340e-05	-7.160340e-05	6.157963e-03	-6.279092e-03
325           	2.864138e-03	1.054026e-20	-1.211788e-04	3.029470e-06	6.218643e-03	7.160345e-05	1.435099e-03	1.429040e-03	7.160345e-05	-7.160345e-05	6.158054e-03	-6.279233e-03
326           	2.864143e-03	1.054016e-20	-1.212182e-04	3.030454e-06	6.218742e-03	7.160358e-05	1.435102e-03	1.429041e-03	7.160358e-05	-7.160358e-05	6.158133e-03	-6.279351e-03
327           	2.864148e-03	1.054010e-20	-1.212367e-04	3.030918e-06	6.218794e-03	7.160371e-05	1.435105e-03	1.429043e-03	7.160371e-05	-7.160371e-05	6.158176e-03	-6.279412e-03
328           	2.864152e-03	1.054010e-20	-1.212333e-04	3.030832e-06	6.218793e-03	7.160379e-05	1.435107e-03	1.429045e-03	7.160379e-05	-7.160379e-05	6.158176e-03	-6.279409e-03
329           	2.864153e-03	1.054014e-20	-1.212047e-04	3.030116e-06	6.218730e-03	7.160382e-05	1.435107e-03	1.429046e-03	7.160382e-05	-7.160382e-05	6.158128e-03	-6.279333e-03
330           	2.864152e-03	1.054023e-20	-1.211607e-04	3.029019e-06	6.218630e-03	7.160379e-05	1.435105e-03	1.429047e-03	7.160379e-05	-7.160379e-05	6.158049e-03	-6.279210e-03
331           	2.864147e-03	1.054033e-20	-1.211229e-04	3.028073e-06	6.218536e-03	7.160368e-05	1.435102e-03	1.429046e-03	7.160368e-05	-7.160368e-05	6.157975e-03	-6.279098e-03
332           	2.864143e-03	1.054039e-20	-1.211028e-04	3.027569e-06	6.218482e-03	7.160357e-05	1.435099e-03	1.429044e-03	7.160357e-05	-7.160357e-05	6.157930e-03	-6.279033e-03
333           	2.864140e-03	1.054039e-20	-1.211014e-04	3.027534e-06	6.218472e-03	7.160349e-05	1.435097e-03	1.429042e-03	7.160349e-05	-7.160349e-05	6.157921e-03	-6.279023e-03
334           	2.864138e-03	1.054037e-20	-1.211215e-04	3.028038e-06	6.218515e-03	7.160345e-05	1.435097e-03	1.429041e-03	7.160345e-05	-7.160345e-05	6.157954e-03	-6.279075e-03
335           	2.864139e-03	1.054030e-20	-1.211592e-04	3.028979e-06	6.218600e-03	7.160346e-05	1.435098e-03	1.429040e-03	7.160346e-05	-7.160346e-05	6.158021e-03	-6.279180e-03
336           	2.864142e-03	1.054020e-20	-1.211961e-04	3.029903e-06	6.218690e-03	7.160355e-05	1.435101e-03	1.429041e-03	7.160355e-05	-7.160355e-05	6.158092e-03	-6.279288e-03
337           	2.864146e-03	1.054015e-20	-1.212185e-04	3.030463e-06	6.218749e-03	7.160366e-05	1.435104e-03	1.429043e-03	7.160366e-05	-7.160366e-05	6.158140e-03	-6.279358e-03
338           	2.864150e-03	1.054013e-20	-1.212240e-04	3.030600e-06	6.218767e-03	7.160374e-05	1.435105e-03	1.429044e-03	7.160374e-05	-7.160374e-05	6.158155e-03	-6.279379e-03
339           	2.864151e-03	1.054014e-20	-1.212103e-04	3.030259e-06	6.218740e-03	7.160378e-05	1.435106e-03	1.429045e-03	7.160378e-05	-7.160378e-05	6.158135e-03	-6.279345e-03
340           	2.864151e-03	1.054020e-20	-1.211774e-04	3.029436e-06	6.218666e-03	7.160377e-05	1.435105e-03	1.429046e-03	7.160377e-05	-7.160377e-05	6.158077e-03	-6.279254e-03
341           	2.864148e-03	1.054028e-20	-1.211422e-04	3.028554e-06	6.218581e-03	7.160371e-05	1.435103e-03	1.429046e-03	7.160371e-05	-7.160371e-05	6.158010e-03	-6.279152e-03
342           	2.864144e-03	1.054034e-20	-1.211192e-04	3.027981e-06	6.218522e-03	7.160361e-05	1.435100e-03	1.429044e-03	7.160361e-05	-7.160361e-05	6.157962e-03	-6.279082e-03
343           	2.864141e-03	1.054037e-20	-1.211114e-04	3.027785e-06	6.218498e-03	7.160353e-05	1.435098e-03	1.429043e-03	7.160353e-05	-7.160353e-05	6.157942e-03	-6.279054e-03
344           	2.864140e-03	1.054036e-20	-1.211202e-04	3.028005e-06	6.218515e-03	7.160349e-05	1.435098e-03	1.429042e-03	7.160349e-05	-7.160349e-05	6.157955e-03	-6.279075e-03
345           	2.864139e-03	1.054032e-20	-1.211475e-04	3.028689e-06	6.218575e-03	7.160348e-05	1.435098e-03	1.429041e-03	7.160348e-05	-7.160348e-05	6.158002e-03	-6.279149e-03
346           	2.864141e-03	1.054024e-20	-1.211794e-04	3.029485e-06	6.218650e-03	7.160353e-05	1.435100e-03	1.429041e-03	7.160353e-05	-7.160353e-05	6.158061e-03	-6.279240e-03
347           	2.864144e-03	1.054018e-20	-1.212030e-04	3.030074e-06	6.218710e-03	7.160361e-05	1.435102e-03	1.429042e-03	7.160361e-05	-7.160361e-05	6.158108e-03	-6.279311e-03
348           	2.864148e-03	1.054015e-20	-1.212132e-04	3.030329e-06	6.218739e-03	7.160369e-05	1.435104e-03	1.429043e-03	7.160369e-05	-7.160369e-05	6.158133e-03	-6.279346e-03
349           	2.864150e-03	1.054016e-20	-1.212084e-04	3.030210e-06	6.218732e-03	7.160374e-05	1.435105e-03	1.429045e-03	7.160374e-05	-7.160374e-05	6.158128e-03	-6.279337e-03
350           	2.864150e-03	1.054019e-20	-1.211866e-04	3.029666e-06	6.218685e-03	7.160375e-05	1.435105e-03	1.429045e-03	7.160375e-05	-7.160375e-05	6.158091e-03	-6.279278e-03
351           	2.864149e-03	1.054025e-20	-1.211575e-04	3.028937e-06	6.218617e-03	7.160373e-05	1.435103e-03	1.429046e-03	7.160373e-05	-7.160373e-05	6.158038e-03	-6.279196e-03
352           	2.864146e-03	1.054031e-20	-1.211340e-04	3.028349e-06	6.218558e-03	7.160365e-05	1.435101e-03	1.429045e-03	7.160365e-05	-7.160365e-05	6.157991e-03	-6.279125e-03
353           	2.864143e-03	1.054034e-20	-1.211229e-04	3.028072e-06	6.218527e-03	7.160357e-05	1.435100e-03	1.429043e-03	7.160357e-05	-7.160357e-05	6.157966e-03	-6.279089e-03
354           	2.864141e-03	1.054035e-20	-1.211243e-04	3.028109e-06	6.218527e-03	7.160353e-05	1.435099e-03	1.429042e-03	7.160353e-05	-7.160353e-05	6.157965e-03	-6.279089e-03
355           	2.864140e-03	1.054032e-20	-1.211401e-04	3.028503e-06	6.218561e-03	7.160351e-05	1.435099e-03	1.429042e-03	7.160351e-05	-7.160351e-05	6.157991e-03	-6.279131e-03
356           	2.864141e-03	1.054027e-20	-1.211657e-04	3.029142e-06	6.218620e-03	7.160353e-05	1.435100e-03	1.429041e-03	7.160353e-05	-7.160353e-05	6.158037e-03	-6.279202e-03
357           	2.864144e-03	1.054021e-20	-1.211883e-04	3.029708e-06	6.218675e-03	7.160359e-05	1.435101e-03	1.429042e-03	7.160359e-05	-7.160359e-05	6.158081e-03	-6.279270e-03
358           	2.864146e-03	1.054018e-20	-1.212006e-04	3.030015e-06	6.218708e-03	7.160366e-05	1.435103e-03	1.429043e-03	7.160366e-05	-7.160366e-05	6.158108e-03	-6.279309e-03
359           	2.864148e-03	1.054017e-20	-1.212019e-04	3.030048e-06	6.218715e-03	7.160370e-05	1.435104e-03	1.429044e-03	7.160370e-05	-7.160370e-05	6.158114e-03	-6.279316e-03
360           	2.864149e-03	1.054019e-20	-1.211907e-04	3.029769e-06	6.218692e-03	7.160373e-05	1.435104e-03	1.429045e-03	7.160373e-05	-7.160373e-05	6.158096e-03	-6.279287e-03
361           	2.864149e-03	1.054023e-20	-1.211689e-04	3.029223e-06	6.218642e-03	7.160372e-05	1.435104e-03	1.429045e-03	7.160372e-05	-7.160372e-05	6.158058e-03	-6.279227e-03
362           	2.864147e-03	1.054028e-20	-1.211469e-04	3.028673e-06	6.218589e-03	7.160367e-05	1.435102e-03	1.429045e-03	7.160367e-05	-7.160367e-05	6.158016e-03	-6.279163e-03
363           	2.864144e-03	1.054032e-20	-1.211333e-04	3.028332e-06	6.218553e-03	7.160361e-05	1.435100e-03	1.429044e-03	7.160361e-05	-7.160361e-05	6.157987e-03	-6.279120e-03
364           	2.864142e-03	1.054033e-20	-1.211296e-04	3.028239e-06	6.218541e-03	7.160356e-05	1.435099e-03	1.429043e-03	7.160356e-05	-7.160356e-05	6.157976e-03	-6.279106e-03
365           	2.864141e-03	1.054032e-20	-1.211369e-04	3.028423e-06	6.218556e-03	7.160354e-05	1.435099e-03	1.429042e-03	7.160354e-05	-7.160354e-05	6.157987e-03	-6.279124e-03
366           	2.864141e-03	1.054029e-20	-1.211558e-04	3.028895e-06	6.218598e-03	7.160354e-05	1.435100e-03	1.429042e-03	7.160354e-05	-7.160354e-05	6.158021e-03	-6.279176e-03
367           	2.864143e-03	1.054024e-20	-1.211766e-04	3.029416e-06	6.218648e-03	7.160357e-05	1.435101e-03	1.429042e-03	7.160357e-05	-7.160357e-05	6.158060e-03	-6.279236e-03
368           	2.864145e-03	1.054021e-20	-1.211905e-04	3.029763e-06	6.218684e-03	7.160363e-05	1.435102e-03	1.429043e-03	7.160363e-05	-7.160363e-05	6.158089e-03	-6.279279e-03
369           	2.864147e-03	1.054019e-20	-1.211956e-04	3.029890e-06	6.218699e-03	7.160368e-05	1.435103e-03	1.429044e-03	7.160368e-05	-7.160368e-05	6.158101e-03	-6.279297e-03
370           	2.864148e-03	1.054020e-20	-1.211910e-04	3.029776e-06	6.218691e-03	7.160370e-05	1.435104e-03	1.429044e-03	7.160370e-05	-7.160370e-05	6.158095e-03	-6.279286e-03
371           	2.864148e-03	1.054022e-20	-1.211755e-04	3.029388e-06	6.218656e-03	7.160371e-05	1.435104e-03	1.429045e-03	7.160371e-05	-7.160371e-05	6.158068e-03	-6.279244e-03
372           	2.864147e-03	1.054026e-20	-1.211567e-04	3.028918e-06	6.218612e-03	7.160369e-05	1.435103e-03	1.429045e-03	7.160369e-05	-7.160369e-05	6.158034e-03	-6.279191e-03
373           	2.864145e-03	1.054030e-20	-1.211425e-04	3.028562e-06	6.218576e-03	7.160364e-05	1.435101e-03	1.429044e-03	7.160364e-05	-7.160364e-05	6.158005e-03	-6.279148e-03
374           	2.864144e-03	1.054032e-20	-1.211362e-04	3.028405e-06	6.218558e-03	7.160359e-05	1.435100e-03	1.429043e-03	7.160359e-05	-7.160359e-05	6.157990e-03	-6.279127e-03
375           	2.864142e-03	1.054032e-20	-1.211385e-04	3.028462e-06	6.218561e-03	7.160356e-05	1.435100e-03	1.429043e-03	7.160356e-05	-7.160356e-05	6.157992e-03	-6.279130e-03
376           	2.864142e-03	1.054030e-20	-1.211505e-04	3.028762e-06	6.218588e-03	7.160355e-05	1.435100e-03	1.429042e-03	7.160355e-05	-7.160355e-05	6.158012e-03	-6.279163e-03
377           	2.864143e-03	1.054026e-20	-1.211676e-04	3.029189e-06	6.218627e-03	7.160356e-05	1.435100e-03	1.429042e-03	7.160356e-05	-7.160356e-05	6.158043e-03	-6.279211e-03
378           	2.864144e-03	1.054023e-20	-1.211817e-04	3.029542e-06	6.218662e-03	7.160361e-05	1.435102e-03	1.429043e-03	7.160361e-05	-7.160361e-05	6.158071e-03	-6.279253e-03
379           	2.864146e-03	1.054021e-20	-1.211886e-04	3.029716e-06	6.218681e-03	7.160365e-05	1.435103e-03	1.429043e-03	7.160365e-05	-7.160365e-05	6.158087e-03	-6.279276e-03
380           	2.864147e-03	1.054020e-20	-1.211883e-04	3.029706e-06	6.218683e-03	7.160368e-05	1.435103e-03	1.429044e-03	7.160368e-05	-7.160368e-05	6.158089e-03	-6.279277e-03
381           	2.864148e-03	1.054022e-20	-1.211795e-04	3.029488e-06	6.218664e-03	7.160369e-05	1.435103e-03	1.429044e-03	7.160369e-05	-7.160369e-05	6.158074e-03	-6.279254e-03
382           	2.864147e-03	1.054025e-20	-1.211647e-04	3.029118e-06	6.218630e-03	7.160368e-05	1.435103e-03	1.429045e-03	7.160368e-05	-7.160368e-05	6.158048e-03	-6.279212e-03
383           	2.864146e-03	1.054028e-20	-1.211512e-04	3.028780e-06	6.218597e-03	7.160365e-05	1.435102e-03	1.429044e-03	7.160365e-05	-7.160365e-05	6.158021e-03	-6.279173e-03
384           	2.864144e-03	1.054030e-20	-1.211436e-04	3.028590e-06	6.218577e-03	7.160361e-05	1.435101e-03	1.429044e-03	7.160361e-05	-7.160361e-05	6.158005e-03	-6.279148e-03
385           	2.864143e-03	1.054031e-20	-1.211424e-04	3.028560e-06	6.218572e-03	7.160358e-05	1.435100e-03	1.429043e-03	7.160358e-05	-7.160358e-05	6.158000e-03	-6.279143e-03
386           	2.864143e-03	1.054030e-20	-1.211484e-04	3.028710e-06	6.218584e-03	7.160357e-05	1.435100e-03	1.429043e-03	7.160357e-05	-7.160357e-05	6.158010e-03	-6.279158e-03
387           	2.864143e-03	1.054028e-20	-1.211609e-04	3.029022e-06	6.218612e-03	7.160357e-05	1.435100e-03	1.429042e-03	7.160357e-05	-7.160357e-05	6.158032e-03	-6.279193e-03
388           	2.864144e-03	1.054024e-20	-1.211737e-04	3.029341e-06	6.218643e-03	7.160359e-05	1.435101e-03	1.429043e-03	7.160359e-05	-7.160359e-05	6.158056e-03	-6.279230e-03
389           	2.864145e-03	1.054022e-20	-1.211821e-04	3.029553e-06	6.218665e-03	7.160363e-05	1.435102e-03	1.429043e-03	7.160363e-05	-7.160363e-05	6.158074e-03	-6.279256e-03
390           	2.864146e-03	1.054021e-20	-1.211851e-04	3.029627e-06	6.218674e-03	7.160366e-05	1.435103e-03	1.429044e-03	7.160366e-05	-7.160366e-05	6.158081e-03	-6.279266e-03
391           	2.864147e-03	1.054022e-20	-1.211815e-04	3.029537e-06	6.218667e-03	7.160368e-05	1.435103e-03	1.429044e-03	7.160368e-05	-7.160368e-05	6.158076e-03	-6.279258e-03
392           	2.864147e-03	1.054023e-20	-1.211712e-04	3.029280e-06	6.218644e-03	7.160368e-05	1.435103e-03	1.429044e-03	7.160368e-05	-7.160368e-05	6.158059e-03	-6.279230e-03
393           	2.864146e-03	1.054026e-20	-1.211592e-04	3.028980e-06	6.218616e-03	7.160366e-05	1.435102e-03	1.429044e-03	7.160366e-05	-7.160366e-05	6.158036e-03	-6.279196e-03
394           	2.864145e-03	1.054028e-20	-1.211503e-04	3.028758e-06	6.218593e-03	7.160363e-05	1.435101e-03	1.429044e-03	7.160363e-05	-7.160363e-05	6.158018e-03	-6.279168e-03
395           	2.864144e-03	1.054029e-20	-1.211464e-04	3.028660e-06	6.218582e-03	7.160360e-05	1.435101e-03	1.429043e-03	7.160360e-05	-7.160360e-05	6.158009e-03	-6.279155e-03
396           	2.864143e-03	1.054029e-20	-1.211481e-04	3.028702e-06	6.218585e-03	7.160358e-05	1.435100e-03	1.429043e-03	7.160358e-05	-7.160358e-05	6.158010e-03	-6.279159e-03
397           	2.864143e-03	1.054028e-20	-1.211562e-04	3.028905e-06	6.218602e-03	7.160358e-05	1.435100e-03	1.429043e-03	7.160358e-05	-7.160358e-05	6.158024e-03	-6.279180e-03
398           	2.864143e-03	1.054026e-20	-1.211672e-04	3.029179e-06	6.218628e-03	7.160359e-05	1.435101e-03	1.429043e-03	7.160359e-05	-7.160359e-05	6.158044e-03	-6.279211e-03
399           	2.864145e-03	1.054024e-20	-1.211760e-04	3.029401e-06	6.218650e-03	7.160361e-05	1.435102e-03	1.429043e-03	7.160361e-05	-7.160361e-05	6.158062e-03	-6.279238e-03
400           	2.864146e-03	1.054022e-20	-1.211802e-04	3.029505e-06	6.218662e-03	7.160364e-05	1.435102e-03	1.429043e-03	7.160364e-05	-7.160364e-05	6.158072e-03	-6.279252e-03
401           	2.864146e-03	1.054022e-20	-1.211797e-04	3.029493e-06	6.218662e-03	7.160366e-05	1.435103e-03	1.429044e-03	7.160366e-05	-7.160366e-05	6.158072e-03	-6.279252e-03
402           	2.864147e-03	1.054023e-20	-1.211738e-04	3.029346e-06	6.218649e-03	7.160367e-05	1.435103e-03	1.429044e-03	7.160367e-05	-7.160367e-05	6.158062e-03	-6.279236e-03
403           	2.864146e-03	1.054025e-20	-1.211642e-04	3.029106e-06	6.218627e-03	7.160366e-05	1.435102e-03	1.429044e-03	7.160366e-05	-7.160366e-05	6.158045e-03	-6.279209e-03
404           	2.864146e-03	1.054027e-20	-1.211557e-04	3.028892e-06	6.218606e-03	7.160364e-05	1.435102e-03	1.429044e-03	7.160364e-05	-7.160364e-05	6.158028e-03	-6.279184e-03
405           	2.864145e-03	1.054029e-20	-1.211510e-04	3.028776e-06	6.218594e-03	7.160361e-05	1.435101e-03	1.429043e-03	7.160361e-05	-7.160361e-05	6.158018e-03	-6.279169e-03
406           	2.864144e-03	1.054029e-20	-1.211505e-04	3.028762e-06	6.218591e-03	7.160360e-05	1.435101e-03	1.429043e-03	7.160360e-05	-7.160360e-05	6.158016e-03	-6.279166e-03
407           	2.864143e-03	1.054028e-20	-1.211546e-04	3.028866e-06	6.218600e-03	7.160359e-05	1.435101e-03	1.429043e-03	7.160359e-05	-7.160359e-05	6.158022e-03	-6.279177e-03
408           	2.864144e-03	1.054027e-20	-1.211628e-04	3.029070e-06	6.218618e-03	7.160359e-05	1.435101e-03	1.429043e-03	7.160359e-05	-7.160359e-05	6.158037e-03	-6.279200e-03
409           	2.864144e-03	1.054025e-20	-1.211711e-04	3.029277e-06	6.218638e-03	7.160361e-05	1.435101e-03	1.429043e-03	7.160361e-05	-7.160361e-05	6.158053e-03	-6.279224e-03
410           	2.864145e-03	1.054023e-20	-1.211762e-04	3.029406e-06	6.218652e-03	7.160363e-05	1.435102e-03	1.429043e-03	7.160363e-05	-7.160363e-05	6.158064e-03	-6.279240e-03
411           	2.864146e-03	1.054023e-20	-1.211777e-04	3.029442e-06	6.218656e-03	7.160365e-05	1.435102e-03	1.429044e-03	7.160365e-05	-7.160365e-05	6.158068e-03	-6.279245e-03
412           	2.864146e-03	1.054023e-20	-1.211749e-04	3.029373e-06	6.218651e-03	7.160366e-05	1.435103e-03	1.429044e-03	7.160366e-05	-7.160366e-05	6.158063e-03	-6.279238e-03
413           	2.864146e-03	1.054024e-20	-1.211679e-04	3.029197e-06	6.218635e-03	7.160366e-05	1.435102e-03	1.429044e-03	7.160366e-05	-7.160366e-05	6.158051e-03	-6.279219e-03
414           	2.864146e-03	1.054026e-20	-1.211600e-04	3.029000e-06	6.218616e-03	7.160364e-05	1.435102e-03	1.429044e-03	7.160364e-05	-7.160364e-05	6.158036e-03	-6.279196e-03
415           	2.864145e-03	1.054028e-20	-1.211548e-04	3.028869e-06	6.218603e-03	7.160362e-05	1.435101e-03	1.429044e-03	7.160362e-05	-7.160362e-05	6.158025e-03	-6.279180e-03
416           	2.864144e-03	1.054028e-20	-1.211528e-04	3.028821e-06	6.218597e-03	7.160361e-05	1.435101e-03	1.429043e-03	7.160361e-05	-7.160361e-05	6.158021e-03	-6.279173e-03
417           	2.864144e-03	1.054028e-20	-1.211545e-04	3.028863e-06	6.218600e-03	7.160360e-05	1.435101e-03	1.429043e-03	7.160360e-05	-7.160360e-05	6.158023e-03	-6.279177e-03
418           	2.864144e-03	1.054027e-20	-1.211603e-04	3.029008e-06	6.218613e-03	7.160359e-05	1.435101e-03	1.429043e-03	7.160359e-05	-7.160359e-05	6.158033e-03	-6.279193e-03
419           	2.864144e-03	1.054025e-20	-1.211674e-04	3.029185e-06	6.218630e-03	7.160360e-05	1.435101e-03	1.429043e-03	7.160360e-05	-7.160360e-05	6.158046e-03	-6.279213e-03
420           	2.864145e-03	1.054024e-20	-1.211728e-04	3.029319e-06	6.218643e-03	7.160362e-05	1.435102e-03	1.429043e-03	7.160362e-05	-7.160362e-05	6.158057e-03	-6.279229e-03
421           	2.864146e-03	1.054023e-20	-1.211751e-04	3.029378e-06	6.218650e-03	7.160364e-05	1.435102e-03	1.429043e-03	7.160364e-05	-7.160364e-05	6.158062e-03	-6.279237e-03
422           	2.864146e-03	1.054023e-20	-1.211743e-04	3.029357e-06	6.218649e-03	7.160365e-05	1.435102e-03	1.429044e-03	7.160365e-05	-7.160365e-05	6.158062e-03	-6.279236e-03
423           	2.864146e-03	1.054024e-20	-1.211698e-04	3.029245e-06	6.218639e-03	7.160365e-05	1.435102e-03	1.429044e-03	7.160365e-05	-7.160365e-05	6.158054e-03	-6.279224e-03
424           	2.864146e-03	1.054025e-20	-1.211634e-04	3.029084e-06	6.218624e-03	7.160365e-05	1.435102e-03	1.429044e-03	7.160365e-05	-7.160365e-05	6.158042e-03	-6.279206e-03
425           	2.864145e-03	1.054027e-20	-1.211581e-04	3.028951e-06	6.218611e-03	7.160363e-05	1.435102e-03	1.429044e-03	7.160363e-05	-7.160363e-05	6.158032e-03	-6.279190e-03
426           	2.864145e-03	1.054028e-20	-1.211554e-04	3.028886e-06	6.218604e-03	7.160361e-05	1.435101e-03	1.429043e-03	7.160361e-05	-7.160361e-05	6.158026e-03	-6.279181e-03
427           	2.864144e-03	1.054028e-20	-1.211556e-04	3.028889e-06	6.218603e-03	7.160360e-05	1.435101e-03	1.429043e-03	7.160360e-05	-7.160360e-05	6.158025e-03	-6.279181e-03
428           	2.864144e-03	1.054027e-20	-1.211588e-04	3.028971e-06	6.218610e-03	7.160360e-05	1.435101e-03	1.429043e-03	7.160360e-05	-7.160360e-05	6.158031e-03	-6.279190e-03
429           	2.864144e-03	1.054026e-20	-1.211644e-04	3.029110e-06	6.218623e-03	7.160360e-05	1.435101e-03	1.429043e-03	7.160360e-05	-7.160360e-05	6.158041e-03	-6.279205e-03
430           	2.864145e-03	1.054025e-20	-1.211695e-04	3.029237e-06	6.218635e-03	7.160362e-05	1.435102e-03	1.429043e-03	7.160362e-05	-7.160362e-05	6.158051e-03	-6.279220e-03
431           	2.864145e-03	1.054024e-20	-1.211723e-04	3.029309e-06	6.218643e-03	7.160363e-05	1.435102e-03	1.429043e-03	7.160363e-05	-7.160363e-05	6.158057e-03	-6.279229e-03
432           	2.864146e-03	1.054024e-20	-1.211728e-04	3.029320e-06	6.218645e-03	7.160364e-05	1.435102e-03	1.429044e-03	7.160364e-05	-7.160364e-05	6.158058e-03	-6.279231e-03
433           	2.864146e-03	1.054024e-20	-1.211706e-04	3.029264e-06	6.218640e-03	7.160365e-05	1.435102e-03	1.429044e-03	7.160365e-05	-7.160365e-05	6.158055e-03	-6.279225e-03
434           	2.864146e-03	1.054025e-20	-1.211659e-04	3.029147e-06	6.218630e-03	7.160365e-05	1.435102e-03	1.429044e-03	7.160365e-05	-7.160365e-05	6.158047e-03	-6.279213e-03
435           	2.864145e-03	1.054026e-20	-1.211611e-04	3.029027e-06	6.218618e-03	7.160364e-05	1.435102e-03	1.429044e-03	7.160364e-05	-7.160364e-05	6.158038e-03	-6.279199e-03
436           	2.864145e-03	1.054027e-20	-1.211579e-04	3.028947e-06	6.218610e-03	7.160362e-05	1.435101e-03	1.429044e-03	7.160362e-05	-7.160362e-05	6.158031e-03	-6.279189e-03
437           	2.864145e-03	1.054027e-20	-1.211568e-04	3.028919e-06	6.218607e-03	7.160361e-05	1.435101e-03	1.429043e-03	7.160361e-05	-7.160361e-05	6.158028e-03	-6.279185e-03
438           	2.864144e-03	1.054027e-20	-1.211581e-04	3.028953e-06	6.218609e-03	7.160361e-05	1.435101e-03	1.429043e-03	7.160361e-05	-7.160361e-05	6.158030e-03	-6.279188e-03
439           	2.864144e-03	1.054027e-20	-1.211620e-04	3.029049e-06	6.218618e-03	7.160360e-05	1.435101e-03	1.429043e-03	7.160360e-05	-7.160360e-05	6.158037e-03	-6.279199e-03
440           	2.864144e-03	1.054026e-20	-1.211665e-04	3.029162e-06	6.218628e-03	7.160361e-05	1.435101e-03	1.429043e-03	7.160361e-05	-7.160361e-05	6.158045e-03	-6.279211e-03
441           	2.864145e-03	1.054025e-20	-1.211698e-04	3.029245e-06	6.218637e-03	7.160362e-05	1.435102e-03	1.429043e-03	7.160362e-05	-7.160362e-05	6.158052e-03	-6.279222e-03
442           	2.864145e-03	1.054024e-20	-1.211713e-04	3.029283e-06	6.218641e-03	7.160363e-05	1.435102e-03	1.429043e-03	7.160363e-05	-7.160363e-05	6.158055e-03	-6.279227e-03
443           	2.864146e-03	1.054024e-20	-1.211707e-04	3.029267e-06	6.218640e-03	7.160364e-05	1.435102e-03	1.429044e-03	7.160364e-05	-7.160364e-05	6.158055e-03	-6.279225e-03
444           	2.864146e-03	1.054025e-20	-1.211677e-04	3.029192e-06	6.218633e-03	7.160364e-05	1.435102e-03	1.429044e-03	7.160364e-05	-7.160364e-05	6.158050e-03	-6.279217e-03
445           	2.864146e-03	1.054026e-20	-1.211636e-04	3.029089e-06	6.218624e-03	7.160364e-05	1.435102e-03	1.429044e-03	7.160364e-05	-7.160364e-05	6.158042e-03	-6.279206e-03
446           	2.864145e-03	1.054027e-20	-1.211602e-04	3.029005e-06	6.218616e-03	7.160363e-05	1.435102e-03	1.429044e-03	7.160363e-05	-7.160363e-05	6.158035e-03	-6.279196e-03
447           	2.864145e-03	1.054027e-20	-1.211586e-04	3.028965e-06	6.218611e-03	7.160362e-05	1.435101e-03	1.429043e-03	7.160362e-05	-7.160362e-05	6.158032e-03	-6.279190e-03
448           	2.864144e-03	1.054027e-20	-1.211588e-04	3.028969e-06	6.218611e-03	7.160361e-05	1.435101e-03	1.429043e-03	7.160361e-05	-7.160361e-05	6.158032e-03	-6.279190e-03
449           	2.864144e-03	1.054027e-20	-1.211610e-04	3.029024e-06	6.218616e-03	7.160361e-05	1.435101e-03	1.429043e-03	7.160361e-05	-7.160361e-05	6.158035e-03	-6.279196e-03
450           	2.864144e-03	1.054026e-20	-1.211646e-04	3.029114e-06	6.218624e-03	7.160361e-05	1.435101e-03	1.429043e-03	7.160361e-05	-7.160361e-05	6.158042e-03	-6.279206e-03
451           	2.864145e-03	1.054025e-20	-1.211678e-04	3.029194e-06	6.218632e-03	7.160362e-05	1.435102e-03	1.429043e-03	7.160362e-05	-7.160362e-05	6.158048e-03	-6.279216e-03
452           	2.864145e-03	1.054025e-20	-1.211696e-04	3.029239e-06	6.218637e-03	7.160363e-05	1.435102e-03	1.429043e-03	7.160363e-05	-7.160363e-05	6.158052e-03	-6.279221e-03
453           	2.864145e-03	1.054025e-20	-1.211698e-04	3.029245e-06	6.218638e-03	7.160364e-05	1.435102e-03	1.429043e-03	7.160364e-05	-7.160364e-05	6.158053e-03	-6.279222e-03
454           	2.864146e-03	1.054025e-20	-1.211683e-04	3.029206e-06	6.218634e-03	7.160364e-05	1.435102e-03	1.429044e-03	7.160364e-05	-7.160364e-05	6.158050e-03	-6.279219e-03
455           	2.864146e-03	1.054025e-20	-1.211652e-04	3.029130e-06	6.218627e-03	7.160364e-05	1.435102e-03	1.429044e-03	7.160364e-05	-7.160364e-05	6.158045e-03	-6.279210e-03
456           	2.864145e-03	1.054026e-20	-1.211621e-04	3.029053e-06	6.218620e-03	7.160363e-05	1.435102e-03	1.429044e-03	7.160363e-05	-7.160363e-05	6.158039e-03	-6.279201e-03
457           	2.864145e-03	1.054027e-20	-1.211602e-04	3.029005e-06	6.218615e-03	7.160362e-05	1.435101e-03	1.429043e-03	7.160362e-05	-7.160362e-05	6.158035e-03	-6.279195e-03
