# Force coefficients
# dragDir     : (1.000000e+00 0.000000e+00 0.000000e+00)
# sideDir     : (0.000000e+00 0.000000e+00 -1.000000e+00)
# liftDir     : (0.000000e+00 1.000000e+00 0.000000e+00)
# rollAxis    : (1.000000e+00 0.000000e+00 0.000000e+00)
# pitchAxis   : (0.000000e+00 0.000000e+00 -1.000000e+00)
# yawAxis     : (0.000000e+00 1.000000e+00 0.000000e+00)
# magUInf     : 2.000000e-02
# lRef        : 1.000000e-01
# Aref        : 1.000000e-01
# CofR        : (0.000000e+00 0.000000e+00 0.000000e+00)
#
# Time        	Cd            	Cs            	Cl            	CmRoll        	CmPitch       	CmYaw         	Cd(f)         	Cd(r)         	Cs(f)         	Cs(r)         	Cl(f)         	Cl(r)         
1             	2.761336e-03	9.277323e-20	-3.797804e-03	9.494511e-05	1.234645e-02	6.903340e-05	1.475613e-03	1.285723e-03	6.903340e-05	-6.903340e-05	1.044754e-02	-1.424535e-02
2             	6.472652e-03	1.157910e-19	-6.325077e-03	1.581269e-04	2.362383e-02	1.618163e-04	3.394453e-03	3.078199e-03	1.618163e-04	-1.618163e-04	2.046129e-02	-2.678637e-02
3             	4.842166e-03	6.717903e-20	-2.693126e-03	6.732815e-05	1.343631e-02	1.210541e-04	2.488411e-03	2.353755e-03	1.210541e-04	-1.210541e-04	1.208974e-02	-1.478287e-02
4             	4.101886e-03	1.389380e-20	-2.168903e-03	5.422257e-05	1.091911e-02	1.025471e-04	2.105166e-03	1.996720e-03	1.025471e-04	-1.025471e-04	9.834660e-03	-1.200356e-02
5             	3.976088e-03	-2.166750e-20	-2.834013e-03	7.085032e-05	1.190022e-02	9.940220e-05	2.058894e-03	1.917194e-03	9.940220e-05	-9.940220e-05	1.048321e-02	-1.331722e-02
6             	4.234553e-03	-3.610197e-20	-3.876694e-03	9.691734e-05	1.435000e-02	1.058638e-04	2.214194e-03	2.020359e-03	1.058638e-04	-1.058638e-04	1.241165e-02	-1.628835e-02
7             	4.443980e-03	-3.688402e-20	-4.402287e-03	1.100572e-04	1.572211e-02	1.110995e-04	2.332047e-03	2.111933e-03	1.110995e-04	-1.110995e-04	1.352097e-02	-1.792325e-02
8             	4.568464e-03	-3.105201e-20	-4.564976e-03	1.141244e-04	1.623597e-02	1.142116e-04	2.398357e-03	2.170108e-03	1.142116e-04	-1.142116e-04	1.395349e-02	-1.851846e-02
9             	4.545069e-03	-2.567717e-20	-4.480508e-03	1.120127e-04	1.599812e-02	1.136267e-04	2.384547e-03	2.160522e-03	1.136267e-04	-1.136267e-04	1.375786e-02	-1.823837e-02
10            	4.430356e-03	-2.297299e-20	-4.312032e-03	1.078008e-04	1.544056e-02	1.107589e-04	2.322979e-03	2.107377e-03	1.107589e-04	-1.107589e-04	1.328455e-02	-1.759658e-02
11            	4.304731e-03	-2.183694e-20	-4.159125e-03	1.039781e-04	1.490950e-02	1.076183e-04	2.256344e-03	2.048387e-03	1.076183e-04	-1.076183e-04	1.282994e-02	-1.698906e-02
12            	4.188478e-03	-2.186254e-20	-3.986608e-03	9.966520e-05	1.437677e-02	1.047119e-04	2.193904e-03	1.994574e-03	1.047119e-04	-1.047119e-04	1.238346e-02	-1.637007e-02
13            	4.082562e-03	-2.198055e-20	-3.786110e-03	9.465275e-05	1.381739e-02	1.020640e-04	2.135934e-03	1.946628e-03	1.020640e-04	-1.020640e-04	1.192434e-02	-1.571045e-02
14            	3.984373e-03	-2.162410e-20	-3.564234e-03	8.910586e-05	1.323683e-02	9.960934e-05	2.081293e-03	1.903081e-03	9.960934e-05	-9.960934e-05	1.145471e-02	-1.501895e-02
15            	3.889171e-03	-2.085367e-20	-3.326607e-03	8.316517e-05	1.263366e-02	9.722928e-05	2.027751e-03	1.861420e-03	9.722928e-05	-9.722928e-05	1.097035e-02	-1.429696e-02
16            	3.801279e-03	-1.999126e-20	-3.081063e-03	7.702657e-05	1.202978e-02	9.503198e-05	1.977666e-03	1.823613e-03	9.503198e-05	-9.503198e-05	1.048925e-02	-1.357031e-02
17            	3.712122e-03	-1.877694e-20	-2.836151e-03	7.090376e-05	1.142202e-02	9.280305e-05	1.926965e-03	1.785157e-03	9.280305e-05	-9.280305e-05	1.000394e-02	-1.284010e-02
18            	3.634576e-03	-1.750052e-20	-2.622071e-03	6.555178e-05	1.089473e-02	9.086440e-05	1.882840e-03	1.751736e-03	9.086440e-05	-9.086440e-05	9.583693e-03	-1.220576e-02
19            	3.571623e-03	-1.626166e-20	-2.444303e-03	6.110759e-05	1.046094e-02	8.929056e-05	1.846919e-03	1.724704e-03	8.929056e-05	-8.929056e-05	9.238791e-03	-1.168309e-02
20            	3.521239e-03	-1.519061e-20	-2.300205e-03	5.750513e-05	1.011190e-02	8.803098e-05	1.818125e-03	1.703115e-03	8.803098e-05	-8.803098e-05	8.961801e-03	-1.126201e-02
21            	3.482170e-03	-1.435076e-20	-2.188557e-03	5.471392e-05	9.841682e-03	8.705425e-05	1.795799e-03	1.686371e-03	8.705425e-05	-8.705425e-05	8.747404e-03	-1.093596e-02
22            	3.454352e-03	-1.368961e-20	-2.108683e-03	5.271707e-05	9.649177e-03	8.635879e-05	1.779893e-03	1.674459e-03	8.635879e-05	-8.635879e-05	8.594836e-03	-1.070352e-02
23            	3.436118e-03	-1.318504e-20	-2.055591e-03	5.138977e-05	9.521316e-03	8.590295e-05	1.769449e-03	1.666669e-03	8.590295e-05	-8.590295e-05	8.493520e-03	-1.054911e-02
24            	3.424469e-03	-1.288388e-20	-2.021780e-03	5.054449e-05	9.438655e-03	8.561173e-05	1.762779e-03	1.661690e-03	8.561173e-05	-8.561173e-05	8.427766e-03	-1.044955e-02
25            	3.417621e-03	-1.270820e-20	-2.006617e-03	5.016541e-05	9.397860e-03	8.544052e-05	1.758976e-03	1.658645e-03	8.544052e-05	-8.544052e-05	8.394552e-03	-1.040117e-02
26            	3.415943e-03	-1.259981e-20	-2.008085e-03	5.020214e-05	9.395929e-03	8.539858e-05	1.758174e-03	1.657769e-03	8.539858e-05	-8.539858e-05	8.391887e-03	-1.039997e-02
27            	3.419431e-03	-1.254165e-20	-2.022622e-03	5.056555e-05	9.426561e-03	8.548577e-05	1.760281e-03	1.659150e-03	8.548577e-05	-8.548577e-05	8.415250e-03	-1.043787e-02
28            	3.421606e-03	-1.250366e-20	-2.046055e-03	5.115137e-05	9.470580e-03	8.554014e-05	1.761954e-03	1.659651e-03	8.554014e-05	-8.554014e-05	8.447553e-03	-1.049361e-02
29            	3.430202e-03	-1.255915e-20	-2.082989e-03	5.207473e-05	9.552359e-03	8.575505e-05	1.767176e-03	1.663026e-03	8.575505e-05	-8.575505e-05	8.510865e-03	-1.059385e-02
30            	3.439956e-03	-1.251029e-20	-2.126987e-03	5.317467e-05	9.648810e-03	8.599891e-05	1.773153e-03	1.666804e-03	8.599891e-05	-8.599891e-05	8.585317e-03	-1.071230e-02
31            	3.454782e-03	-1.261414e-20	-2.178183e-03	5.445457e-05	9.769555e-03	8.636954e-05	1.781845e-03	1.672936e-03	8.636954e-05	-8.636954e-05	8.680463e-03	-1.085865e-02
32            	3.468509e-03	-1.268864e-20	-2.228381e-03	5.570951e-05	9.885986e-03	8.671274e-05	1.789964e-03	1.678545e-03	8.671274e-05	-8.671274e-05	8.771796e-03	-1.100018e-02
33            	3.483779e-03	-1.288862e-20	-2.276929e-03	5.692323e-05	1.000356e-02	8.709448e-05	1.798813e-03	1.684966e-03	8.709448e-05	-8.709448e-05	8.865093e-03	-1.114202e-02
34            	3.498427e-03	-1.305748e-20	-2.322534e-03	5.806335e-05	1.011423e-02	8.746068e-05	1.807277e-03	1.691150e-03	8.746068e-05	-8.746068e-05	8.952968e-03	-1.127550e-02
35            	3.511530e-03	-1.325362e-20	-2.359808e-03	5.899521e-05	1.020712e-02	8.778824e-05	1.814760e-03	1.696770e-03	8.778824e-05	-8.778824e-05	9.027218e-03	-1.138703e-02
36            	3.523709e-03	-1.343207e-20	-2.392430e-03	5.981074e-05	1.028945e-02	8.809273e-05	1.821665e-03	1.702044e-03	8.809273e-05	-8.809273e-05	9.093231e-03	-1.148566e-02
37            	3.532231e-03	-1.357816e-20	-2.415229e-03	6.038074e-05	1.034674e-02	8.830578e-05	1.826496e-03	1.705735e-03	8.830578e-05	-8.830578e-05	9.139125e-03	-1.155435e-02
38            	3.540434e-03	-1.366720e-20	-2.435504e-03	6.088761e-05	1.039880e-02	8.851085e-05	1.831105e-03	1.709329e-03	8.851085e-05	-8.851085e-05	9.181049e-03	-1.161655e-02
39            	3.544421e-03	-1.374212e-20	-2.446835e-03	6.117088e-05	1.042623e-02	8.861051e-05	1.833381e-03	1.711039e-03	8.861051e-05	-8.861051e-05	9.202815e-03	-1.164965e-02
40            	3.549001e-03	-1.374746e-20	-2.458927e-03	6.147318e-05	1.045646e-02	8.872503e-05	1.835974e-03	1.713027e-03	8.872503e-05	-8.872503e-05	9.226993e-03	-1.168592e-02
41            	3.550369e-03	-1.376391e-20	-2.464855e-03	6.162138e-05	1.046924e-02	8.875922e-05	1.836806e-03	1.713563e-03	8.875922e-05	-8.875922e-05	9.236817e-03	-1.170167e-02
42            	3.552375e-03	-1.378995e-20	-2.472489e-03	6.181222e-05	1.048688e-02	8.880937e-05	1.838000e-03	1.714375e-03	8.880937e-05	-8.880937e-05	9.250640e-03	-1.172313e-02
43            	3.553623e-03	-1.379890e-20	-2.477894e-03	6.194736e-05	1.049936e-02	8.884056e-05	1.838759e-03	1.714864e-03	8.884056e-05	-8.884056e-05	9.260414e-03	-1.173831e-02
44            	3.554923e-03	-1.380592e-20	-2.482911e-03	6.207277e-05	1.051155e-02	8.887308e-05	1.839534e-03	1.715389e-03	8.887308e-05	-8.887308e-05	9.270099e-03	-1.175301e-02
45            	3.556183e-03	-1.381389e-20	-2.486539e-03	6.216347e-05	1.052146e-02	8.890457e-05	1.840255e-03	1.715928e-03	8.890457e-05	-8.890457e-05	9.278192e-03	-1.176473e-02
46            	3.557288e-03	-1.382211e-20	-2.488349e-03	6.220874e-05	1.052785e-02	8.893221e-05	1.840853e-03	1.716435e-03	8.893221e-05	-8.893221e-05	9.283671e-03	-1.177202e-02
47            	3.558184e-03	-1.383048e-20	-2.488050e-03	6.220126e-05	1.052995e-02	8.895459e-05	1.841293e-03	1.716891e-03	8.895459e-05	-8.895459e-05	9.285929e-03	-1.177398e-02
48            	3.558788e-03	-1.382942e-20	-2.485395e-03	6.213487e-05	1.052699e-02	8.896969e-05	1.841529e-03	1.717259e-03	8.896969e-05	-8.896969e-05	9.284292e-03	-1.176969e-02
49            	3.558742e-03	-1.381531e-20	-2.480137e-03	6.200341e-05	1.051768e-02	8.896855e-05	1.841374e-03	1.717368e-03	8.896855e-05	-8.896855e-05	9.277609e-03	-1.175775e-02
50            	3.557476e-03	-1.379370e-20	-2.472096e-03	6.180241e-05	1.050052e-02	8.893690e-05	1.840540e-03	1.716935e-03	8.893690e-05	-8.893690e-05	9.264476e-03	-1.173657e-02
51            	3.555257e-03	-1.376396e-20	-2.463077e-03	6.157691e-05	1.047948e-02	8.888142e-05	1.839205e-03	1.716052e-03	8.888142e-05	-8.888142e-05	9.247947e-03	-1.171102e-02
52            	3.552555e-03	-1.372732e-20	-2.454545e-03	6.136362e-05	1.045831e-02	8.881388e-05	1.837641e-03	1.714914e-03	8.881388e-05	-8.881388e-05	9.231034e-03	-1.168558e-02
53            	3.549779e-03	-1.368990e-20	-2.447204e-03	6.118009e-05	1.043912e-02	8.874448e-05	1.836070e-03	1.713709e-03	8.874448e-05	-8.874448e-05	9.215515e-03	-1.166272e-02
54            	3.547240e-03	-1.365524e-20	-2.441719e-03	6.104298e-05	1.042389e-02	8.868099e-05	1.834663e-03	1.712577e-03	8.868099e-05	-8.868099e-05	9.203030e-03	-1.164475e-02
55            	3.545053e-03	-1.362854e-20	-2.438069e-03	6.095173e-05	1.041287e-02	8.862634e-05	1.833478e-03	1.711575e-03	8.862634e-05	-8.862634e-05	9.193833e-03	-1.163190e-02
56            	3.543464e-03	-1.361090e-20	-2.436467e-03	6.091167e-05	1.040704e-02	8.858661e-05	1.832644e-03	1.710820e-03	8.858661e-05	-8.858661e-05	9.188804e-03	-1.162527e-02
57            	3.542745e-03	-1.360225e-20	-2.436733e-03	6.091832e-05	1.040658e-02	8.856862e-05	1.832291e-03	1.710454e-03	8.856862e-05	-8.856862e-05	9.188209e-03	-1.162494e-02
58            	3.543000e-03	-1.360246e-20	-2.438199e-03	6.095499e-05	1.041036e-02	8.857500e-05	1.832455e-03	1.710545e-03	8.857500e-05	-8.857500e-05	9.191257e-03	-1.162946e-02
59            	3.543818e-03	-1.360708e-20	-2.439576e-03	6.098940e-05	1.041504e-02	8.859545e-05	1.832898e-03	1.710920e-03	8.859545e-05	-8.859545e-05	9.195256e-03	-1.163483e-02
60            	3.544806e-03	-1.361653e-20	-2.440156e-03	6.100390e-05	1.041847e-02	8.862014e-05	1.833407e-03	1.711399e-03	8.862014e-05	-8.862014e-05	9.198387e-03	-1.163854e-02
61            	3.545611e-03	-1.362474e-20	-2.439430e-03	6.098575e-05	1.041891e-02	8.864029e-05	1.833791e-03	1.711820e-03	8.864029e-05	-8.864029e-05	9.199200e-03	-1.163863e-02
62            	3.545867e-03	-1.362878e-20	-2.437186e-03	6.092965e-05	1.041525e-02	8.864668e-05	1.833863e-03	1.712004e-03	8.864668e-05	-8.864668e-05	9.196655e-03	-1.163384e-02
63            	3.545425e-03	-1.362374e-20	-2.433858e-03	6.084645e-05	1.040799e-02	8.863562e-05	1.833559e-03	1.711866e-03	8.863562e-05	-8.863562e-05	9.191065e-03	-1.162492e-02
64            	3.544523e-03	-1.361041e-20	-2.430471e-03	6.076177e-05	1.039959e-02	8.861308e-05	1.833023e-03	1.711500e-03	8.861308e-05	-8.861308e-05	9.184351e-03	-1.161482e-02
65            	3.543429e-03	-1.359285e-20	-2.427727e-03	6.069318e-05	1.039194e-02	8.858572e-05	1.832408e-03	1.711021e-03	8.858572e-05	-8.858572e-05	9.178077e-03	-1.160580e-02
66            	3.542262e-03	-1.357729e-20	-2.425927e-03	6.064817e-05	1.038593e-02	8.855655e-05	1.831779e-03	1.710483e-03	8.855655e-05	-8.855655e-05	9.172965e-03	-1.159889e-02
67            	3.541231e-03	-1.356397e-20	-2.425427e-03	6.063568e-05	1.038269e-02	8.853078e-05	1.831251e-03	1.709980e-03	8.853078e-05	-8.853078e-05	9.169976e-03	-1.159540e-02
68            	3.540600e-03	-1.355455e-20	-2.426486e-03	6.066214e-05	1.038328e-02	8.851499e-05	1.830962e-03	1.709638e-03	8.851499e-05	-8.851499e-05	9.170036e-03	-1.159652e-02
69            	3.540700e-03	-1.355226e-20	-2.429133e-03	6.072832e-05	1.038844e-02	8.851751e-05	1.831078e-03	1.709622e-03	8.851751e-05	-8.851751e-05	9.173871e-03	-1.160300e-02
70            	3.541367e-03	-1.355935e-20	-2.432362e-03	6.080905e-05	1.039591e-02	8.853416e-05	1.831492e-03	1.709874e-03	8.853416e-05	-8.853416e-05	9.179731e-03	-1.161209e-02
71            	3.542302e-03	-1.357357e-20	-2.435342e-03	6.088355e-05	1.040351e-02	8.855754e-05	1.832034e-03	1.710267e-03	8.855754e-05	-8.855754e-05	9.185841e-03	-1.162118e-02
72            	3.543360e-03	-1.358812e-20	-2.437724e-03	6.094309e-05	1.041024e-02	8.858399e-05	1.832623e-03	1.710737e-03	8.858399e-05	-8.858399e-05	9.191376e-03	-1.162910e-02
73            	3.544437e-03	-1.359980e-20	-2.439271e-03	6.098178e-05	1.041541e-02	8.861093e-05	1.833200e-03	1.711237e-03	8.861093e-05	-8.861093e-05	9.195771e-03	-1.163504e-02
74            	3.545311e-03	-1.360906e-20	-2.439629e-03	6.099072e-05	1.041787e-02	8.863278e-05	1.833646e-03	1.711665e-03	8.863278e-05	-8.863278e-05	9.198051e-03	-1.163768e-02
75            	3.545729e-03	-1.361528e-20	-2.438633e-03	6.096582e-05	1.041676e-02	8.864322e-05	1.833830e-03	1.711899e-03	8.864322e-05	-8.864322e-05	9.197439e-03	-1.163607e-02
76            	3.545501e-03	-1.361459e-20	-2.436543e-03	6.091359e-05	1.041221e-02	8.863751e-05	1.833664e-03	1.711837e-03	8.863751e-05	-8.863751e-05	9.193938e-03	-1.163048e-02
77            	3.544879e-03	-1.360576e-20	-2.434324e-03	6.085811e-05	1.040657e-02	8.862199e-05	1.833298e-03	1.711582e-03	8.862199e-05	-8.862199e-05	9.189412e-03	-1.162374e-02
78            	3.544060e-03	-1.359500e-20	-2.432473e-03	6.081182e-05	1.040123e-02	8.860149e-05	1.832842e-03	1.711218e-03	8.860149e-05	-8.860149e-05	9.184990e-03	-1.161746e-02
79            	3.543166e-03	-1.358580e-20	-2.431273e-03	6.078182e-05	1.039699e-02	8.857916e-05	1.832365e-03	1.710801e-03	8.857916e-05	-8.857916e-05	9.181357e-03	-1.161263e-02
80            	3.542367e-03	-1.357734e-20	-2.430989e-03	6.077474e-05	1.039473e-02	8.855918e-05	1.831958e-03	1.710409e-03	8.855918e-05	-8.855918e-05	9.179231e-03	-1.161022e-02
81            	3.541982e-03	-1.357136e-20	-2.432015e-03	6.080036e-05	1.039586e-02	8.854954e-05	1.831791e-03	1.710190e-03	8.854954e-05	-8.854954e-05	9.179850e-03	-1.161186e-02
82            	3.542139e-03	-1.357114e-20	-2.434002e-03	6.085005e-05	1.039997e-02	8.855348e-05	1.831920e-03	1.710220e-03	8.855348e-05	-8.855348e-05	9.182974e-03	-1.161698e-02
83            	3.542659e-03	-1.357758e-20	-2.436189e-03	6.090473e-05	1.040526e-02	8.856647e-05	1.832234e-03	1.710425e-03	8.856647e-05	-8.856647e-05	9.187165e-03	-1.162335e-02
84            	3.543337e-03	-1.358786e-20	-2.438063e-03	6.095158e-05	1.041030e-02	8.858341e-05	1.832620e-03	1.710717e-03	8.858341e-05	-8.858341e-05	9.191272e-03	-1.162934e-02
85            	3.544096e-03	-1.359751e-20	-2.439423e-03	6.098559e-05	1.041454e-02	8.860241e-05	1.833034e-03	1.711063e-03	8.860241e-05	-8.860241e-05	9.194826e-03	-1.163425e-02
86            	3.544846e-03	-1.360596e-20	-2.440085e-03	6.100213e-05	1.041740e-02	8.862114e-05	1.833425e-03	1.711421e-03	8.862114e-05	-8.862114e-05	9.197358e-03	-1.163744e-02
87            	3.545326e-03	-1.361248e-20	-2.439648e-03	6.099119e-05	1.041759e-02	8.863315e-05	1.833654e-03	1.711672e-03	8.863315e-05	-8.863315e-05	9.197761e-03	-1.163741e-02
88            	3.545363e-03	-1.361526e-20	-2.438192e-03	6.095481e-05	1.041489e-02	8.863409e-05	1.833637e-03	1.711727e-03	8.863409e-05	-8.863409e-05	9.195797e-03	-1.163399e-02
89            	3.544979e-03	-1.361150e-20	-2.436225e-03	6.090562e-05	1.041032e-02	8.862447e-05	1.833395e-03	1.711584e-03	8.862447e-05	-8.862447e-05	9.192211e-03	-1.162844e-02
90            	3.544398e-03	-1.360279e-20	-2.434395e-03	6.085988e-05	1.040558e-02	8.860994e-05	1.833059e-03	1.711339e-03	8.860994e-05	-8.860994e-05	9.188385e-03	-1.162278e-02
91            	3.543703e-03	-1.359357e-20	-2.432926e-03	6.082316e-05	1.040129e-02	8.859258e-05	1.832675e-03	1.711028e-03	8.859258e-05	-8.859258e-05	9.184828e-03	-1.161775e-02
92            	3.542972e-03	-1.358569e-20	-2.431993e-03	6.079982e-05	1.039794e-02	8.857429e-05	1.832286e-03	1.710686e-03	8.857429e-05	-8.857429e-05	9.181946e-03	-1.161394e-02
93            	3.542421e-03	-1.357934e-20	-2.431979e-03	6.079948e-05	1.039676e-02	8.856054e-05	1.832010e-03	1.710411e-03	8.856054e-05	-8.856054e-05	9.180772e-03	-1.161275e-02
94            	3.542209e-03	-1.357526e-20	-2.432899e-03	6.082249e-05	1.039808e-02	8.855524e-05	1.831927e-03	1.710282e-03	8.855524e-05	-8.855524e-05	9.181632e-03	-1.161453e-02
95            	3.542407e-03	-1.357634e-20	-2.434467e-03	6.086167e-05	1.040150e-02	8.856017e-05	1.832065e-03	1.710342e-03	8.856017e-05	-8.856017e-05	9.184269e-03	-1.161874e-02
96            	3.542837e-03	-1.358308e-20	-2.436070e-03	6.090174e-05	1.040550e-02	8.857092e-05	1.832320e-03	1.710517e-03	8.857092e-05	-8.857092e-05	9.187463e-03	-1.162353e-02
97            	3.543396e-03	-1.359104e-20	-2.437430e-03	6.093576e-05	1.040931e-02	8.858489e-05	1.832634e-03	1.710762e-03	8.858489e-05	-8.858489e-05	9.190592e-03	-1.162802e-02
98            	3.544128e-03	-1.359991e-20	-2.438525e-03	6.096313e-05	1.041293e-02	8.860321e-05	1.833027e-03	1.711101e-03	8.860321e-05	-8.860321e-05	9.193667e-03	-1.163219e-02
99            	3.544627e-03	-1.360531e-20	-2.438713e-03	6.096782e-05	1.041436e-02	8.861567e-05	1.833281e-03	1.711346e-03	8.861567e-05	-8.861567e-05	9.195003e-03	-1.163372e-02
100           	3.544889e-03	-1.360822e-20	-2.438099e-03	6.095247e-05	1.041375e-02	8.862223e-05	1.833397e-03	1.711492e-03	8.862223e-05	-8.862223e-05	9.194702e-03	-1.163280e-02
101           	3.544776e-03	-1.360854e-20	-2.436750e-03	6.091874e-05	1.041094e-02	8.861940e-05	1.833307e-03	1.711469e-03	8.861940e-05	-8.861940e-05	9.192563e-03	-1.162931e-02
102           	3.544400e-03	-1.360433e-20	-2.435237e-03	6.088092e-05	1.040725e-02	8.861000e-05	1.833081e-03	1.711319e-03	8.861000e-05	-8.861000e-05	9.189634e-03	-1.162487e-02
103           	3.543927e-03	-1.359743e-20	-2.433952e-03	6.084879e-05	1.040378e-02	8.859817e-05	1.832812e-03	1.711115e-03	8.859817e-05	-8.859817e-05	9.186803e-03	-1.162075e-02
104           	3.543293e-03	-1.358995e-20	-2.432831e-03	6.082076e-05	1.040031e-02	8.858233e-05	1.832467e-03	1.710826e-03	8.858233e-05	-8.858233e-05	9.183896e-03	-1.161673e-02
105           	3.542795e-03	-1.358416e-20	-2.432424e-03	6.081060e-05	1.039847e-02	8.856987e-05	1.832208e-03	1.710587e-03	8.856987e-05	-8.856987e-05	9.182255e-03	-1.161468e-02
106           	3.542503e-03	-1.358039e-20	-2.432771e-03	6.081927e-05	1.039850e-02	8.856257e-05	1.832071e-03	1.710432e-03	8.856257e-05	-8.856257e-05	9.182112e-03	-1.161488e-02
107           	3.542501e-03	-1.357857e-20	-2.433767e-03	6.084418e-05	1.040039e-02	8.856251e-05	1.832094e-03	1.710406e-03	8.856251e-05	-8.856251e-05	9.183507e-03	-1.161727e-02
108           	3.542763e-03	-1.358112e-20	-2.435066e-03	6.087666e-05	1.040342e-02	8.856909e-05	1.832258e-03	1.710505e-03	8.856909e-05	-8.856909e-05	9.185890e-03	-1.162096e-02
109           	3.543145e-03	-1.358698e-20	-2.436265e-03	6.090663e-05	1.040653e-02	8.857862e-05	1.832479e-03	1.710666e-03	8.857862e-05	-8.857862e-05	9.188401e-03	-1.162467e-02
110           	3.543689e-03	-1.359363e-20	-2.437389e-03	6.093473e-05	1.040982e-02	8.859222e-05	1.832779e-03	1.710910e-03	8.859222e-05	-8.859222e-05	9.191124e-03	-1.162851e-02
111           	3.544161e-03	-1.359938e-20	-2.437938e-03	6.094845e-05	1.041187e-02	8.860402e-05	1.833029e-03	1.711132e-03	8.860402e-05	-8.860402e-05	9.192902e-03	-1.163084e-02
112           	3.544481e-03	-1.360343e-20	-2.437854e-03	6.094636e-05	1.041241e-02	8.861204e-05	1.833187e-03	1.711294e-03	8.861204e-05	-8.861204e-05	9.193480e-03	-1.163133e-02
113           	3.544551e-03	-1.360951e-20	-2.437064e-03	6.092661e-05	1.041106e-02	8.861377e-05	1.833202e-03	1.711349e-03	8.861377e-05	-8.861377e-05	9.192530e-03	-1.162959e-02
114           	3.544340e-03	-1.360662e-20	-2.435992e-03	6.089980e-05	1.040857e-02	8.860850e-05	1.833070e-03	1.711270e-03	8.860850e-05	-8.860850e-05	9.190570e-03	-1.162656e-02
115           	3.544162e-03	-1.360176e-20	-2.435146e-03	6.087865e-05	1.040655e-02	8.860405e-05	1.832960e-03	1.711202e-03	8.860405e-05	-8.860405e-05	9.188976e-03	-1.162412e-02
116           	3.543729e-03	-1.359564e-20	-2.434069e-03	6.085172e-05	1.040357e-02	8.859323e-05	1.832716e-03	1.711013e-03	8.859323e-05	-8.859323e-05	9.186541e-03	-1.162061e-02
117           	3.543257e-03	-1.358752e-20	-2.433363e-03	6.083408e-05	1.040123e-02	8.858142e-05	1.832463e-03	1.710794e-03	8.858142e-05	-8.858142e-05	9.184550e-03	-1.161791e-02
118           	3.542917e-03	-1.358324e-20	-2.433208e-03	6.083020e-05	1.040021e-02	8.857292e-05	1.832289e-03	1.710628e-03	8.857292e-05	-8.857292e-05	9.183605e-03	-1.161681e-02
119           	3.542758e-03	-1.357942e-20	-2.433703e-03	6.084258e-05	1.040080e-02	8.856895e-05	1.832222e-03	1.710536e-03	8.856895e-05	-8.856895e-05	9.183945e-03	-1.161765e-02
120           	3.542889e-03	-1.358169e-20	-2.434599e-03	6.086498e-05	1.040279e-02	8.857223e-05	1.832310e-03	1.710580e-03	8.857223e-05	-8.857223e-05	9.185489e-03	-1.162009e-02
121           	3.543005e-03	-1.358554e-20	-2.435354e-03	6.088385e-05	1.040449e-02	8.857512e-05	1.832386e-03	1.710619e-03	8.857512e-05	-8.857512e-05	9.186814e-03	-1.162217e-02
122           	3.543440e-03	-1.359114e-20	-2.436518e-03	6.091295e-05	1.040762e-02	8.858601e-05	1.832633e-03	1.710807e-03	8.858601e-05	-8.858601e-05	9.189357e-03	-1.162587e-02
123           	3.543811e-03	-1.359598e-20	-2.437127e-03	6.092818e-05	1.040958e-02	8.859527e-05	1.832834e-03	1.710977e-03	8.859527e-05	-8.859527e-05	9.191015e-03	-1.162814e-02
124           	3.544144e-03	-1.360161e-20	-2.437355e-03	6.093389e-05	1.041073e-02	8.860359e-05	1.833006e-03	1.711138e-03	8.860359e-05	-8.860359e-05	9.192051e-03	-1.162941e-02
125           	3.544299e-03	-1.360358e-20	-2.437119e-03	6.092799e-05	1.041061e-02	8.860748e-05	1.833078e-03	1.711222e-03	8.860748e-05	-8.860748e-05	9.192050e-03	-1.162917e-02
126           	3.544338e-03	-1.360543e-20	-2.436503e-03	6.091257e-05	1.040953e-02	8.860844e-05	1.833081e-03	1.711256e-03	8.860844e-05	-8.860844e-05	9.191279e-03	-1.162778e-02
127           	3.544101e-03	-1.360198e-20	-2.435562e-03	6.088906e-05	1.040723e-02	8.860253e-05	1.832940e-03	1.711162e-03	8.860253e-05	-8.860253e-05	9.189453e-03	-1.162502e-02
128           	3.543901e-03	-1.359793e-20	-2.434852e-03	6.087130e-05	1.040544e-02	8.859752e-05	1.832822e-03	1.711079e-03	8.859752e-05	-8.859752e-05	9.188018e-03	-1.162287e-02
129           	3.543523e-03	-1.359298e-20	-2.434076e-03	6.085190e-05	1.040316e-02	8.858807e-05	1.832613e-03	1.710909e-03	8.858807e-05	-8.858807e-05	9.186126e-03	-1.162020e-02
130           	3.543240e-03	-1.358712e-20	-2.433806e-03	6.084516e-05	1.040204e-02	8.858100e-05	1.832465e-03	1.710775e-03	8.858100e-05	-8.858100e-05	9.185134e-03	-1.161894e-02
131           	3.543030e-03	-1.358436e-20	-2.433816e-03	6.084540e-05	1.040161e-02	8.857576e-05	1.832361e-03	1.710670e-03	8.857576e-05	-8.857576e-05	9.184702e-03	-1.161852e-02
132           	3.542957e-03	-1.358230e-20	-2.434291e-03	6.085726e-05	1.040234e-02	8.857393e-05	1.832336e-03	1.710621e-03	8.857393e-05	-8.857393e-05	9.185198e-03	-1.161949e-02
133           	3.543112e-03	-1.358478e-20	-2.435052e-03	6.087631e-05	1.040413e-02	8.857781e-05	1.832433e-03	1.710680e-03	8.857781e-05	-8.857781e-05	9.186602e-03	-1.162165e-02
134           	3.543263e-03	-1.358806e-20	-2.435706e-03	6.089264e-05	1.040570e-02	8.858156e-05	1.832524e-03	1.710739e-03	8.858156e-05	-8.858156e-05	9.187844e-03	-1.162355e-02
135           	3.543592e-03	-1.359255e-20	-2.436456e-03	6.091141e-05	1.040783e-02	8.858980e-05	1.832707e-03	1.710885e-03	8.858980e-05	-8.858980e-05	9.189599e-03	-1.162606e-02
136           	3.543848e-03	-1.359748e-20	-2.436792e-03	6.091980e-05	1.040902e-02	8.859621e-05	1.832844e-03	1.711004e-03	8.859621e-05	-8.859621e-05	9.190625e-03	-1.162742e-02
137           	3.544082e-03	-1.360039e-20	-2.436925e-03	6.092312e-05	1.040977e-02	8.860205e-05	1.832964e-03	1.711118e-03	8.860205e-05	-8.860205e-05	9.191308e-03	-1.162823e-02
138           	3.544182e-03	-1.360302e-20	-2.436578e-03	6.091446e-05	1.040934e-02	8.860456e-05	1.833006e-03	1.711177e-03	8.860456e-05	-8.860456e-05	9.191051e-03	-1.162763e-02
139           	3.544093e-03	-1.360147e-20	-2.435974e-03	6.089935e-05	1.040799e-02	8.860233e-05	1.832946e-03	1.711147e-03	8.860233e-05	-8.860233e-05	9.190008e-03	-1.162598e-02
140           	3.543987e-03	-1.359899e-20	-2.435385e-03	6.088462e-05	1.040665e-02	8.859968e-05	1.832878e-03	1.711109e-03	8.859968e-05	-8.859968e-05	9.188953e-03	-1.162434e-02
141           	3.543704e-03	-1.359502e-20	-2.434674e-03	6.086685e-05	1.040469e-02	8.859259e-05	1.832719e-03	1.710985e-03	8.859259e-05	-8.859259e-05	9.187350e-03	-1.162202e-02
142           	3.543478e-03	-1.359115e-20	-2.434306e-03	6.085766e-05	1.040350e-02	8.858695e-05	1.832597e-03	1.710881e-03	8.858695e-05	-8.858695e-05	9.186345e-03	-1.162065e-02
143           	3.543243e-03	-1.358822e-20	-2.434083e-03	6.085208e-05	1.040257e-02	8.858108e-05	1.832474e-03	1.710769e-03	8.858108e-05	-8.858108e-05	9.185531e-03	-1.161961e-02
144           	3.543119e-03	-1.358533e-20	-2.434295e-03	6.085738e-05	1.040270e-02	8.857798e-05	1.832417e-03	1.710702e-03	8.857798e-05	-8.857798e-05	9.185554e-03	-1.161985e-02
145           	3.543153e-03	-1.358610e-20	-2.434751e-03	6.086877e-05	1.040364e-02	8.857883e-05	1.832445e-03	1.710708e-03	8.857883e-05	-8.857883e-05	9.186269e-03	-1.162102e-02
146           	3.543227e-03	-1.358726e-20	-2.435276e-03	6.088191e-05	1.040480e-02	8.858067e-05	1.832495e-03	1.710732e-03	8.858067e-05	-8.858067e-05	9.187161e-03	-1.162244e-02
147           	3.543465e-03	-1.359055e-20	-2.435930e-03	6.089824e-05	1.040655e-02	8.858662e-05	1.832631e-03	1.710834e-03	8.858662e-05	-8.858662e-05	9.188585e-03	-1.162451e-02
148           	3.543651e-03	-1.359408e-20	-2.436302e-03	6.090754e-05	1.040766e-02	8.859127e-05	1.832733e-03	1.710918e-03	8.859127e-05	-8.859127e-05	9.189512e-03	-1.162581e-02
149           	3.543874e-03	-1.359711e-20	-2.436587e-03	6.091469e-05	1.040868e-02	8.859686e-05	1.832852e-03	1.711022e-03	8.859686e-05	-8.859686e-05	9.190387e-03	-1.162697e-02
150           	3.544014e-03	-1.360016e-20	-2.436500e-03	6.091250e-05	1.040883e-02	8.860036e-05	1.832920e-03	1.711095e-03	8.860036e-05	-8.860036e-05	9.190575e-03	-1.162708e-02
151           	3.544019e-03	-1.360003e-20	-2.436167e-03	6.090417e-05	1.040820e-02	8.860048e-05	1.832914e-03	1.711105e-03	8.860048e-05	-8.860048e-05	9.190116e-03	-1.162628e-02
152           	3.543985e-03	-1.359962e-20	-2.435730e-03	6.089326e-05	1.040730e-02	8.859962e-05	1.832886e-03	1.711099e-03	8.859962e-05	-8.859962e-05	9.189435e-03	-1.162516e-02
153           	3.543793e-03	-1.359688e-20	-2.435143e-03	6.087858e-05	1.040577e-02	8.859482e-05	1.832775e-03	1.711018e-03	8.859482e-05	-8.859482e-05	9.188201e-03	-1.162334e-02
154           	3.543640e-03	-1.359386e-20	-2.434777e-03	6.086943e-05	1.040474e-02	8.859100e-05	1.832689e-03	1.710951e-03	8.859100e-05	-8.859100e-05	9.187354e-03	-1.162213e-02
155           	3.543429e-03	-1.359093e-20	-2.434449e-03	6.086123e-05	1.040367e-02	8.858572e-05	1.832576e-03	1.710853e-03	8.858572e-05	-8.858572e-05	9.186446e-03	-1.162090e-02
156           	3.543286e-03	-1.358790e-20	-2.434447e-03	6.086118e-05	1.040335e-02	8.858214e-05	1.832504e-03	1.710782e-03	8.858214e-05	-8.858214e-05	9.186126e-03	-1.162057e-02
157           	3.543248e-03	-1.358755e-20	-2.434666e-03	6.086666e-05	1.040369e-02	8.858120e-05	1.832491e-03	1.710757e-03	8.858120e-05	-8.858120e-05	9.186355e-03	-1.162102e-02
158           	3.543251e-03	-1.358733e-20	-2.435017e-03	6.087543e-05	1.040436e-02	8.858127e-05	1.832501e-03	1.710750e-03	8.858127e-05	-8.858127e-05	9.186849e-03	-1.162187e-02
159           	3.543400e-03	-1.358949e-20	-2.435531e-03	6.088827e-05	1.040565e-02	8.858500e-05	1.832588e-03	1.710812e-03	8.858500e-05	-8.858500e-05	9.187889e-03	-1.162342e-02
160           	3.543523e-03	-1.359200e-20	-2.435883e-03	6.089708e-05	1.040659e-02	8.858807e-05	1.832659e-03	1.710864e-03	8.858807e-05	-8.858807e-05	9.188652e-03	-1.162454e-02
161           	3.543718e-03	-1.359473e-20	-2.436233e-03	6.090582e-05	1.040767e-02	8.859294e-05	1.832765e-03	1.710953e-03	8.859294e-05	-8.859294e-05	9.189555e-03	-1.162579e-02
162           	3.543855e-03	-1.359757e-20	-2.436301e-03	6.090752e-05	1.040810e-02	8.859637e-05	1.832835e-03	1.711020e-03	8.859637e-05	-8.859637e-05	9.189953e-03	-1.162625e-02
163           	3.543924e-03	-1.359846e-20	-2.436187e-03	6.090467e-05	1.040803e-02	8.859809e-05	1.832866e-03	1.711057e-03	8.859809e-05	-8.859809e-05	9.189939e-03	-1.162613e-02
164           	3.543940e-03	-1.359902e-20	-2.435901e-03	6.089754e-05	1.040753e-02	8.859850e-05	1.832868e-03	1.711073e-03	8.859850e-05	-8.859850e-05	9.189578e-03	-1.162548e-02
165           	3.543831e-03	-1.359735e-20	-2.435468e-03	6.088670e-05	1.040647e-02	8.859577e-05	1.832802e-03	1.711029e-03	8.859577e-05	-8.859577e-05	9.188736e-03	-1.162420e-02
166           	3.543733e-03	-1.359539e-20	-2.435134e-03	6.087835e-05	1.040562e-02	8.859332e-05	1.832745e-03	1.710988e-03	8.859332e-05	-8.859332e-05	9.188055e-03	-1.162319e-02
167           	3.543557e-03	-1.359292e-20	-2.434782e-03	6.086954e-05	1.040458e-02	8.858893e-05	1.832648e-03	1.710909e-03	8.858893e-05	-8.858893e-05	9.187186e-03	-1.162197e-02
168           	3.543431e-03	-1.359022e-20	-2.434672e-03	6.086681e-05	1.040410e-02	8.858579e-05	1.832583e-03	1.710849e-03	8.858579e-05	-8.858579e-05	9.186759e-03	-1.162143e-02
169           	3.543340e-03	-1.358903e-20	-2.434689e-03	6.086722e-05	1.040393e-02	8.858350e-05	1.832537e-03	1.710803e-03	8.858350e-05	-8.858350e-05	9.186588e-03	-1.162128e-02
170           	3.543306e-03	-1.358821e-20	-2.434909e-03	6.087274e-05	1.040427e-02	8.858266e-05	1.832526e-03	1.710780e-03	8.858266e-05	-8.858266e-05	9.186820e-03	-1.162173e-02
171           	3.543381e-03	-1.358942e-20	-2.435268e-03	6.088170e-05	1.040512e-02	8.858452e-05	1.832572e-03	1.710809e-03	8.858452e-05	-8.858452e-05	9.187483e-03	-1.162275e-02
172           	3.543453e-03	-1.359098e-20	-2.435573e-03	6.088932e-05	1.040585e-02	8.858633e-05	1.832616e-03	1.710837e-03	8.858633e-05	-8.858633e-05	9.188067e-03	-1.162364e-02
173           	3.543607e-03	-1.359306e-20	-2.435918e-03	6.089795e-05	1.040684e-02	8.859017e-05	1.832701e-03	1.710905e-03	8.859017e-05	-8.859017e-05	9.188879e-03	-1.162480e-02
174           	3.543726e-03	-1.359537e-20	-2.436069e-03	6.090172e-05	1.040738e-02	8.859314e-05	1.832765e-03	1.710961e-03	8.859314e-05	-8.859314e-05	9.189348e-03	-1.162542e-02
175           	3.543831e-03	-1.359669e-20	-2.436122e-03	6.090306e-05	1.040771e-02	8.859578e-05	1.832819e-03	1.711013e-03	8.859578e-05	-8.859578e-05	9.189647e-03	-1.162577e-02
176           	3.543876e-03	-1.359786e-20	-2.435959e-03	6.089897e-05	1.040750e-02	8.859691e-05	1.832837e-03	1.711039e-03	8.859691e-05	-8.859691e-05	9.189521e-03	-1.162548e-02
177           	3.543833e-03	-1.359710e-20	-2.435675e-03	6.089187e-05	1.040686e-02	8.859582e-05	1.832808e-03	1.711024e-03	8.859582e-05	-8.859582e-05	9.189027e-03	-1.162470e-02
178           	3.543782e-03	-1.359592e-20	-2.435402e-03	6.088504e-05	1.040624e-02	8.859455e-05	1.832776e-03	1.711006e-03	8.859455e-05	-8.859455e-05	9.188535e-03	-1.162394e-02
179           	3.543650e-03	-1.359408e-20	-2.435074e-03	6.087684e-05	1.040533e-02	8.859125e-05	1.832702e-03	1.710948e-03	8.859125e-05	-8.859125e-05	9.187793e-03	-1.162287e-02
180           	3.543545e-03	-1.359226e-20	-2.434906e-03	6.087264e-05	1.040478e-02	8.858862e-05	1.832645e-03	1.710900e-03	8.858862e-05	-8.858862e-05	9.187329e-03	-1.162223e-02
181           	3.543437e-03	-1.359091e-20	-2.434807e-03	6.087018e-05	1.040436e-02	8.858593e-05	1.832589e-03	1.710848e-03	8.858593e-05	-8.858593e-05	9.186961e-03	-1.162177e-02
182           	3.543381e-03	-1.358960e-20	-2.434911e-03	6.087276e-05	1.040444e-02	8.858454e-05	1.832563e-03	1.710818e-03	8.858454e-05	-8.858454e-05	9.186982e-03	-1.162189e-02
183           	3.543400e-03	-1.358998e-20	-2.435126e-03	6.087815e-05	1.040489e-02	8.858499e-05	1.832578e-03	1.710822e-03	8.858499e-05	-8.858499e-05	9.187325e-03	-1.162245e-02
184           	3.543435e-03	-1.359056e-20	-2.435369e-03	6.088423e-05	1.040543e-02	8.858587e-05	1.832602e-03	1.710833e-03	8.858587e-05	-8.858587e-05	9.187741e-03	-1.162311e-02
185           	3.543546e-03	-1.359210e-20	-2.435671e-03	6.089177e-05	1.040624e-02	8.858864e-05	1.832665e-03	1.710881e-03	8.858864e-05	-8.858864e-05	9.188401e-03	-1.162407e-02
186           	3.543633e-03	-1.359374e-20	-2.435841e-03	6.089602e-05	1.040675e-02	8.859082e-05	1.832712e-03	1.710920e-03	8.859082e-05	-8.859082e-05	9.188828e-03	-1.162467e-02
187           	3.543735e-03	-1.359513e-20	-2.435968e-03	6.089920e-05	1.040721e-02	8.859338e-05	1.832767e-03	1.710968e-03	8.859338e-05	-8.859338e-05	9.189225e-03	-1.162519e-02
188           	3.543798e-03	-1.359653e-20	-2.435922e-03	6.089804e-05	1.040726e-02	8.859496e-05	1.832797e-03	1.711001e-03	8.859496e-05	-8.859496e-05	9.189300e-03	-1.162522e-02
189           	3.543799e-03	-1.359644e-20	-2.435763e-03	6.089407e-05	1.040696e-02	8.859496e-05	1.832793e-03	1.711005e-03	8.859496e-05	-8.859496e-05	9.189077e-03	-1.162484e-02
190           	3.543781e-03	-1.359620e-20	-2.435559e-03	6.088898e-05	1.040654e-02	8.859453e-05	1.832780e-03	1.711002e-03	8.859453e-05	-8.859453e-05	9.188756e-03	-1.162431e-02
191           	3.543691e-03	-1.359492e-20	-2.435287e-03	6.088218e-05	1.040582e-02	8.859228e-05	1.832728e-03	1.710963e-03	8.859228e-05	-8.859228e-05	9.188181e-03	-1.162347e-02
192           	3.543619e-03	-1.359351e-20	-2.435119e-03	6.087797e-05	1.040535e-02	8.859049e-05	1.832688e-03	1.710932e-03	8.859049e-05	-8.859049e-05	9.187789e-03	-1.162291e-02
193           	3.543522e-03	-1.359216e-20	-2.434970e-03	6.087426e-05	1.040486e-02	8.858805e-05	1.832635e-03	1.710887e-03	8.858805e-05	-8.858805e-05	9.187374e-03	-1.162234e-02
194           	3.543456e-03	-1.359080e-20	-2.434972e-03	6.087430e-05	1.040472e-02	8.858639e-05	1.832602e-03	1.710854e-03	8.858639e-05	-8.858639e-05	9.187230e-03	-1.162220e-02
195           	3.543440e-03	-1.359057e-20	-2.435079e-03	6.087696e-05	1.040489e-02	8.858600e-05	1.832597e-03	1.710843e-03	8.858600e-05	-8.858600e-05	9.187346e-03	-1.162242e-02
196           	3.543443e-03	-1.359053e-20	-2.435245e-03	6.088112e-05	1.040521e-02	8.858608e-05	1.832603e-03	1.710841e-03	8.858608e-05	-8.858608e-05	9.187585e-03	-1.162283e-02
197           	3.543514e-03	-1.359156e-20	-2.435484e-03	6.088710e-05	1.040581e-02	8.858785e-05	1.832644e-03	1.710870e-03	8.858785e-05	-8.858785e-05	9.188071e-03	-1.162356e-02
198           	3.543573e-03	-1.359278e-20	-2.435649e-03	6.089121e-05	1.040625e-02	8.858932e-05	1.832678e-03	1.710895e-03	8.858932e-05	-8.858932e-05	9.188430e-03	-1.162408e-02
199           	3.543663e-03	-1.359405e-20	-2.435807e-03	6.089518e-05	1.040675e-02	8.859157e-05	1.832727e-03	1.710936e-03	8.859157e-05	-8.859157e-05	9.188844e-03	-1.162465e-02
200           	3.543726e-03	-1.359536e-20	-2.435834e-03	6.089586e-05	1.040694e-02	8.859315e-05	1.832759e-03	1.710967e-03	8.859315e-05	-8.859315e-05	9.189022e-03	-1.162486e-02
201           	3.543756e-03	-1.359576e-20	-2.435779e-03	6.089448e-05	1.040690e-02	8.859390e-05	1.832772e-03	1.710983e-03	8.859390e-05	-8.859390e-05	9.189007e-03	-1.162479e-02
202           	3.543764e-03	-1.359598e-20	-2.435648e-03	6.089120e-05	1.040667e-02	8.859409e-05	1.832773e-03	1.710991e-03	8.859409e-05	-8.859409e-05	9.188842e-03	-1.162449e-02
203           	3.543712e-03	-1.359518e-20	-2.435445e-03	6.088612e-05	1.040617e-02	8.859279e-05	1.832742e-03	1.710970e-03	8.859279e-05	-8.859279e-05	9.188445e-03	-1.162389e-02
204           	3.543666e-03	-1.359427e-20	-2.435291e-03	6.088227e-05	1.040577e-02	8.859164e-05	1.832715e-03	1.710951e-03	8.859164e-05	-8.859164e-05	9.188129e-03	-1.162342e-02
205           	3.543584e-03	-1.359312e-20	-2.435128e-03	6.087819e-05	1.040529e-02	8.858960e-05	1.832670e-03	1.710914e-03	8.858960e-05	-8.858960e-05	9.187727e-03	-1.162285e-02
206           	3.543526e-03	-1.359186e-20	-2.435079e-03	6.087698e-05	1.040507e-02	8.858815e-05	1.832640e-03	1.710886e-03	8.858815e-05	-8.858815e-05	9.187533e-03	-1.162261e-02
207           	3.543485e-03	-1.359132e-20	-2.435089e-03	6.087723e-05	1.040500e-02	8.858712e-05	1.832620e-03	1.710865e-03	8.858712e-05	-8.858712e-05	9.187458e-03	-1.162255e-02
208           	3.543469e-03	-1.359096e-20	-2.435192e-03	6.087981e-05	1.040516e-02	8.858673e-05	1.832614e-03	1.710855e-03	8.858673e-05	-8.858673e-05	9.187568e-03	-1.162276e-02
209           	3.543505e-03	-1.359153e-20	-2.435359e-03	6.088398e-05	1.040556e-02	8.858761e-05	1.832636e-03	1.710868e-03	8.858761e-05	-8.858761e-05	9.187878e-03	-1.162324e-02
210           	3.543538e-03	-1.359226e-20	-2.435500e-03	6.088750e-05	1.040590e-02	8.858846e-05	1.832657e-03	1.710882e-03	8.858846e-05	-8.858846e-05	9.188149e-03	-1.162365e-02
211           	3.543610e-03	-1.359323e-20	-2.435659e-03	6.089146e-05	1.040635e-02	8.859024e-05	1.832696e-03	1.710913e-03	8.859024e-05	-8.859024e-05	9.188523e-03	-1.162418e-02
212           	3.543664e-03	-1.359430e-20	-2.435726e-03	6.089316e-05	1.040660e-02	8.859161e-05	1.832725e-03	1.710939e-03	8.859161e-05	-8.859161e-05	9.188737e-03	-1.162446e-02
213           	3.543712e-03	-1.359491e-20	-2.435748e-03	6.089371e-05	1.040674e-02	8.859281e-05	1.832750e-03	1.710962e-03	8.859281e-05	-8.859281e-05	9.188869e-03	-1.162462e-02
214           	3.543733e-03	-1.359543e-20	-2.435671e-03	6.089178e-05	1.040664e-02	8.859332e-05	1.832758e-03	1.710975e-03	8.859332e-05	-8.859332e-05	9.188808e-03	-1.162448e-02
215           	3.543711e-03	-1.359507e-20	-2.435538e-03	6.088846e-05	1.040634e-02	8.859279e-05	1.832744e-03	1.710967e-03	8.859279e-05	-8.859279e-05	9.188575e-03	-1.162411e-02
216           	3.543688e-03	-1.359452e-20	-2.435412e-03	6.088530e-05	1.040605e-02	8.859219e-05	1.832729e-03	1.710958e-03	8.859219e-05	-8.859219e-05	9.188346e-03	-1.162376e-02
217           	3.543626e-03	-1.359366e-20	-2.435261e-03	6.088153e-05	1.040563e-02	8.859066e-05	1.832695e-03	1.710932e-03	8.859066e-05	-8.859066e-05	9.188004e-03	-1.162326e-02
218           	3.543578e-03	-1.359281e-20	-2.435184e-03	6.087961e-05	1.040538e-02	8.858944e-05	1.832668e-03	1.710909e-03	8.858944e-05	-8.858944e-05	9.187790e-03	-1.162297e-02
219           	3.543528e-03	-1.359219e-20	-2.435141e-03	6.087852e-05	1.040519e-02	8.858820e-05	1.832643e-03	1.710886e-03	8.858820e-05	-8.858820e-05	9.187624e-03	-1.162276e-02
220           	3.543503e-03	-1.359159e-20	-2.435191e-03	6.087977e-05	1.040523e-02	8.858758e-05	1.832631e-03	1.710872e-03	8.858758e-05	-8.858758e-05	9.187638e-03	-1.162283e-02
221           	3.543512e-03	-1.359179e-20	-2.435292e-03	6.088231e-05	1.040545e-02	8.858781e-05	1.832639e-03	1.710874e-03	8.858781e-05	-8.858781e-05	9.187801e-03	-1.162309e-02
222           	3.543529e-03	-1.359207e-20	-2.435405e-03	6.088512e-05	1.040570e-02	8.858823e-05	1.832650e-03	1.710879e-03	8.858823e-05	-8.858823e-05	9.187995e-03	-1.162340e-02
223           	3.543581e-03	-1.359279e-20	-2.435544e-03	6.088860e-05	1.040607e-02	8.858952e-05	1.832679e-03	1.710902e-03	8.858952e-05	-8.858952e-05	9.188300e-03	-1.162384e-02
224           	3.543621e-03	-1.359355e-20	-2.435622e-03	6.089055e-05	1.040631e-02	8.859053e-05	1.832701e-03	1.710920e-03	8.859053e-05	-8.859053e-05	9.188497e-03	-1.162412e-02
225           	3.543668e-03	-1.359419e-20	-2.435679e-03	6.089198e-05	1.040652e-02	8.859171e-05	1.832726e-03	1.710942e-03	8.859171e-05	-8.859171e-05	9.188678e-03	-1.162436e-02
226           	3.543697e-03	-1.359483e-20	-2.435656e-03	6.089140e-05	1.040654e-02	8.859243e-05	1.832740e-03	1.710957e-03	8.859243e-05	-8.859243e-05	9.188709e-03	-1.162436e-02
227           	3.543696e-03	-1.359477e-20	-2.435581e-03	6.088952e-05	1.040639e-02	8.859241e-05	1.832738e-03	1.710959e-03	8.859241e-05	-8.859241e-05	9.188602e-03	-1.162418e-02
228           	3.543688e-03	-1.359465e-20	-2.435486e-03	6.088715e-05	1.040619e-02	8.859220e-05	1.832731e-03	1.710957e-03	8.859220e-05	-8.859220e-05	9.188452e-03	-1.162394e-02
229           	3.543646e-03	-1.359406e-20	-2.435360e-03	6.088401e-05	1.040587e-02	8.859115e-05	1.832707e-03	1.710939e-03	8.859115e-05	-8.859115e-05	9.188185e-03	-1.162355e-02
230           	3.543612e-03	-1.359340e-20	-2.435283e-03	6.088207e-05	1.040565e-02	8.859031e-05	1.832688e-03	1.710924e-03	8.859031e-05	-8.859031e-05	9.188004e-03	-1.162329e-02
231           	3.543568e-03	-1.359278e-20	-2.435216e-03	6.088039e-05	1.040542e-02	8.858919e-05	1.832664e-03	1.710903e-03	8.858919e-05	-8.858919e-05	9.187815e-03	-1.162303e-02
232           	3.543537e-03	-1.359216e-20	-2.435218e-03	6.088045e-05	1.040536e-02	8.858843e-05	1.832649e-03	1.710888e-03	8.858843e-05	-8.858843e-05	9.187751e-03	-1.162297e-02
233           	3.543531e-03	-1.359209e-20	-2.435269e-03	6.088171e-05	1.040544e-02	8.858827e-05	1.832647e-03	1.710884e-03	8.858827e-05	-8.858827e-05	9.187808e-03	-1.162308e-02
234           	3.543533e-03	-1.359205e-20	-2.435346e-03	6.088366e-05	1.040559e-02	8.858832e-05	1.832650e-03	1.710883e-03	8.858832e-05	-8.858832e-05	9.187920e-03	-1.162327e-02
235           	3.543566e-03	-1.359253e-20	-2.435458e-03	6.088644e-05	1.040588e-02	8.858915e-05	1.832669e-03	1.710897e-03	8.858915e-05	-8.858915e-05	9.188148e-03	-1.162361e-02
236           	3.543593e-03	-1.359309e-20	-2.435533e-03	6.088831e-05	1.040608e-02	8.858983e-05	1.832685e-03	1.710908e-03	8.858983e-05	-8.858983e-05	9.188312e-03	-1.162384e-02
237           	3.543635e-03	-1.359368e-20	-2.435605e-03	6.089013e-05	1.040630e-02	8.859087e-05	1.832708e-03	1.710927e-03	8.859087e-05	-8.859087e-05	9.188502e-03	-1.162411e-02
238           	3.543664e-03	-1.359429e-20	-2.435617e-03	6.089042e-05	1.040639e-02	8.859160e-05	1.832722e-03	1.710942e-03	8.859160e-05	-8.859160e-05	9.188582e-03	-1.162420e-02
239           	3.543677e-03	-1.359447e-20	-2.435589e-03	6.088974e-05	1.040637e-02	8.859193e-05	1.832728e-03	1.710949e-03	8.859193e-05	-8.859193e-05	9.188572e-03	-1.162416e-02
240           	3.543680e-03	-1.359456e-20	-2.435528e-03	6.088820e-05	1.040626e-02	8.859201e-05	1.832728e-03	1.710952e-03	8.859201e-05	-8.859201e-05	9.188494e-03	-1.162402e-02
241           	3.543656e-03	-1.359418e-20	-2.435433e-03	6.088584e-05	1.040603e-02	8.859139e-05	1.832714e-03	1.710942e-03	8.859139e-05	-8.859139e-05	9.188308e-03	-1.162374e-02
242           	3.543634e-03	-1.359376e-20	-2.435362e-03	6.088406e-05	1.040584e-02	8.859085e-05	1.832701e-03	1.710933e-03	8.859085e-05	-8.859085e-05	9.188162e-03	-1.162352e-02
243           	3.543596e-03	-1.359323e-20	-2.435288e-03	6.088219e-05	1.040562e-02	8.858991e-05	1.832680e-03	1.710916e-03	8.858991e-05	-8.858991e-05	9.187977e-03	-1.162326e-02
244           	3.543570e-03	-1.359264e-20	-2.435266e-03	6.088166e-05	1.040552e-02	8.858924e-05	1.832667e-03	1.710903e-03	8.858924e-05	-8.858924e-05	9.187889e-03	-1.162316e-02
245           	3.543551e-03	-1.359240e-20	-2.435272e-03	6.088181e-05	1.040549e-02	8.858878e-05	1.832657e-03	1.710894e-03	8.858878e-05	-8.858878e-05	9.187857e-03	-1.162313e-02
246           	3.543544e-03	-1.359224e-20	-2.435321e-03	6.088302e-05	1.040557e-02	8.858861e-05	1.832655e-03	1.710889e-03	8.858861e-05	-8.858861e-05	9.187910e-03	-1.162323e-02
247           	3.543561e-03	-1.359251e-20	-2.435399e-03	6.088497e-05	1.040575e-02	8.858903e-05	1.832665e-03	1.710896e-03	8.858903e-05	-8.858903e-05	9.188055e-03	-1.162345e-02
248           	3.543577e-03	-1.359285e-20	-2.435464e-03	6.088660e-05	1.040591e-02	8.858943e-05	1.832675e-03	1.710902e-03	8.858943e-05	-8.858943e-05	9.188181e-03	-1.162365e-02
249           	3.543610e-03	-1.359330e-20	-2.435537e-03	6.088842e-05	1.040612e-02	8.859025e-05	1.832693e-03	1.710917e-03	8.859025e-05	-8.859025e-05	9.188354e-03	-1.162389e-02
250           	3.543635e-03	-1.359380e-20	-2.435567e-03	6.088918e-05	1.040624e-02	8.859089e-05	1.832707e-03	1.710929e-03	8.859089e-05	-8.859089e-05	9.188452e-03	-1.162402e-02
251           	3.543657e-03	-1.359408e-20	-2.435576e-03	6.088941e-05	1.040630e-02	8.859143e-05	1.832718e-03	1.710939e-03	8.859143e-05	-8.859143e-05	9.188510e-03	-1.162409e-02
252           	3.543666e-03	-1.359431e-20	-2.435540e-03	6.088850e-05	1.040625e-02	8.859166e-05	1.832722e-03	1.710945e-03	8.859166e-05	-8.859166e-05	9.188480e-03	-1.162402e-02
253           	3.543656e-03	-1.359414e-20	-2.435478e-03	6.088694e-05	1.040611e-02	8.859140e-05	1.832715e-03	1.710941e-03	8.859140e-05	-8.859140e-05	9.188371e-03	-1.162385e-02
254           	3.543645e-03	-1.359388e-20	-2.435419e-03	6.088548e-05	1.040597e-02	8.859112e-05	1.832708e-03	1.710937e-03	8.859112e-05	-8.859112e-05	9.188264e-03	-1.162368e-02
255           	3.543616e-03	-1.359348e-20	-2.435350e-03	6.088374e-05	1.040578e-02	8.859041e-05	1.832692e-03	1.710924e-03	8.859041e-05	-8.859041e-05	9.188106e-03	-1.162346e-02
256           	3.543594e-03	-1.359308e-20	-2.435315e-03	6.088287e-05	1.040567e-02	8.858985e-05	1.832680e-03	1.710914e-03	8.858985e-05	-8.858985e-05	9.188008e-03	-1.162332e-02
257           	3.543571e-03	-1.359280e-20	-2.435296e-03	6.088239e-05	1.040558e-02	8.858928e-05	1.832668e-03	1.710903e-03	8.858928e-05	-8.858928e-05	9.187933e-03	-1.162323e-02
258           	3.543560e-03	-1.359253e-20	-2.435319e-03	6.088298e-05	1.040560e-02	8.858899e-05	1.832663e-03	1.710897e-03	8.858899e-05	-8.858899e-05	9.187941e-03	-1.162326e-02
259           	3.543564e-03	-1.359263e-20	-2.435367e-03	6.088417e-05	1.040570e-02	8.858911e-05	1.832666e-03	1.710898e-03	8.858911e-05	-8.858911e-05	9.188018e-03	-1.162338e-02
260           	3.543572e-03	-1.359276e-20	-2.435419e-03	6.088548e-05	1.040582e-02	8.858931e-05	1.832672e-03	1.710901e-03	8.858931e-05	-8.858931e-05	9.188108e-03	-1.162353e-02
261           	3.543596e-03	-1.359310e-20	-2.435484e-03	6.088709e-05	1.040599e-02	8.858991e-05	1.832685e-03	1.710911e-03	8.858991e-05	-8.858991e-05	9.188250e-03	-1.162373e-02
262           	3.543615e-03	-1.359345e-20	-2.435519e-03	6.088798e-05	1.040610e-02	8.859038e-05	1.832696e-03	1.710920e-03	8.859038e-05	-8.859038e-05	9.188341e-03	-1.162386e-02
263           	3.543637e-03	-1.359374e-20	-2.435545e-03	6.088862e-05	1.040620e-02	8.859092e-05	1.832707e-03	1.710930e-03	8.859092e-05	-8.859092e-05	9.188423e-03	-1.162397e-02
264           	3.543650e-03	-1.359403e-20	-2.435533e-03	6.088833e-05	1.040620e-02	8.859125e-05	1.832713e-03	1.710937e-03	8.859125e-05	-8.859125e-05	9.188436e-03	-1.162397e-02
265           	3.543650e-03	-1.359400e-20	-2.435498e-03	6.088746e-05	1.040613e-02	8.859124e-05	1.832712e-03	1.710937e-03	8.859124e-05	-8.859124e-05	9.188386e-03	-1.162388e-02
266           	3.543645e-03	-1.359394e-20	-2.435454e-03	6.088634e-05	1.040604e-02	8.859113e-05	1.832709e-03	1.710936e-03	8.859113e-05	-8.859113e-05	9.188314e-03	-1.162377e-02
267           	3.543625e-03	-1.359367e-20	-2.435395e-03	6.088488e-05	1.040589e-02	8.859063e-05	1.832698e-03	1.710928e-03	8.859063e-05	-8.859063e-05	9.188189e-03	-1.162358e-02
268           	3.543610e-03	-1.359336e-20	-2.435360e-03	6.088400e-05	1.040579e-02	8.859025e-05	1.832689e-03	1.710921e-03	8.859025e-05	-8.859025e-05	9.188106e-03	-1.162347e-02
269           	3.543589e-03	-1.359308e-20	-2.435329e-03	6.088324e-05	1.040568e-02	8.858973e-05	1.832678e-03	1.710911e-03	8.858973e-05	-8.858973e-05	9.188020e-03	-1.162335e-02
270           	3.543575e-03	-1.359279e-20	-2.435331e-03	6.088328e-05	1.040566e-02	8.858939e-05	1.832671e-03	1.710904e-03	8.858939e-05	-8.858939e-05	9.187992e-03	-1.162332e-02
271           	3.543573e-03	-1.359276e-20	-2.435355e-03	6.088389e-05	1.040570e-02	8.858932e-05	1.832670e-03	1.710902e-03	8.858932e-05	-8.858932e-05	9.188020e-03	-1.162338e-02
272           	3.543574e-03	-1.359275e-20	-2.435392e-03	6.088479e-05	1.040577e-02	8.858934e-05	1.832672e-03	1.710902e-03	8.858934e-05	-8.858934e-05	9.188073e-03	-1.162346e-02
273           	3.543589e-03	-1.359297e-20	-2.435443e-03	6.088609e-05	1.040590e-02	8.858973e-05	1.832681e-03	1.710909e-03	8.858973e-05	-8.858973e-05	9.188179e-03	-1.162362e-02
274           	3.543602e-03	-1.359323e-20	-2.435478e-03	6.088695e-05	1.040599e-02	8.859005e-05	1.832688e-03	1.710914e-03	8.859005e-05	-8.859005e-05	9.188255e-03	-1.162373e-02
275           	3.543621e-03	-1.359351e-20	-2.435511e-03	6.088778e-05	1.040610e-02	8.859053e-05	1.832698e-03	1.710923e-03	8.859053e-05	-8.859053e-05	9.188342e-03	-1.162385e-02
276           	3.543635e-03	-1.359379e-20	-2.435516e-03	6.088790e-05	1.040614e-02	8.859087e-05	1.832705e-03	1.710929e-03	8.859087e-05	-8.859087e-05	9.188378e-03	-1.162389e-02
277           	3.543641e-03	-1.359387e-20	-2.435502e-03	6.088756e-05	1.040612e-02	8.859101e-05	1.832708e-03	1.710933e-03	8.859101e-05	-8.859101e-05	9.188372e-03	-1.162387e-02
278           	3.543642e-03	-1.359391e-20	-2.435474e-03	6.088684e-05	1.040607e-02	8.859105e-05	1.832708e-03	1.710934e-03	8.859105e-05	-8.859105e-05	9.188334e-03	-1.162381e-02
279           	3.543630e-03	-1.359373e-20	-2.435430e-03	6.088574e-05	1.040596e-02	8.859076e-05	1.832701e-03	1.710929e-03	8.859076e-05	-8.859076e-05	9.188248e-03	-1.162368e-02
280           	3.543620e-03	-1.359353e-20	-2.435397e-03	6.088492e-05	1.040588e-02	8.859050e-05	1.832695e-03	1.710925e-03	8.859050e-05	-8.859050e-05	9.188180e-03	-1.162358e-02
281           	3.543603e-03	-1.359328e-20	-2.435363e-03	6.088406e-05	1.040578e-02	8.859006e-05	1.832685e-03	1.710917e-03	8.859006e-05	-8.859006e-05	9.188094e-03	-1.162346e-02
282           	3.543590e-03	-1.359301e-20	-2.435353e-03	6.088383e-05	1.040573e-02	8.858976e-05	1.832679e-03	1.710911e-03	8.858976e-05	-8.858976e-05	9.188055e-03	-1.162341e-02
283           	3.543582e-03	-1.359290e-20	-2.435357e-03	6.088392e-05	1.040572e-02	8.858955e-05	1.832675e-03	1.710907e-03	8.858955e-05	-8.858955e-05	9.188042e-03	-1.162340e-02
284           	3.543579e-03	-1.359283e-20	-2.435379e-03	6.088449e-05	1.040576e-02	8.858947e-05	1.832674e-03	1.710905e-03	8.858947e-05	-8.858947e-05	9.188067e-03	-1.162345e-02
285           	3.543587e-03	-1.359296e-20	-2.435416e-03	6.088540e-05	1.040584e-02	8.858967e-05	1.832679e-03	1.710908e-03	8.858967e-05	-8.858967e-05	9.188135e-03	-1.162355e-02
286           	3.543595e-03	-1.359312e-20	-2.435446e-03	6.088615e-05	1.040592e-02	8.858986e-05	1.832683e-03	1.710911e-03	8.858986e-05	-8.858986e-05	9.188194e-03	-1.162364e-02
287           	3.543610e-03	-1.359333e-20	-2.435480e-03	6.088699e-05	1.040601e-02	8.859025e-05	1.832692e-03	1.710918e-03	8.859025e-05	-8.859025e-05	9.188274e-03	-1.162375e-02
288           	3.543622e-03	-1.359356e-20	-2.435494e-03	6.088734e-05	1.040607e-02	8.859054e-05	1.832698e-03	1.710923e-03	8.859054e-05	-8.859054e-05	9.188319e-03	-1.162381e-02
289           	3.543632e-03	-1.359369e-20	-2.435497e-03	6.088742e-05	1.040609e-02	8.859079e-05	1.832703e-03	1.710928e-03	8.859079e-05	-8.859079e-05	9.188345e-03	-1.162384e-02
290           	3.543636e-03	-1.359380e-20	-2.435480e-03	6.088699e-05	1.040607e-02	8.859089e-05	1.832705e-03	1.710931e-03	8.859089e-05	-8.859089e-05	9.188329e-03	-1.162381e-02
291           	3.543631e-03	-1.359371e-20	-2.435450e-03	6.088626e-05	1.040600e-02	8.859077e-05	1.832702e-03	1.710929e-03	8.859077e-05	-8.859077e-05	9.188278e-03	-1.162373e-02
292           	3.543625e-03	-1.359359e-20	-2.435423e-03	6.088558e-05	1.040594e-02	8.859063e-05	1.832698e-03	1.710927e-03	8.859063e-05	-8.859063e-05	9.188228e-03	-1.162365e-02
293           	3.543612e-03	-1.359341e-20	-2.435391e-03	6.088478e-05	1.040585e-02	8.859030e-05	1.832691e-03	1.710921e-03	8.859030e-05	-8.859030e-05	9.188155e-03	-1.162355e-02
294           	3.543602e-03	-1.359322e-20	-2.435376e-03	6.088439e-05	1.040580e-02	8.859004e-05	1.832685e-03	1.710916e-03	8.859004e-05	-8.859004e-05	9.188110e-03	-1.162349e-02
295           	3.543591e-03	-1.359309e-20	-2.435367e-03	6.088418e-05	1.040576e-02	8.858978e-05	1.832680e-03	1.710911e-03	8.858978e-05	-8.858978e-05	9.188076e-03	-1.162344e-02
296           	3.543586e-03	-1.359297e-20	-2.435378e-03	6.088446e-05	1.040577e-02	8.858965e-05	1.832677e-03	1.710909e-03	8.858965e-05	-8.858965e-05	9.188080e-03	-1.162346e-02
297           	3.543588e-03	-1.359301e-20	-2.435401e-03	6.088502e-05	1.040582e-02	8.858971e-05	1.832679e-03	1.710909e-03	8.858971e-05	-8.858971e-05	9.188117e-03	-1.162352e-02
298           	3.543592e-03	-1.359308e-20	-2.435425e-03	6.088563e-05	1.040587e-02	8.858980e-05	1.832682e-03	1.710910e-03	8.858980e-05	-8.858980e-05	9.188159e-03	-1.162358e-02
299           	3.543603e-03	-1.359323e-20	-2.435455e-03	6.088637e-05	1.040595e-02	8.859009e-05	1.832688e-03	1.710915e-03	8.859009e-05	-8.859009e-05	9.188225e-03	-1.162368e-02
300           	3.543612e-03	-1.359340e-20	-2.435471e-03	6.088678e-05	1.040600e-02	8.859031e-05	1.832693e-03	1.710919e-03	8.859031e-05	-8.859031e-05	9.188267e-03	-1.162374e-02
301           	3.543622e-03	-1.359353e-20	-2.435483e-03	6.088707e-05	1.040605e-02	8.859055e-05	1.832698e-03	1.710924e-03	8.859055e-05	-8.859055e-05	9.188304e-03	-1.162379e-02
302           	3.543628e-03	-1.359367e-20	-2.435477e-03	6.088692e-05	1.040605e-02	8.859070e-05	1.832701e-03	1.710927e-03	8.859070e-05	-8.859070e-05	9.188309e-03	-1.162379e-02
303           	3.543628e-03	-1.359365e-20	-2.435460e-03	6.088650e-05	1.040602e-02	8.859069e-05	1.832700e-03	1.710927e-03	8.859069e-05	-8.859069e-05	9.188285e-03	-1.162375e-02
304           	3.543626e-03	-1.359362e-20	-2.435439e-03	6.088598e-05	1.040597e-02	8.859064e-05	1.832699e-03	1.710927e-03	8.859064e-05	-8.859064e-05	9.188251e-03	-1.162369e-02
305           	3.543616e-03	-1.359349e-20	-2.435412e-03	6.088531e-05	1.040590e-02	8.859041e-05	1.832693e-03	1.710923e-03	8.859041e-05	-8.859041e-05	9.188193e-03	-1.162361e-02
306           	3.543609e-03	-1.359335e-20	-2.435396e-03	6.088490e-05	1.040585e-02	8.859023e-05	1.832689e-03	1.710920e-03	8.859023e-05	-8.859023e-05	9.188155e-03	-1.162355e-02
307           	3.543599e-03	-1.359322e-20	-2.435382e-03	6.088456e-05	1.040581e-02	8.858999e-05	1.832684e-03	1.710915e-03	8.858999e-05	-8.858999e-05	9.188116e-03	-1.162350e-02
308           	3.543593e-03	-1.359308e-20	-2.435384e-03	6.088459e-05	1.040580e-02	8.858983e-05	1.832681e-03	1.710912e-03	8.858983e-05	-8.858983e-05	9.188103e-03	-1.162349e-02
309           	3.543592e-03	-1.359307e-20	-2.435395e-03	6.088488e-05	1.040581e-02	8.858980e-05	1.832681e-03	1.710911e-03	8.858980e-05	-8.858980e-05	9.188117e-03	-1.162351e-02
310           	3.543593e-03	-1.359307e-20	-2.435412e-03	6.088531e-05	1.040585e-02	8.858982e-05	1.832682e-03	1.710911e-03	8.858982e-05	-8.858982e-05	9.188142e-03	-1.162355e-02
311           	3.543600e-03	-1.359318e-20	-2.435436e-03	6.088591e-05	1.040591e-02	8.859000e-05	1.832686e-03	1.710914e-03	8.859000e-05	-8.859000e-05	9.188192e-03	-1.162363e-02
312           	3.543606e-03	-1.359330e-20	-2.435452e-03	6.088630e-05	1.040595e-02	8.859015e-05	1.832689e-03	1.710917e-03	8.859015e-05	-8.859015e-05	9.188227e-03	-1.162368e-02
313           	3.543615e-03	-1.359342e-20	-2.435467e-03	6.088668e-05	1.040600e-02	8.859037e-05	1.832694e-03	1.710921e-03	8.859037e-05	-8.859037e-05	9.188267e-03	-1.162373e-02
314           	3.543621e-03	-1.359355e-20	-2.435469e-03	6.088673e-05	1.040602e-02	8.859053e-05	1.832697e-03	1.710924e-03	8.859053e-05	-8.859053e-05	9.188284e-03	-1.162375e-02
315           	3.543624e-03	-1.359359e-20	-2.435463e-03	6.088656e-05	1.040601e-02	8.859059e-05	1.832698e-03	1.710925e-03	8.859059e-05	-8.859059e-05	9.188279e-03	-1.162374e-02
316           	3.543624e-03	-1.359360e-20	-2.435449e-03	6.088622e-05	1.040599e-02	8.859060e-05	1.832698e-03	1.710926e-03	8.859060e-05	-8.859060e-05	9.188262e-03	-1.162371e-02
317           	3.543619e-03	-1.359352e-20	-2.435428e-03	6.088571e-05	1.040594e-02	8.859047e-05	1.832695e-03	1.710924e-03	8.859047e-05	-8.859047e-05	9.188221e-03	-1.162365e-02
318           	3.543614e-03	-1.359343e-20	-2.435413e-03	6.088533e-05	1.040590e-02	8.859035e-05	1.832692e-03	1.710922e-03	8.859035e-05	-8.859035e-05	9.188189e-03	-1.162360e-02
319           	3.543606e-03	-1.359331e-20	-2.435398e-03	6.088494e-05	1.040585e-02	8.859014e-05	1.832688e-03	1.710918e-03	8.859014e-05	-8.859014e-05	9.188150e-03	-1.162355e-02
320           	3.543600e-03	-1.359319e-20	-2.435394e-03	6.088484e-05	1.040583e-02	8.859000e-05	1.832685e-03	1.710915e-03	8.859000e-05	-8.859000e-05	9.188132e-03	-1.162353e-02
321           	3.543596e-03	-1.359314e-20	-2.435396e-03	6.088489e-05	1.040582e-02	8.858991e-05	1.832683e-03	1.710913e-03	8.858991e-05	-8.858991e-05	9.188127e-03	-1.162352e-02
322           	3.543595e-03	-1.359311e-20	-2.435406e-03	6.088516e-05	1.040584e-02	8.858988e-05	1.832683e-03	1.710912e-03	8.858988e-05	-8.858988e-05	9.188139e-03	-1.162355e-02
323           	3.543599e-03	-1.359317e-20	-2.435423e-03	6.088558e-05	1.040588e-02	8.858997e-05	1.832685e-03	1.710914e-03	8.858997e-05	-8.858997e-05	9.188171e-03	-1.162359e-02
324           	3.543602e-03	-1.359324e-20	-2.435437e-03	6.088593e-05	1.040592e-02	8.859006e-05	1.832687e-03	1.710915e-03	8.859006e-05	-8.859006e-05	9.188199e-03	-1.162364e-02
325           	3.543610e-03	-1.359334e-20	-2.435453e-03	6.088632e-05	1.040596e-02	8.859024e-05	1.832691e-03	1.710918e-03	8.859024e-05	-8.859024e-05	9.188235e-03	-1.162369e-02
326           	3.543615e-03	-1.359345e-20	-2.435459e-03	6.088647e-05	1.040599e-02	8.859038e-05	1.832694e-03	1.710921e-03	8.859038e-05	-8.859038e-05	9.188256e-03	-1.162371e-02
327           	3.543620e-03	-1.359351e-20	-2.435460e-03	6.088651e-05	1.040600e-02	8.859049e-05	1.832696e-03	1.710923e-03	8.859049e-05	-8.859049e-05	9.188267e-03	-1.162373e-02
328           	3.543621e-03	-1.359355e-20	-2.435452e-03	6.088630e-05	1.040599e-02	8.859053e-05	1.832697e-03	1.710924e-03	8.859053e-05	-8.859053e-05	9.188260e-03	-1.162371e-02
329           	3.543619e-03	-1.359351e-20	-2.435438e-03	6.088596e-05	1.040595e-02	8.859047e-05	1.832695e-03	1.710923e-03	8.859047e-05	-8.859047e-05	9.188235e-03	-1.162367e-02
330           	3.543616e-03	-1.359346e-20	-2.435426e-03	6.088564e-05	1.040593e-02	8.859041e-05	1.832694e-03	1.710923e-03	8.859041e-05	-8.859041e-05	9.188212e-03	-1.162364e-02
331           	3.543610e-03	-1.359337e-20	-2.435411e-03	6.088527e-05	1.040588e-02	8.859025e-05	1.832690e-03	1.710920e-03	8.859025e-05	-8.859025e-05	9.188178e-03	-1.162359e-02
332           	3.543605e-03	-1.359328e-20	-2.435404e-03	6.088509e-05	1.040586e-02	8.859013e-05	1.832688e-03	1.710918e-03	8.859013e-05	-8.859013e-05	9.188158e-03	-1.162356e-02
333           	3.543601e-03	-1.359322e-20	-2.435400e-03	6.088500e-05	1.040584e-02	8.859001e-05	1.832685e-03	1.710915e-03	8.859001e-05	-8.859001e-05	9.188142e-03	-1.162354e-02
334           	3.543598e-03	-1.359317e-20	-2.435406e-03	6.088514e-05	1.040585e-02	8.858996e-05	1.832684e-03	1.710914e-03	8.858996e-05	-8.858996e-05	9.188145e-03	-1.162355e-02
335           	3.543599e-03	-1.359319e-20	-2.435416e-03	6.088541e-05	1.040587e-02	8.858999e-05	1.832685e-03	1.710914e-03	8.858999e-05	-8.858999e-05	9.188162e-03	-1.162358e-02
336           	3.543601e-03	-1.359322e-20	-2.435427e-03	6.088569e-05	1.040590e-02	8.859003e-05	1.832686e-03	1.710915e-03	8.859003e-05	-8.859003e-05	9.188182e-03	-1.162361e-02
337           	3.543607e-03	-1.359330e-20	-2.435441e-03	6.088603e-05	1.040593e-02	8.859016e-05	1.832689e-03	1.710917e-03	8.859016e-05	-8.859016e-05	9.188213e-03	-1.162365e-02
338           	3.543611e-03	-1.359337e-20	-2.435449e-03	6.088622e-05	1.040596e-02	8.859027e-05	1.832692e-03	1.710919e-03	8.859027e-05	-8.859027e-05	9.188232e-03	-1.162368e-02
339           	3.543615e-03	-1.359343e-20	-2.435454e-03	6.088635e-05	1.040598e-02	8.859038e-05	1.832694e-03	1.710921e-03	8.859038e-05	-8.859038e-05	9.188249e-03	-1.162370e-02
340           	3.543618e-03	-1.359350e-20	-2.435451e-03	6.088628e-05	1.040598e-02	8.859045e-05	1.832695e-03	1.710923e-03	8.859045e-05	-8.859045e-05	9.188251e-03	-1.162370e-02
341           	3.543618e-03	-1.359349e-20	-2.435443e-03	6.088608e-05	1.040596e-02	8.859044e-05	1.832695e-03	1.710923e-03	8.859044e-05	-8.859044e-05	9.188239e-03	-1.162368e-02
342           	3.543617e-03	-1.359347e-20	-2.435433e-03	6.088584e-05	1.040594e-02	8.859042e-05	1.832694e-03	1.710922e-03	8.859042e-05	-8.859042e-05	9.188224e-03	-1.162366e-02
343           	3.543612e-03	-1.359341e-20	-2.435421e-03	6.088552e-05	1.040591e-02	8.859031e-05	1.832692e-03	1.710921e-03	8.859031e-05	-8.859031e-05	9.188197e-03	-1.162362e-02
344           	3.543609e-03	-1.359334e-20	-2.435413e-03	6.088534e-05	1.040589e-02	8.859022e-05	1.832690e-03	1.710919e-03	8.859022e-05	-8.859022e-05	9.188179e-03	-1.162359e-02
345           	3.543604e-03	-1.359328e-20	-2.435407e-03	6.088518e-05	1.040586e-02	8.859011e-05	1.832687e-03	1.710917e-03	8.859011e-05	-8.859011e-05	9.188161e-03	-1.162357e-02
346           	3.543602e-03	-1.359322e-20	-2.435408e-03	6.088520e-05	1.040586e-02	8.859004e-05	1.832686e-03	1.710916e-03	8.859004e-05	-8.859004e-05	9.188155e-03	-1.162356e-02
347           	3.543601e-03	-1.359322e-20	-2.435413e-03	6.088533e-05	1.040587e-02	8.859003e-05	1.832686e-03	1.710915e-03	8.859003e-05	-8.859003e-05	9.188162e-03	-1.162358e-02
348           	3.543601e-03	-1.359322e-20	-2.435421e-03	6.088553e-05	1.040588e-02	8.859004e-05	1.832686e-03	1.710915e-03	8.859004e-05	-8.859004e-05	9.188174e-03	-1.162360e-02
349           	3.543605e-03	-1.359327e-20	-2.435432e-03	6.088581e-05	1.040591e-02	8.859012e-05	1.832688e-03	1.710917e-03	8.859012e-05	-8.859012e-05	9.188197e-03	-1.162363e-02
350           	3.543608e-03	-1.359332e-20	-2.435440e-03	6.088599e-05	1.040593e-02	8.859019e-05	1.832690e-03	1.710918e-03	8.859019e-05	-8.859019e-05	9.188213e-03	-1.162365e-02
351           	3.543612e-03	-1.359338e-20	-2.435447e-03	6.088617e-05	1.040596e-02	8.859029e-05	1.832692e-03	1.710920e-03	8.859029e-05	-8.859029e-05	9.188232e-03	-1.162368e-02
352           	3.543615e-03	-1.359344e-20	-2.435448e-03	6.088619e-05	1.040596e-02	8.859037e-05	1.832694e-03	1.710921e-03	8.859037e-05	-8.859037e-05	9.188239e-03	-1.162369e-02
353           	3.543616e-03	-1.359346e-20	-2.435444e-03	6.088611e-05	1.040596e-02	8.859039e-05	1.832694e-03	1.710922e-03	8.859039e-05	-8.859039e-05	9.188237e-03	-1.162368e-02
354           	3.543616e-03	-1.359346e-20	-2.435438e-03	6.088595e-05	1.040595e-02	8.859040e-05	1.832694e-03	1.710922e-03	8.859040e-05	-8.859040e-05	9.188229e-03	-1.162367e-02
355           	3.543613e-03	-1.359343e-20	-2.435428e-03	6.088571e-05	1.040592e-02	8.859033e-05	1.832692e-03	1.710921e-03	8.859033e-05	-8.859033e-05	9.188210e-03	-1.162364e-02
356           	3.543611e-03	-1.359338e-20	-2.435421e-03	6.088553e-05	1.040591e-02	8.859028e-05	1.832691e-03	1.710920e-03	8.859028e-05	-8.859028e-05	9.188195e-03	-1.162362e-02
357           	3.543607e-03	-1.359333e-20	-2.435414e-03	6.088535e-05	1.040588e-02	8.859018e-05	1.832689e-03	1.710918e-03	8.859018e-05	-8.859018e-05	9.188177e-03	-1.162359e-02
358           	3.543605e-03	-1.359327e-20	-2.435412e-03	6.088531e-05	1.040587e-02	8.859012e-05	1.832688e-03	1.710917e-03	8.859012e-05	-8.859012e-05	9.188169e-03	-1.162358e-02
359           	3.543603e-03	-1.359325e-20	-2.435413e-03	6.088534e-05	1.040587e-02	8.859008e-05	1.832687e-03	1.710916e-03	8.859008e-05	-8.859008e-05	9.188167e-03	-1.162358e-02
360           	3.543603e-03	-1.359323e-20	-2.435418e-03	6.088546e-05	1.040588e-02	8.859006e-05	1.832687e-03	1.710916e-03	8.859006e-05	-8.859006e-05	9.188172e-03	-1.162359e-02
361           	3.543604e-03	-1.359326e-20	-2.435426e-03	6.088566e-05	1.040590e-02	8.859011e-05	1.832688e-03	1.710916e-03	8.859011e-05	-8.859011e-05	9.188187e-03	-1.162361e-02
362           	3.543606e-03	-1.359330e-20	-2.435433e-03	6.088582e-05	1.040592e-02	8.859015e-05	1.832689e-03	1.710917e-03	8.859015e-05	-8.859015e-05	9.188200e-03	-1.162363e-02
363           	3.543609e-03	-1.359334e-20	-2.435440e-03	6.088600e-05	1.040594e-02	8.859023e-05	1.832691e-03	1.710919e-03	8.859023e-05	-8.859023e-05	9.188217e-03	-1.162366e-02
364           	3.543612e-03	-1.359339e-20	-2.435443e-03	6.088607e-05	1.040595e-02	8.859030e-05	1.832692e-03	1.710920e-03	8.859030e-05	-8.859030e-05	9.188226e-03	-1.162367e-02
365           	3.543614e-03	-1.359342e-20	-2.435443e-03	6.088608e-05	1.040595e-02	8.859035e-05	1.832693e-03	1.710921e-03	8.859035e-05	-8.859035e-05	9.188232e-03	-1.162367e-02
366           	3.543615e-03	-1.359344e-20	-2.435439e-03	6.088599e-05	1.040595e-02	8.859037e-05	1.832693e-03	1.710921e-03	8.859037e-05	-8.859037e-05	9.188228e-03	-1.162367e-02
367           	3.543614e-03	-1.359342e-20	-2.435433e-03	6.088583e-05	1.040593e-02	8.859034e-05	1.832693e-03	1.710921e-03	8.859034e-05	-8.859034e-05	9.188216e-03	-1.162365e-02
368           	3.543612e-03	-1.359340e-20	-2.435427e-03	6.088568e-05	1.040592e-02	8.859031e-05	1.832692e-03	1.710920e-03	8.859031e-05	-8.859031e-05	9.188206e-03	-1.162363e-02
369           	3.543609e-03	-1.359336e-20	-2.435420e-03	6.088551e-05	1.040590e-02	8.859024e-05	1.832690e-03	1.710919e-03	8.859024e-05	-8.859024e-05	9.188190e-03	-1.162361e-02
370           	3.543607e-03	-1.359331e-20	-2.435417e-03	6.088543e-05	1.040589e-02	8.859018e-05	1.832689e-03	1.710918e-03	8.859018e-05	-8.859018e-05	9.188180e-03	-1.162360e-02
371           	3.543605e-03	-1.359329e-20	-2.435415e-03	6.088539e-05	1.040588e-02	8.859013e-05	1.832688e-03	1.710917e-03	8.859013e-05	-8.859013e-05	9.188173e-03	-1.162359e-02
372           	3.543604e-03	-1.359326e-20	-2.435418e-03	6.088545e-05	1.040588e-02	8.859010e-05	1.832687e-03	1.710917e-03	8.859010e-05	-8.859010e-05	9.188175e-03	-1.162359e-02
373           	3.543605e-03	-1.359327e-20	-2.435423e-03	6.088558e-05	1.040589e-02	8.859011e-05	1.832688e-03	1.710917e-03	8.859011e-05	-8.859011e-05	9.188183e-03	-1.162361e-02
374           	3.543605e-03	-1.359329e-20	-2.435428e-03	6.088571e-05	1.040591e-02	8.859013e-05	1.832688e-03	1.710917e-03	8.859013e-05	-8.859013e-05	9.188192e-03	-1.162362e-02
375           	3.543608e-03	-1.359332e-20	-2.435435e-03	6.088587e-05	1.040592e-02	8.859020e-05	1.832690e-03	1.710918e-03	8.859020e-05	-8.859020e-05	9.188206e-03	-1.162364e-02
376           	3.543610e-03	-1.359336e-20	-2.435438e-03	6.088595e-05	1.040593e-02	8.859024e-05	1.832691e-03	1.710919e-03	8.859024e-05	-8.859024e-05	9.188215e-03	-1.162365e-02
377           	3.543612e-03	-1.359339e-20	-2.435440e-03	6.088601e-05	1.040594e-02	8.859030e-05	1.832692e-03	1.710920e-03	8.859030e-05	-8.859030e-05	9.188223e-03	-1.162366e-02
378           	3.543613e-03	-1.359342e-20	-2.435439e-03	6.088598e-05	1.040594e-02	8.859033e-05	1.832693e-03	1.710921e-03	8.859033e-05	-8.859033e-05	9.188224e-03	-1.162366e-02
379           	3.543613e-03	-1.359341e-20	-2.435435e-03	6.088588e-05	1.040594e-02	8.859032e-05	1.832692e-03	1.710921e-03	8.859032e-05	-8.859032e-05	9.188218e-03	-1.162365e-02
380           	3.543612e-03	-1.359340e-20	-2.435431e-03	6.088577e-05	1.040593e-02	8.859031e-05	1.832692e-03	1.710920e-03	8.859031e-05	-8.859031e-05	9.188211e-03	-1.162364e-02
381           	3.543610e-03	-1.359337e-20	-2.435425e-03	6.088562e-05	1.040591e-02	8.859026e-05	1.832691e-03	1.710920e-03	8.859026e-05	-8.859026e-05	9.188199e-03	-1.162362e-02
382           	3.543609e-03	-1.359334e-20	-2.435422e-03	6.088554e-05	1.040590e-02	8.859022e-05	1.832690e-03	1.710919e-03	8.859022e-05	-8.859022e-05	9.188190e-03	-1.162361e-02
383           	3.543607e-03	-1.359332e-20	-2.435419e-03	6.088547e-05	1.040589e-02	8.859017e-05	1.832689e-03	1.710918e-03	8.859017e-05	-8.859017e-05	9.188182e-03	-1.162360e-02
384           	3.543605e-03	-1.359329e-20	-2.435419e-03	6.088548e-05	1.040589e-02	8.859014e-05	1.832688e-03	1.710917e-03	8.859014e-05	-8.859014e-05	9.188180e-03	-1.162360e-02
385           	3.543605e-03	-1.359329e-20	-2.435422e-03	6.088554e-05	1.040589e-02	8.859013e-05	1.832688e-03	1.710917e-03	8.859013e-05	-8.859013e-05	9.188183e-03	-1.162360e-02
386           	3.543605e-03	-1.359329e-20	-2.435425e-03	6.088563e-05	1.040590e-02	8.859014e-05	1.832688e-03	1.710917e-03	8.859014e-05	-8.859014e-05	9.188188e-03	-1.162361e-02
387           	3.543607e-03	-1.359331e-20	-2.435431e-03	6.088576e-05	1.040591e-02	8.859018e-05	1.832689e-03	1.710918e-03	8.859018e-05	-8.859018e-05	9.188199e-03	-1.162363e-02
388           	3.543608e-03	-1.359334e-20	-2.435434e-03	6.088585e-05	1.040592e-02	8.859021e-05	1.832690e-03	1.710918e-03	8.859021e-05	-8.859021e-05	9.188207e-03	-1.162364e-02
389           	3.543610e-03	-1.359336e-20	-2.435437e-03	6.088593e-05	1.040593e-02	8.859026e-05	1.832691e-03	1.710919e-03	8.859026e-05	-8.859026e-05	9.188215e-03	-1.162365e-02
390           	3.543612e-03	-1.359339e-20	-2.435437e-03	6.088594e-05	1.040594e-02	8.859029e-05	1.832692e-03	1.710920e-03	8.859029e-05	-8.859029e-05	9.188219e-03	-1.162366e-02
391           	3.543612e-03	-1.359340e-20	-2.435436e-03	6.088590e-05	1.040594e-02	8.859030e-05	1.832692e-03	1.710920e-03	8.859030e-05	-8.859030e-05	9.188217e-03	-1.162365e-02
392           	3.543612e-03	-1.359340e-20	-2.435433e-03	6.088582e-05	1.040593e-02	8.859030e-05	1.832692e-03	1.710920e-03	8.859030e-05	-8.859030e-05	9.188213e-03	-1.162365e-02
393           	3.543611e-03	-1.359338e-20	-2.435428e-03	6.088571e-05	1.040592e-02	8.859027e-05	1.832691e-03	1.710920e-03	8.859027e-05	-8.859027e-05	9.188205e-03	-1.162363e-02
394           	3.543610e-03	-1.359336e-20	-2.435425e-03	6.088563e-05	1.040591e-02	8.859025e-05	1.832691e-03	1.710919e-03	8.859025e-05	-8.859025e-05	9.188198e-03	-1.162362e-02
395           	3.543608e-03	-1.359334e-20	-2.435422e-03	6.088555e-05	1.040590e-02	8.859020e-05	1.832690e-03	1.710919e-03	8.859020e-05	-8.859020e-05	9.188189e-03	-1.162361e-02
396           	3.543607e-03	-1.359331e-20	-2.435421e-03	6.088553e-05	1.040590e-02	8.859017e-05	1.832689e-03	1.710918e-03	8.859017e-05	-8.859017e-05	9.188186e-03	-1.162361e-02
397           	3.543606e-03	-1.359330e-20	-2.435422e-03	6.088554e-05	1.040590e-02	8.859016e-05	1.832689e-03	1.710918e-03	8.859016e-05	-8.859016e-05	9.188185e-03	-1.162361e-02
398           	3.543606e-03	-1.359329e-20	-2.435424e-03	6.088560e-05	1.040590e-02	8.859015e-05	1.832689e-03	1.710917e-03	8.859015e-05	-8.859015e-05	9.188187e-03	-1.162361e-02
399           	3.543607e-03	-1.359331e-20	-2.435428e-03	6.088569e-05	1.040591e-02	8.859017e-05	1.832689e-03	1.710918e-03	8.859017e-05	-8.859017e-05	9.188194e-03	-1.162362e-02
400           	3.543608e-03	-1.359332e-20	-2.435431e-03	6.088577e-05	1.040592e-02	8.859019e-05	1.832690e-03	1.710918e-03	8.859019e-05	-8.859019e-05	9.188200e-03	-1.162363e-02
401           	3.543609e-03	-1.359334e-20	-2.435434e-03	6.088585e-05	1.040593e-02	8.859023e-05	1.832690e-03	1.710919e-03	8.859023e-05	-8.859023e-05	9.188208e-03	-1.162364e-02
402           	3.543610e-03	-1.359337e-20	-2.435435e-03	6.088588e-05	1.040593e-02	8.859026e-05	1.832691e-03	1.710919e-03	8.859026e-05	-8.859026e-05	9.188213e-03	-1.162365e-02
403           	3.543611e-03	-1.359338e-20	-2.435436e-03	6.088589e-05	1.040593e-02	8.859028e-05	1.832692e-03	1.710920e-03	8.859028e-05	-8.859028e-05	9.188215e-03	-1.162365e-02
404           	3.543612e-03	-1.359339e-20	-2.435434e-03	6.088584e-05	1.040593e-02	8.859029e-05	1.832692e-03	1.710920e-03	8.859029e-05	-8.859029e-05	9.188213e-03	-1.162365e-02
405           	3.543611e-03	-1.359338e-20	-2.435431e-03	6.088577e-05	1.040592e-02	8.859028e-05	1.832691e-03	1.710920e-03	8.859028e-05	-8.859028e-05	9.188208e-03	-1.162364e-02
406           	3.543610e-03	-1.359337e-20	-2.435428e-03	6.088570e-05	1.040592e-02	8.859026e-05	1.832691e-03	1.710920e-03	8.859026e-05	-8.859026e-05	9.188203e-03	-1.162363e-02
407           	3.543609e-03	-1.359335e-20	-2.435425e-03	6.088562e-05	1.040591e-02	8.859023e-05	1.832690e-03	1.710919e-03	8.859023e-05	-8.859023e-05	9.188195e-03	-1.162362e-02
408           	3.543608e-03	-1.359333e-20	-2.435423e-03	6.088558e-05	1.040590e-02	8.859020e-05	1.832690e-03	1.710918e-03	8.859020e-05	-8.859020e-05	9.188191e-03	-1.162361e-02
409           	3.543607e-03	-1.359332e-20	-2.435423e-03	6.088556e-05	1.040590e-02	8.859018e-05	1.832689e-03	1.710918e-03	8.859018e-05	-8.859018e-05	9.188188e-03	-1.162361e-02
410           	3.543607e-03	-1.359331e-20	-2.435424e-03	6.088560e-05	1.040590e-02	8.859017e-05	1.832689e-03	1.710918e-03	8.859017e-05	-8.859017e-05	9.188189e-03	-1.162361e-02
411           	3.543607e-03	-1.359331e-20	-2.435426e-03	6.088565e-05	1.040591e-02	8.859017e-05	1.832689e-03	1.710918e-03	8.859017e-05	-8.859017e-05	9.188193e-03	-1.162362e-02
412           	3.543607e-03	-1.359332e-20	-2.435429e-03	6.088571e-05	1.040591e-02	8.859018e-05	1.832689e-03	1.710918e-03	8.859018e-05	-8.859018e-05	9.188197e-03	-1.162363e-02
413           	3.543608e-03	-1.359333e-20	-2.435432e-03	6.088579e-05	1.040592e-02	8.859021e-05	1.832690e-03	1.710918e-03	8.859021e-05	-8.859021e-05	9.188203e-03	-1.162363e-02
414           	3.543609e-03	-1.359335e-20	-2.435433e-03	6.088583e-05	1.040592e-02	8.859023e-05	1.832690e-03	1.710919e-03	8.859023e-05	-8.859023e-05	9.188208e-03	-1.162364e-02
415           	3.543610e-03	-1.359336e-20	-2.435434e-03	6.088585e-05	1.040593e-02	8.859026e-05	1.832691e-03	1.710919e-03	8.859026e-05	-8.859026e-05	9.188211e-03	-1.162365e-02
416           	3.543611e-03	-1.359338e-20	-2.435434e-03	6.088584e-05	1.040593e-02	8.859027e-05	1.832691e-03	1.710920e-03	8.859027e-05	-8.859027e-05	9.188211e-03	-1.162364e-02
417           	3.543611e-03	-1.359338e-20	-2.435432e-03	6.088579e-05	1.040592e-02	8.859027e-05	1.832691e-03	1.710920e-03	8.859027e-05	-8.859027e-05	9.188209e-03	-1.162364e-02
418           	3.543611e-03	-1.359337e-20	-2.435430e-03	6.088574e-05	1.040592e-02	8.859026e-05	1.832691e-03	1.710920e-03	8.859026e-05	-8.859026e-05	9.188205e-03	-1.162363e-02
