# Force coefficients
# dragDir     : (1.000000e+00 0.000000e+00 0.000000e+00)
# sideDir     : (0.000000e+00 0.000000e+00 -1.000000e+00)
# liftDir     : (0.000000e+00 1.000000e+00 0.000000e+00)
# rollAxis    : (1.000000e+00 0.000000e+00 0.000000e+00)
# pitchAxis   : (0.000000e+00 0.000000e+00 -1.000000e+00)
# yawAxis     : (0.000000e+00 1.000000e+00 0.000000e+00)
# magUInf     : 6.000000e-02
# lRef        : 1.000000e-01
# Aref        : 1.000000e-01
# CofR        : (0.000000e+00 0.000000e+00 0.000000e+00)
#
# Time        	Cd            	Cs            	Cl            	CmRoll        	CmPitch       	CmYaw         	Cd(f)         	Cd(r)         	Cs(f)         	Cs(r)         	Cl(f)         	Cl(r)         
1             	4.191640e-04	-6.616291e-20	-8.282242e-04	2.070561e-05	2.374066e-03	1.047910e-05	2.302876e-04	1.888764e-04	1.047910e-05	-1.047910e-05	1.959954e-03	-2.788178e-03
2             	2.028378e-03	-1.110425e-19	-3.128835e-03	7.822087e-05	9.669219e-03	5.070944e-05	1.092410e-03	9.359680e-04	5.070944e-05	-5.070944e-05	8.104801e-03	-1.123364e-02
3             	1.873081e-03	-8.732941e-20	-1.678089e-03	4.195224e-05	6.581156e-03	4.682702e-05	9.784927e-04	8.945882e-04	4.682702e-05	-4.682702e-05	5.742111e-03	-7.420201e-03
4             	1.538035e-03	-3.401559e-20	-7.572860e-04	1.893215e-05	4.148113e-03	3.845086e-05	7.879494e-04	7.500851e-04	3.845086e-05	-3.845086e-05	3.769470e-03	-4.526756e-03
5             	1.423592e-03	1.397531e-20	-6.849703e-04	1.712426e-05	3.751551e-03	3.558980e-05	7.289202e-04	6.946717e-04	3.558980e-05	-3.558980e-05	3.409066e-03	-4.094036e-03
6             	1.496665e-03	4.141909e-20	-1.185514e-03	2.963785e-05	4.834299e-03	3.741663e-05	7.779704e-04	7.186947e-04	3.741663e-05	-3.741663e-05	4.241542e-03	-5.427056e-03
7             	1.554703e-03	5.062474e-20	-1.356709e-03	3.391773e-05	5.271580e-03	3.886758e-05	8.112694e-04	7.434339e-04	3.886758e-05	-3.886758e-05	4.593225e-03	-5.949934e-03
8             	1.653834e-03	4.373123e-20	-1.571717e-03	3.929292e-05	5.866299e-03	4.134585e-05	8.662099e-04	7.876241e-04	4.134585e-05	-4.134585e-05	5.080440e-03	-6.652157e-03
9             	1.693514e-03	3.456802e-20	-1.569259e-03	3.923149e-05	5.931385e-03	4.233785e-05	8.859885e-04	8.075255e-04	4.233785e-05	-4.233785e-05	5.146755e-03	-6.716015e-03
10            	1.687823e-03	2.884863e-20	-1.546720e-03	3.866800e-05	5.866310e-03	4.219559e-05	8.825797e-04	8.052437e-04	4.219559e-05	-4.219559e-05	5.092950e-03	-6.639670e-03
11            	1.661445e-03	2.653192e-20	-1.528423e-03	3.821057e-05	5.771802e-03	4.153613e-05	8.689332e-04	7.925121e-04	4.153613e-05	-4.153613e-05	5.007591e-03	-6.536013e-03
12            	1.634372e-03	2.636241e-20	-1.535075e-03	3.837687e-05	5.724432e-03	4.085929e-05	8.555627e-04	7.788089e-04	4.085929e-05	-4.085929e-05	4.956894e-03	-6.491969e-03
13            	1.614063e-03	2.686388e-20	-1.566833e-03	3.917082e-05	5.740293e-03	4.035156e-05	8.462021e-04	7.678604e-04	4.035156e-05	-4.035156e-05	4.956877e-03	-6.523709e-03
14            	1.596709e-03	2.828793e-20	-1.587217e-03	3.968044e-05	5.742587e-03	3.991771e-05	8.380347e-04	7.586738e-04	3.991771e-05	-3.991771e-05	4.948978e-03	-6.536196e-03
15            	1.580377e-03	2.971035e-20	-1.594677e-03	3.986693e-05	5.722938e-03	3.950943e-05	8.300556e-04	7.503217e-04	3.950943e-05	-3.950943e-05	4.925599e-03	-6.520277e-03
16            	1.564544e-03	3.043772e-20	-1.590923e-03	3.977307e-05	5.684099e-03	3.911360e-05	8.220452e-04	7.424990e-04	3.911360e-05	-3.911360e-05	4.888638e-03	-6.479561e-03
17            	1.550391e-03	3.065615e-20	-1.578546e-03	3.946366e-05	5.633724e-03	3.875977e-05	8.146590e-04	7.357316e-04	3.875977e-05	-3.875977e-05	4.844451e-03	-6.422997e-03
18            	1.535882e-03	3.058636e-20	-1.555872e-03	3.889681e-05	5.563761e-03	3.839706e-05	8.068380e-04	7.290443e-04	3.839706e-05	-3.839706e-05	4.785824e-03	-6.341697e-03
19            	1.520465e-03	3.029311e-20	-1.526537e-03	3.816342e-05	5.479575e-03	3.801163e-05	7.983960e-04	7.220691e-04	3.801163e-05	-3.801163e-05	4.716307e-03	-6.242843e-03
20            	1.504300e-03	2.989096e-20	-1.493408e-03	3.733520e-05	5.387320e-03	3.760750e-05	7.894852e-04	7.148148e-04	3.760750e-05	-3.760750e-05	4.640616e-03	-6.134024e-03
21            	1.487637e-03	2.943127e-20	-1.459238e-03	3.648095e-05	5.292563e-03	3.719093e-05	7.802996e-04	7.073377e-04	3.719093e-05	-3.719093e-05	4.562944e-03	-6.022182e-03
22            	1.471329e-03	2.894071e-20	-1.426750e-03	3.566875e-05	5.202206e-03	3.678323e-05	7.713334e-04	6.999959e-04	3.678323e-05	-3.678323e-05	4.488831e-03	-5.915581e-03
23            	1.457050e-03	2.837694e-20	-1.397985e-03	3.494963e-05	5.123228e-03	3.642624e-05	7.634745e-04	6.935752e-04	3.642624e-05	-3.642624e-05	4.424235e-03	-5.822220e-03
24            	1.445163e-03	2.780787e-20	-1.370037e-03	3.425093e-05	5.050752e-03	3.612908e-05	7.568324e-04	6.883306e-04	3.612908e-05	-3.612908e-05	4.365733e-03	-5.735770e-03
25            	1.434366e-03	2.726556e-20	-1.342204e-03	3.355510e-05	4.980870e-03	3.585916e-05	7.507382e-04	6.836280e-04	3.585916e-05	-3.585916e-05	4.309768e-03	-5.651972e-03
26            	1.425475e-03	2.677965e-20	-1.315270e-03	3.288175e-05	4.916581e-03	3.563688e-05	7.456194e-04	6.798559e-04	3.563688e-05	-3.563688e-05	4.258946e-03	-5.574216e-03
27            	1.417299e-03	2.635372e-20	-1.287252e-03	3.218131e-05	4.851742e-03	3.543248e-05	7.408309e-04	6.764682e-04	3.543248e-05	-3.543248e-05	4.208116e-03	-5.495368e-03
28            	1.409981e-03	2.594338e-20	-1.259198e-03	3.147994e-05	4.788464e-03	3.524953e-05	7.364705e-04	6.735106e-04	3.524953e-05	-3.524953e-05	4.158865e-03	-5.418062e-03
29            	1.403637e-03	2.555272e-20	-1.231458e-03	3.078645e-05	4.727593e-03	3.509092e-05	7.326049e-04	6.710320e-04	3.509092e-05	-3.509092e-05	4.111864e-03	-5.343322e-03
30            	1.397637e-03	2.521330e-20	-1.203349e-03	3.008371e-05	4.666478e-03	3.494093e-05	7.289024e-04	6.687349e-04	3.494093e-05	-3.494093e-05	4.064804e-03	-5.268153e-03
31            	1.391758e-03	2.491119e-20	-1.175707e-03	2.939267e-05	4.606155e-03	3.479395e-05	7.252716e-04	6.664863e-04	3.479395e-05	-3.479395e-05	4.018301e-03	-5.194008e-03
32            	1.386399e-03	2.462964e-20	-1.150088e-03	2.875219e-05	4.550437e-03	3.465998e-05	7.219518e-04	6.644474e-04	3.465998e-05	-3.465998e-05	3.975393e-03	-5.125481e-03
33            	1.381751e-03	2.435835e-20	-1.126687e-03	2.816717e-05	4.500059e-03	3.454378e-05	7.190427e-04	6.627084e-04	3.454378e-05	-3.454378e-05	3.936716e-03	-5.063403e-03
34            	1.378040e-03	2.409384e-20	-1.106040e-03	2.765099e-05	4.456475e-03	3.445100e-05	7.166710e-04	6.613690e-04	3.445100e-05	-3.445100e-05	3.903455e-03	-5.009495e-03
35            	1.375251e-03	2.384976e-20	-1.087612e-03	2.719029e-05	4.418688e-03	3.438127e-05	7.148157e-04	6.604351e-04	3.438127e-05	-3.438127e-05	3.874882e-03	-4.962494e-03
36            	1.373119e-03	2.361270e-20	-1.070728e-03	2.676821e-05	4.384841e-03	3.432799e-05	7.133279e-04	6.597915e-04	3.432799e-05	-3.432799e-05	3.849477e-03	-4.920206e-03
37            	1.371563e-03	2.339826e-20	-1.055615e-03	2.639038e-05	4.355269e-03	3.428909e-05	7.121721e-04	6.593913e-04	3.428909e-05	-3.428909e-05	3.827462e-03	-4.883077e-03
38            	1.370408e-03	2.320812e-20	-1.041647e-03	2.604117e-05	4.328448e-03	3.426021e-05	7.112453e-04	6.591630e-04	3.426021e-05	-3.426021e-05	3.807625e-03	-4.849272e-03
39            	1.369452e-03	2.303566e-20	-1.028667e-03	2.571668e-05	4.303669e-03	3.423629e-05	7.104424e-04	6.590091e-04	3.423629e-05	-3.423629e-05	3.789335e-03	-4.818003e-03
40            	1.368607e-03	2.287962e-20	-1.016779e-03	2.541946e-05	4.280973e-03	3.421518e-05	7.097230e-04	6.588841e-04	3.421518e-05	-3.421518e-05	3.772584e-03	-4.789362e-03
41            	1.367857e-03	2.273999e-20	-1.006069e-03	2.515173e-05	4.260511e-03	3.419643e-05	7.090803e-04	6.587768e-04	3.419643e-05	-3.419643e-05	3.757477e-03	-4.763546e-03
42            	1.367210e-03	2.261685e-20	-9.966001e-04	2.491500e-05	4.242434e-03	3.418026e-05	7.085202e-04	6.586902e-04	3.418026e-05	-3.418026e-05	3.744134e-03	-4.740734e-03
43            	1.366675e-03	2.250933e-20	-9.883500e-04	2.470875e-05	4.226736e-03	3.416687e-05	7.080461e-04	6.586286e-04	3.416687e-05	-3.416687e-05	3.732561e-03	-4.720911e-03
44            	1.366258e-03	2.241559e-20	-9.812569e-04	2.453142e-05	4.213339e-03	3.415646e-05	7.076605e-04	6.585977e-04	3.415646e-05	-3.415646e-05	3.722710e-03	-4.703967e-03
45            	1.366136e-03	2.231980e-20	-9.755189e-04	2.438797e-05	4.202997e-03	3.415341e-05	7.074562e-04	6.586803e-04	3.415341e-05	-3.415341e-05	3.715237e-03	-4.690756e-03
46            	1.366200e-03	2.223368e-20	-9.705464e-04	2.426366e-05	4.194348e-03	3.415501e-05	7.073638e-04	6.588365e-04	3.415501e-05	-3.415501e-05	3.709075e-03	-4.679622e-03
47            	1.366287e-03	2.216031e-20	-9.662731e-04	2.415683e-05	4.186941e-03	3.415718e-05	7.073004e-04	6.589867e-04	3.415718e-05	-3.415718e-05	3.703805e-03	-4.670078e-03
48            	1.366390e-03	2.210131e-20	-9.624958e-04	2.406239e-05	4.180391e-03	3.415975e-05	7.072574e-04	6.591326e-04	3.415975e-05	-3.415975e-05	3.699143e-03	-4.661639e-03
49            	1.366592e-03	2.205542e-20	-9.595355e-04	2.398839e-05	4.175516e-03	3.416481e-05	7.072845e-04	6.593078e-04	3.416481e-05	-3.416481e-05	3.695748e-03	-4.655283e-03
50            	1.366705e-03	2.202297e-20	-9.568192e-04	2.392048e-05	4.170811e-03	3.416761e-05	7.072728e-04	6.594318e-04	3.416761e-05	-3.416761e-05	3.692401e-03	-4.649220e-03
51            	1.366843e-03	2.199962e-20	-9.547672e-04	2.386918e-05	4.167339e-03	3.417108e-05	7.072908e-04	6.595525e-04	3.417108e-05	-3.417108e-05	3.689955e-03	-4.644722e-03
52            	1.366996e-03	2.198220e-20	-9.531210e-04	2.382802e-05	4.164611e-03	3.417489e-05	7.073258e-04	6.596697e-04	3.417489e-05	-3.417489e-05	3.688051e-03	-4.641172e-03
53            	1.367166e-03	2.196954e-20	-9.518747e-04	2.379687e-05	4.162627e-03	3.417916e-05	7.073801e-04	6.597864e-04	3.417916e-05	-3.417916e-05	3.686690e-03	-4.638565e-03
54            	1.367377e-03	2.196161e-20	-9.510117e-04	2.377529e-05	4.161401e-03	3.418442e-05	7.074636e-04	6.599130e-04	3.418442e-05	-3.418442e-05	3.685895e-03	-4.636907e-03
55            	1.367632e-03	2.195670e-20	-9.504721e-04	2.376180e-05	4.160834e-03	3.419081e-05	7.075780e-04	6.600544e-04	3.419081e-05	-3.419081e-05	3.685598e-03	-4.636070e-03
56            	1.367910e-03	2.195603e-20	-9.502138e-04	2.375535e-05	4.160820e-03	3.419774e-05	7.077102e-04	6.601995e-04	3.419774e-05	-3.419774e-05	3.685713e-03	-4.635927e-03
57            	1.368198e-03	2.195837e-20	-9.501022e-04	2.375255e-05	4.161078e-03	3.420495e-05	7.078515e-04	6.603464e-04	3.420495e-05	-3.420495e-05	3.686027e-03	-4.636129e-03
58            	1.368472e-03	2.196234e-20	-9.500960e-04	2.375240e-05	4.161489e-03	3.421180e-05	7.079885e-04	6.604837e-04	3.421180e-05	-3.421180e-05	3.686441e-03	-4.636537e-03
59            	1.368726e-03	2.196759e-20	-9.501828e-04	2.375457e-05	4.162018e-03	3.421815e-05	7.081177e-04	6.606085e-04	3.421815e-05	-3.421815e-05	3.686927e-03	-4.637109e-03
60            	1.368965e-03	2.197308e-20	-9.503959e-04	2.375990e-05	4.162739e-03	3.422412e-05	7.082422e-04	6.607224e-04	3.422412e-05	-3.422412e-05	3.687541e-03	-4.637936e-03
61            	1.369191e-03	2.197788e-20	-9.507082e-04	2.376771e-05	4.163617e-03	3.422978e-05	7.083634e-04	6.608280e-04	3.422978e-05	-3.422978e-05	3.688263e-03	-4.638971e-03
62            	1.369403e-03	2.198525e-20	-9.510542e-04	2.377636e-05	4.164522e-03	3.423508e-05	7.084780e-04	6.609253e-04	3.423508e-05	-3.423508e-05	3.688995e-03	-4.640049e-03
63            	1.369593e-03	2.199342e-20	-9.514242e-04	2.378561e-05	4.165425e-03	3.423983e-05	7.085823e-04	6.610111e-04	3.423983e-05	-3.423983e-05	3.689713e-03	-4.641137e-03
64            	1.369773e-03	2.200100e-20	-9.518438e-04	2.379610e-05	4.166399e-03	3.424434e-05	7.086828e-04	6.610906e-04	3.424434e-05	-3.424434e-05	3.690477e-03	-4.642321e-03
65            	1.369936e-03	2.200982e-20	-9.522711e-04	2.380678e-05	4.167354e-03	3.424840e-05	7.087748e-04	6.611612e-04	3.424840e-05	-3.424840e-05	3.691218e-03	-4.643489e-03
66            	1.370082e-03	2.201883e-20	-9.527080e-04	2.381770e-05	4.168296e-03	3.425205e-05	7.088586e-04	6.612232e-04	3.425205e-05	-3.425205e-05	3.691942e-03	-4.644650e-03
67            	1.370216e-03	2.202781e-20	-9.531504e-04	2.382876e-05	4.169229e-03	3.425540e-05	7.089367e-04	6.612792e-04	3.425540e-05	-3.425540e-05	3.692653e-03	-4.645804e-03
68            	1.370339e-03	2.203671e-20	-9.535933e-04	2.383983e-05	4.170147e-03	3.425848e-05	7.090095e-04	6.613299e-04	3.425848e-05	-3.425848e-05	3.693350e-03	-4.646943e-03
69            	1.370451e-03	2.204530e-20	-9.540248e-04	2.385062e-05	4.171025e-03	3.426126e-05	7.090759e-04	6.613747e-04	3.426126e-05	-3.426126e-05	3.694013e-03	-4.648037e-03
70            	1.370551e-03	2.205241e-20	-9.544494e-04	2.386123e-05	4.171876e-03	3.426378e-05	7.091368e-04	6.614143e-04	3.426378e-05	-3.426378e-05	3.694651e-03	-4.649101e-03
71            	1.370636e-03	2.205877e-20	-9.548477e-04	2.387119e-05	4.172655e-03	3.426590e-05	7.091892e-04	6.614468e-04	3.426590e-05	-3.426590e-05	3.695231e-03	-4.650079e-03
72            	1.370705e-03	2.206567e-20	-9.552185e-04	2.388046e-05	4.173357e-03	3.426762e-05	7.092329e-04	6.614720e-04	3.426762e-05	-3.426762e-05	3.695748e-03	-4.650966e-03
73            	1.370761e-03	2.207077e-20	-9.555846e-04	2.388961e-05	4.174033e-03	3.426903e-05	7.092702e-04	6.614910e-04	3.426903e-05	-3.426903e-05	3.696240e-03	-4.651825e-03
74            	1.370811e-03	2.207514e-20	-9.559487e-04	2.389872e-05	4.174699e-03	3.427027e-05	7.093042e-04	6.615068e-04	3.427027e-05	-3.427027e-05	3.696725e-03	-4.652674e-03
75            	1.370853e-03	2.207900e-20	-9.562968e-04	2.390742e-05	4.175328e-03	3.427134e-05	7.093341e-04	6.615193e-04	3.427134e-05	-3.427134e-05	3.697180e-03	-4.653476e-03
76            	1.370890e-03	2.208240e-20	-9.566320e-04	2.391580e-05	4.175928e-03	3.427226e-05	7.093610e-04	6.615294e-04	3.427226e-05	-3.427226e-05	3.697612e-03	-4.654244e-03
77            	1.370919e-03	2.208537e-20	-9.569475e-04	2.392369e-05	4.176481e-03	3.427298e-05	7.093834e-04	6.615360e-04	3.427298e-05	-3.427298e-05	3.698007e-03	-4.654955e-03
78            	1.370943e-03	2.208819e-20	-9.572492e-04	2.393123e-05	4.177004e-03	3.427358e-05	7.094029e-04	6.615404e-04	3.427358e-05	-3.427358e-05	3.698380e-03	-4.655629e-03
79            	1.370962e-03	2.209092e-20	-9.575313e-04	2.393828e-05	4.177486e-03	3.427405e-05	7.094192e-04	6.615427e-04	3.427405e-05	-3.427405e-05	3.698721e-03	-4.656252e-03
80            	1.370979e-03	2.209331e-20	-9.578037e-04	2.394509e-05	4.177953e-03	3.427448e-05	7.094347e-04	6.615445e-04	3.427448e-05	-3.427448e-05	3.699051e-03	-4.656854e-03
81            	1.370996e-03	2.209548e-20	-9.580675e-04	2.395169e-05	4.178407e-03	3.427491e-05	7.094498e-04	6.615464e-04	3.427491e-05	-3.427491e-05	3.699374e-03	-4.657441e-03
82            	1.371011e-03	2.209753e-20	-9.583089e-04	2.395772e-05	4.178820e-03	3.427528e-05	7.094634e-04	6.615479e-04	3.427528e-05	-3.427528e-05	3.699666e-03	-4.657975e-03
83            	1.371018e-03	2.210000e-20	-9.585180e-04	2.396295e-05	4.179161e-03	3.427546e-05	7.094721e-04	6.615462e-04	3.427546e-05	-3.427546e-05	3.699902e-03	-4.658420e-03
84            	1.371020e-03	2.210228e-20	-9.587089e-04	2.396772e-05	4.179462e-03	3.427550e-05	7.094778e-04	6.615423e-04	3.427550e-05	-3.427550e-05	3.700108e-03	-4.658817e-03
85            	1.371020e-03	2.210432e-20	-9.588877e-04	2.397219e-05	4.179742e-03	3.427550e-05	7.094822e-04	6.615379e-04	3.427550e-05	-3.427550e-05	3.700298e-03	-4.659186e-03
86            	1.371017e-03	2.210614e-20	-9.590436e-04	2.397609e-05	4.179976e-03	3.427542e-05	7.094846e-04	6.615324e-04	3.427542e-05	-3.427542e-05	3.700454e-03	-4.659497e-03
87            	1.371012e-03	2.210778e-20	-9.591937e-04	2.397984e-05	4.180199e-03	3.427531e-05	7.094860e-04	6.615263e-04	3.427531e-05	-3.427531e-05	3.700602e-03	-4.659795e-03
88            	1.371009e-03	2.210928e-20	-9.593374e-04	2.398343e-05	4.180417e-03	3.427523e-05	7.094880e-04	6.615211e-04	3.427523e-05	-3.427523e-05	3.700748e-03	-4.660085e-03
89            	1.371007e-03	2.211068e-20	-9.594757e-04	2.398689e-05	4.180630e-03	3.427519e-05	7.094906e-04	6.615168e-04	3.427519e-05	-3.427519e-05	3.700893e-03	-4.660368e-03
90            	1.371008e-03	2.211203e-20	-9.596031e-04	2.399008e-05	4.180830e-03	3.427519e-05	7.094940e-04	6.615138e-04	3.427519e-05	-3.427519e-05	3.701029e-03	-4.660632e-03
91            	1.371009e-03	2.211331e-20	-9.597223e-04	2.399306e-05	4.181019e-03	3.427521e-05	7.094973e-04	6.615112e-04	3.427521e-05	-3.427521e-05	3.701157e-03	-4.660880e-03
92            	1.371010e-03	2.211454e-20	-9.598349e-04	2.399587e-05	4.181198e-03	3.427525e-05	7.095009e-04	6.615092e-04	3.427525e-05	-3.427525e-05	3.701281e-03	-4.661116e-03
93            	1.371010e-03	2.211624e-20	-9.599344e-04	2.399836e-05	4.181352e-03	3.427524e-05	7.095032e-04	6.615065e-04	3.427524e-05	-3.427524e-05	3.701385e-03	-4.661319e-03
94            	1.371008e-03	2.211808e-20	-9.600246e-04	2.400061e-05	4.181488e-03	3.427521e-05	7.095047e-04	6.615035e-04	3.427521e-05	-3.427521e-05	3.701476e-03	-4.661500e-03
95            	1.371008e-03	2.211997e-20	-9.601093e-04	2.400273e-05	4.181616e-03	3.427519e-05	7.095065e-04	6.615010e-04	3.427519e-05	-3.427519e-05	3.701562e-03	-4.661671e-03
96            	1.371007e-03	2.212182e-20	-9.601907e-04	2.400477e-05	4.181741e-03	3.427518e-05	7.095083e-04	6.614988e-04	3.427518e-05	-3.427518e-05	3.701646e-03	-4.661836e-03
97            	1.371007e-03	2.212359e-20	-9.602665e-04	2.400666e-05	4.181858e-03	3.427517e-05	7.095101e-04	6.614968e-04	3.427517e-05	-3.427517e-05	3.701725e-03	-4.661991e-03
98            	1.371007e-03	2.212524e-20	-9.603367e-04	2.400842e-05	4.181966e-03	3.427517e-05	7.095119e-04	6.614951e-04	3.427517e-05	-3.427517e-05	3.701797e-03	-4.662134e-03
99            	1.371007e-03	2.212675e-20	-9.604006e-04	2.401001e-05	4.182063e-03	3.427519e-05	7.095137e-04	6.614937e-04	3.427519e-05	-3.427519e-05	3.701863e-03	-4.662264e-03
100           	1.371008e-03	2.212811e-20	-9.604662e-04	2.401165e-05	4.182167e-03	3.427521e-05	7.095159e-04	6.614926e-04	3.427521e-05	-3.427521e-05	3.701934e-03	-4.662400e-03
101           	1.371012e-03	2.212936e-20	-9.605312e-04	2.401328e-05	4.182275e-03	3.427530e-05	7.095192e-04	6.614927e-04	3.427530e-05	-3.427530e-05	3.702010e-03	-4.662541e-03
102           	1.371017e-03	2.213036e-20	-9.605974e-04	2.401493e-05	4.182390e-03	3.427542e-05	7.095233e-04	6.614934e-04	3.427542e-05	-3.427542e-05	3.702091e-03	-4.662688e-03
103           	1.371022e-03	2.213129e-20	-9.606575e-04	2.401644e-05	4.182495e-03	3.427556e-05	7.095276e-04	6.614948e-04	3.427556e-05	-3.427556e-05	3.702166e-03	-4.662824e-03
104           	1.371027e-03	2.213205e-20	-9.607134e-04	2.401783e-05	4.182592e-03	3.427568e-05	7.095314e-04	6.614957e-04	3.427568e-05	-3.427568e-05	3.702235e-03	-4.662948e-03
105           	1.371031e-03	2.213277e-20	-9.607639e-04	2.401910e-05	4.182678e-03	3.427578e-05	7.095346e-04	6.614964e-04	3.427578e-05	-3.427578e-05	3.702296e-03	-4.663060e-03
106           	1.371034e-03	2.213347e-20	-9.608152e-04	2.402038e-05	4.182764e-03	3.427585e-05	7.095374e-04	6.614967e-04	3.427585e-05	-3.427585e-05	3.702356e-03	-4.663171e-03
107           	1.371039e-03	2.213417e-20	-9.608705e-04	2.402176e-05	4.182861e-03	3.427597e-05	7.095411e-04	6.614976e-04	3.427597e-05	-3.427597e-05	3.702426e-03	-4.663296e-03
108           	1.371045e-03	2.213489e-20	-9.609234e-04	2.402309e-05	4.182958e-03	3.427612e-05	7.095455e-04	6.614993e-04	3.427612e-05	-3.427612e-05	3.702496e-03	-4.663420e-03
109           	1.371050e-03	2.213559e-20	-9.609714e-04	2.402428e-05	4.183043e-03	3.427625e-05	7.095492e-04	6.615007e-04	3.427625e-05	-3.427625e-05	3.702558e-03	-4.663529e-03
110           	1.371056e-03	2.213627e-20	-9.610214e-04	2.402554e-05	4.183135e-03	3.427639e-05	7.095533e-04	6.615022e-04	3.427639e-05	-3.427639e-05	3.702624e-03	-4.663646e-03
111           	1.371061e-03	2.213694e-20	-9.610698e-04	2.402675e-05	4.183224e-03	3.427653e-05	7.095574e-04	6.615039e-04	3.427653e-05	-3.427653e-05	3.702689e-03	-4.663759e-03
112           	1.371067e-03	2.213755e-20	-9.611171e-04	2.402793e-05	4.183311e-03	3.427667e-05	7.095613e-04	6.615054e-04	3.427667e-05	-3.427667e-05	3.702752e-03	-4.663870e-03
113           	1.371073e-03	2.213804e-20	-9.611653e-04	2.402913e-05	4.183402e-03	3.427682e-05	7.095655e-04	6.615073e-04	3.427682e-05	-3.427682e-05	3.702819e-03	-4.663984e-03
114           	1.371079e-03	2.213848e-20	-9.612131e-04	2.403033e-05	4.183492e-03	3.427698e-05	7.095700e-04	6.615093e-04	3.427698e-05	-3.427698e-05	3.702886e-03	-4.664099e-03
115           	1.371086e-03	2.213886e-20	-9.612603e-04	2.403151e-05	4.183583e-03	3.427715e-05	7.095745e-04	6.615115e-04	3.427715e-05	-3.427715e-05	3.702953e-03	-4.664213e-03
116           	1.371093e-03	2.213919e-20	-9.613067e-04	2.403267e-05	4.183672e-03	3.427731e-05	7.095789e-04	6.615136e-04	3.427731e-05	-3.427731e-05	3.703019e-03	-4.664325e-03
117           	1.371099e-03	2.213950e-20	-9.613525e-04	2.403381e-05	4.183760e-03	3.427748e-05	7.095833e-04	6.615157e-04	3.427748e-05	-3.427748e-05	3.703084e-03	-4.664436e-03
118           	1.371105e-03	2.213980e-20	-9.613975e-04	2.403494e-05	4.183847e-03	3.427764e-05	7.095877e-04	6.615178e-04	3.427764e-05	-3.427764e-05	3.703148e-03	-4.664546e-03
119           	1.371112e-03	2.214009e-20	-9.614414e-04	2.403604e-05	4.183931e-03	3.427779e-05	7.095918e-04	6.615197e-04	3.427779e-05	-3.427779e-05	3.703211e-03	-4.664652e-03
120           	1.371118e-03	2.214040e-20	-9.614876e-04	2.403719e-05	4.184022e-03	3.427796e-05	7.095964e-04	6.615220e-04	3.427796e-05	-3.427796e-05	3.703278e-03	-4.664766e-03
121           	1.371126e-03	2.214074e-20	-9.615323e-04	2.403831e-05	4.184111e-03	3.427814e-05	7.096011e-04	6.615245e-04	3.427814e-05	-3.427814e-05	3.703345e-03	-4.664877e-03
122           	1.371131e-03	2.214109e-20	-9.615740e-04	2.403935e-05	4.184191e-03	3.427828e-05	7.096049e-04	6.615262e-04	3.427828e-05	-3.427828e-05	3.703404e-03	-4.664978e-03
123           	1.371137e-03	2.214144e-20	-9.616161e-04	2.404040e-05	4.184273e-03	3.427843e-05	7.096089e-04	6.615281e-04	3.427843e-05	-3.427843e-05	3.703465e-03	-4.665081e-03
124           	1.371143e-03	2.214183e-20	-9.616559e-04	2.404140e-05	4.184351e-03	3.427857e-05	7.096128e-04	6.615300e-04	3.427857e-05	-3.427857e-05	3.703524e-03	-4.665179e-03
125           	1.371148e-03	2.214223e-20	-9.616945e-04	2.404236e-05	4.184427e-03	3.427871e-05	7.096165e-04	6.615318e-04	3.427871e-05	-3.427871e-05	3.703580e-03	-4.665274e-03
126           	1.371153e-03	2.214264e-20	-9.617320e-04	2.404330e-05	4.184500e-03	3.427883e-05	7.096199e-04	6.615333e-04	3.427883e-05	-3.427883e-05	3.703634e-03	-4.665366e-03
127           	1.371158e-03	2.214306e-20	-9.617684e-04	2.404421e-05	4.184570e-03	3.427895e-05	7.096232e-04	6.615347e-04	3.427895e-05	-3.427895e-05	3.703686e-03	-4.665454e-03
128           	1.371162e-03	2.214349e-20	-9.618034e-04	2.404508e-05	4.184637e-03	3.427905e-05	7.096261e-04	6.615360e-04	3.427905e-05	-3.427905e-05	3.703735e-03	-4.665539e-03
129           	1.371166e-03	2.214397e-20	-9.618371e-04	2.404593e-05	4.184701e-03	3.427915e-05	7.096289e-04	6.615370e-04	3.427915e-05	-3.427915e-05	3.703783e-03	-4.665620e-03
130           	1.371169e-03	2.214445e-20	-9.618697e-04	2.404674e-05	4.184763e-03	3.427923e-05	7.096314e-04	6.615379e-04	3.427923e-05	-3.427923e-05	3.703828e-03	-4.665698e-03
131           	1.371172e-03	2.214492e-20	-9.619014e-04	2.404754e-05	4.184823e-03	3.427931e-05	7.096338e-04	6.615387e-04	3.427931e-05	-3.427931e-05	3.703872e-03	-4.665773e-03
132           	1.371175e-03	2.214536e-20	-9.619320e-04	2.404830e-05	4.184880e-03	3.427938e-05	7.096360e-04	6.615394e-04	3.427938e-05	-3.427938e-05	3.703914e-03	-4.665846e-03
133           	1.371178e-03	2.214578e-20	-9.619609e-04	2.404902e-05	4.184934e-03	3.427945e-05	7.096379e-04	6.615399e-04	3.427945e-05	-3.427945e-05	3.703954e-03	-4.665915e-03
134           	1.371180e-03	2.214617e-20	-9.619887e-04	2.404972e-05	4.184986e-03	3.427950e-05	7.096396e-04	6.615402e-04	3.427950e-05	-3.427950e-05	3.703991e-03	-4.665980e-03
135           	1.371182e-03	2.214655e-20	-9.620158e-04	2.405039e-05	4.185035e-03	3.427954e-05	7.096413e-04	6.615405e-04	3.427954e-05	-3.427954e-05	3.704027e-03	-4.666043e-03
136           	1.371183e-03	2.214691e-20	-9.620419e-04	2.405105e-05	4.185083e-03	3.427959e-05	7.096428e-04	6.615407e-04	3.427959e-05	-3.427959e-05	3.704062e-03	-4.666104e-03
137           	1.371185e-03	2.214725e-20	-9.620671e-04	2.405168e-05	4.185130e-03	3.427963e-05	7.096442e-04	6.615408e-04	3.427963e-05	-3.427963e-05	3.704096e-03	-4.666163e-03
138           	1.371187e-03	2.214757e-20	-9.620913e-04	2.405228e-05	4.185174e-03	3.427966e-05	7.096456e-04	6.615410e-04	3.427966e-05	-3.427966e-05	3.704128e-03	-4.666220e-03
139           	1.371188e-03	2.214788e-20	-9.621145e-04	2.405286e-05	4.185217e-03	3.427970e-05	7.096469e-04	6.615412e-04	3.427970e-05	-3.427970e-05	3.704160e-03	-4.666274e-03
140           	1.371190e-03	2.214817e-20	-9.621369e-04	2.405342e-05	4.185258e-03	3.427974e-05	7.096482e-04	6.615414e-04	3.427974e-05	-3.427974e-05	3.704190e-03	-4.666327e-03
141           	1.371191e-03	2.214847e-20	-9.621583e-04	2.405396e-05	4.185298e-03	3.427978e-05	7.096495e-04	6.615416e-04	3.427978e-05	-3.427978e-05	3.704219e-03	-4.666377e-03
142           	1.371192e-03	2.214877e-20	-9.621779e-04	2.405445e-05	4.185334e-03	3.427980e-05	7.096505e-04	6.615416e-04	3.427980e-05	-3.427980e-05	3.704245e-03	-4.666423e-03
143           	1.371193e-03	2.214907e-20	-9.621965e-04	2.405491e-05	4.185367e-03	3.427983e-05	7.096514e-04	6.615416e-04	3.427983e-05	-3.427983e-05	3.704269e-03	-4.666465e-03
144           	1.371194e-03	2.214936e-20	-9.622143e-04	2.405536e-05	4.185399e-03	3.427984e-05	7.096522e-04	6.615415e-04	3.427984e-05	-3.427984e-05	3.704292e-03	-4.666506e-03
145           	1.371194e-03	2.214964e-20	-9.622311e-04	2.405578e-05	4.185430e-03	3.427986e-05	7.096530e-04	6.615414e-04	3.427986e-05	-3.427986e-05	3.704314e-03	-4.666545e-03
146           	1.371195e-03	2.214990e-20	-9.622470e-04	2.405618e-05	4.185458e-03	3.427987e-05	7.096537e-04	6.615413e-04	3.427987e-05	-3.427987e-05	3.704334e-03	-4.666581e-03
147           	1.371195e-03	2.215014e-20	-9.622619e-04	2.405655e-05	4.185485e-03	3.427989e-05	7.096543e-04	6.615412e-04	3.427989e-05	-3.427989e-05	3.704354e-03	-4.666615e-03
148           	1.371196e-03	2.215037e-20	-9.622760e-04	2.405690e-05	4.185509e-03	3.427990e-05	7.096548e-04	6.615410e-04	3.427990e-05	-3.427990e-05	3.704371e-03	-4.666647e-03
149           	1.371196e-03	2.215057e-20	-9.622888e-04	2.405722e-05	4.185532e-03	3.427990e-05	7.096553e-04	6.615408e-04	3.427990e-05	-3.427990e-05	3.704388e-03	-4.666676e-03
150           	1.371196e-03	2.215073e-20	-9.623015e-04	2.405754e-05	4.185555e-03	3.427991e-05	7.096557e-04	6.615407e-04	3.427991e-05	-3.427991e-05	3.704404e-03	-4.666705e-03
151           	1.371197e-03	2.215089e-20	-9.623134e-04	2.405783e-05	4.185576e-03	3.427992e-05	7.096562e-04	6.615406e-04	3.427992e-05	-3.427992e-05	3.704419e-03	-4.666733e-03
152           	1.371197e-03	2.215102e-20	-9.623244e-04	2.405811e-05	4.185595e-03	3.427992e-05	7.096566e-04	6.615404e-04	3.427992e-05	-3.427992e-05	3.704433e-03	-4.666757e-03
153           	1.371197e-03	2.215115e-20	-9.623348e-04	2.405837e-05	4.185614e-03	3.427993e-05	7.096569e-04	6.615402e-04	3.427993e-05	-3.427993e-05	3.704446e-03	-4.666781e-03
154           	1.371197e-03	2.215127e-20	-9.623446e-04	2.405861e-05	4.185631e-03	3.427993e-05	7.096573e-04	6.615400e-04	3.427993e-05	-3.427993e-05	3.704458e-03	-4.666803e-03
155           	1.371197e-03	2.215137e-20	-9.623537e-04	2.405884e-05	4.185647e-03	3.427993e-05	7.096575e-04	6.615398e-04	3.427993e-05	-3.427993e-05	3.704470e-03	-4.666823e-03
156           	1.371197e-03	2.215147e-20	-9.623622e-04	2.405906e-05	4.185661e-03	3.427993e-05	7.096577e-04	6.615396e-04	3.427993e-05	-3.427993e-05	3.704480e-03	-4.666842e-03
157           	1.371197e-03	2.215155e-20	-9.623703e-04	2.405926e-05	4.185675e-03	3.427993e-05	7.096578e-04	6.615393e-04	3.427993e-05	-3.427993e-05	3.704490e-03	-4.666860e-03
158           	1.371197e-03	2.215163e-20	-9.623776e-04	2.405944e-05	4.185687e-03	3.427993e-05	7.096580e-04	6.615391e-04	3.427993e-05	-3.427993e-05	3.704499e-03	-4.666876e-03
159           	1.371197e-03	2.215169e-20	-9.623843e-04	2.405961e-05	4.185699e-03	3.427992e-05	7.096580e-04	6.615388e-04	3.427992e-05	-3.427992e-05	3.704506e-03	-4.666891e-03
160           	1.371197e-03	2.215175e-20	-9.623905e-04	2.405976e-05	4.185709e-03	3.427992e-05	7.096581e-04	6.615386e-04	3.427992e-05	-3.427992e-05	3.704514e-03	-4.666904e-03
161           	1.371196e-03	2.215181e-20	-9.623962e-04	2.405991e-05	4.185718e-03	3.427991e-05	7.096582e-04	6.615383e-04	3.427991e-05	-3.427991e-05	3.704520e-03	-4.666916e-03
162           	1.371196e-03	2.215186e-20	-9.624015e-04	2.406004e-05	4.185727e-03	3.427991e-05	7.096582e-04	6.615381e-04	3.427991e-05	-3.427991e-05	3.704526e-03	-4.666928e-03
163           	1.371196e-03	2.215190e-20	-9.624065e-04	2.406016e-05	4.185735e-03	3.427990e-05	7.096582e-04	6.615379e-04	3.427990e-05	-3.427990e-05	3.704532e-03	-4.666938e-03
164           	1.371196e-03	2.215192e-20	-9.624117e-04	2.406029e-05	4.185744e-03	3.427990e-05	7.096583e-04	6.615377e-04	3.427990e-05	-3.427990e-05	3.704538e-03	-4.666950e-03
165           	1.371196e-03	2.215194e-20	-9.624168e-04	2.406042e-05	4.185753e-03	3.427990e-05	7.096585e-04	6.615377e-04	3.427990e-05	-3.427990e-05	3.704545e-03	-4.666962e-03
166           	1.371196e-03	2.215195e-20	-9.624214e-04	2.406054e-05	4.185761e-03	3.427991e-05	7.096587e-04	6.615376e-04	3.427991e-05	-3.427991e-05	3.704551e-03	-4.666972e-03
167           	1.371196e-03	2.215195e-20	-9.624256e-04	2.406064e-05	4.185769e-03	3.427991e-05	7.096588e-04	6.615375e-04	3.427991e-05	-3.427991e-05	3.704556e-03	-4.666982e-03
168           	1.371196e-03	2.215195e-20	-9.624293e-04	2.406073e-05	4.185775e-03	3.427991e-05	7.096589e-04	6.615375e-04	3.427991e-05	-3.427991e-05	3.704561e-03	-4.666990e-03
169           	1.371196e-03	2.215195e-20	-9.624327e-04	2.406082e-05	4.185781e-03	3.427991e-05	7.096590e-04	6.615374e-04	3.427991e-05	-3.427991e-05	3.704565e-03	-4.666997e-03
170           	1.371196e-03	2.215195e-20	-9.624357e-04	2.406089e-05	4.185786e-03	3.427991e-05	7.096591e-04	6.615373e-04	3.427991e-05	-3.427991e-05	3.704568e-03	-4.667004e-03
171           	1.371196e-03	2.215195e-20	-9.624385e-04	2.406096e-05	4.185791e-03	3.427991e-05	7.096591e-04	6.615372e-04	3.427991e-05	-3.427991e-05	3.704572e-03	-4.667010e-03
172           	1.371196e-03	2.215197e-20	-9.624410e-04	2.406102e-05	4.185795e-03	3.427991e-05	7.096592e-04	6.615371e-04	3.427991e-05	-3.427991e-05	3.704575e-03	-4.667016e-03
173           	1.371196e-03	2.215198e-20	-9.624432e-04	2.406108e-05	4.185799e-03	3.427990e-05	7.096592e-04	6.615370e-04	3.427990e-05	-3.427990e-05	3.704577e-03	-4.667020e-03
174           	1.371196e-03	2.215200e-20	-9.624455e-04	2.406114e-05	4.185802e-03	3.427990e-05	7.096592e-04	6.615369e-04	3.427990e-05	-3.427990e-05	3.704580e-03	-4.667025e-03
175           	1.371196e-03	2.215202e-20	-9.624477e-04	2.406119e-05	4.185806e-03	3.427990e-05	7.096592e-04	6.615368e-04	3.427990e-05	-3.427990e-05	3.704582e-03	-4.667030e-03
176           	1.371196e-03	2.215204e-20	-9.624498e-04	2.406124e-05	4.185810e-03	3.427990e-05	7.096593e-04	6.615368e-04	3.427990e-05	-3.427990e-05	3.704585e-03	-4.667035e-03
177           	1.371196e-03	2.215205e-20	-9.624518e-04	2.406129e-05	4.185813e-03	3.427990e-05	7.096593e-04	6.615367e-04	3.427990e-05	-3.427990e-05	3.704587e-03	-4.667039e-03
178           	1.371196e-03	2.215207e-20	-9.624537e-04	2.406134e-05	4.185816e-03	3.427990e-05	7.096594e-04	6.615367e-04	3.427990e-05	-3.427990e-05	3.704590e-03	-4.667043e-03
179           	1.371196e-03	2.215208e-20	-9.624556e-04	2.406139e-05	4.185820e-03	3.427990e-05	7.096594e-04	6.615367e-04	3.427990e-05	-3.427990e-05	3.704592e-03	-4.667048e-03
180           	1.371196e-03	2.215209e-20	-9.624573e-04	2.406143e-05	4.185823e-03	3.427991e-05	7.096595e-04	6.615367e-04	3.427991e-05	-3.427991e-05	3.704594e-03	-4.667052e-03
181           	1.371196e-03	2.215209e-20	-9.624588e-04	2.406147e-05	4.185826e-03	3.427991e-05	7.096596e-04	6.615367e-04	3.427991e-05	-3.427991e-05	3.704596e-03	-4.667055e-03
182           	1.371196e-03	2.215210e-20	-9.624601e-04	2.406150e-05	4.185828e-03	3.427991e-05	7.096596e-04	6.615366e-04	3.427991e-05	-3.427991e-05	3.704598e-03	-4.667058e-03
183           	1.371196e-03	2.215211e-20	-9.624613e-04	2.406153e-05	4.185830e-03	3.427991e-05	7.096596e-04	6.615366e-04	3.427991e-05	-3.427991e-05	3.704599e-03	-4.667061e-03
184           	1.371196e-03	2.215213e-20	-9.624625e-04	2.406156e-05	4.185832e-03	3.427991e-05	7.096597e-04	6.615365e-04	3.427991e-05	-3.427991e-05	3.704601e-03	-4.667063e-03
185           	1.371196e-03	2.215215e-20	-9.624638e-04	2.406159e-05	4.185834e-03	3.427991e-05	7.096597e-04	6.615365e-04	3.427991e-05	-3.427991e-05	3.704602e-03	-4.667066e-03
186           	1.371196e-03	2.215216e-20	-9.624650e-04	2.406163e-05	4.185836e-03	3.427991e-05	7.096597e-04	6.615365e-04	3.427991e-05	-3.427991e-05	3.704604e-03	-4.667069e-03
187           	1.371196e-03	2.215218e-20	-9.624662e-04	2.406165e-05	4.185838e-03	3.427991e-05	7.096598e-04	6.615365e-04	3.427991e-05	-3.427991e-05	3.704605e-03	-4.667071e-03
188           	1.371196e-03	2.215220e-20	-9.624674e-04	2.406168e-05	4.185840e-03	3.427991e-05	7.096598e-04	6.615365e-04	3.427991e-05	-3.427991e-05	3.704607e-03	-4.667074e-03
189           	1.371196e-03	2.215222e-20	-9.624685e-04	2.406171e-05	4.185842e-03	3.427991e-05	7.096599e-04	6.615365e-04	3.427991e-05	-3.427991e-05	3.704608e-03	-4.667077e-03
190           	1.371196e-03	2.215223e-20	-9.624695e-04	2.406174e-05	4.185844e-03	3.427991e-05	7.096600e-04	6.615365e-04	3.427991e-05	-3.427991e-05	3.704610e-03	-4.667079e-03
191           	1.371196e-03	2.215225e-20	-9.624705e-04	2.406176e-05	4.185846e-03	3.427991e-05	7.096600e-04	6.615365e-04	3.427991e-05	-3.427991e-05	3.704611e-03	-4.667081e-03
192           	1.371196e-03	2.215227e-20	-9.624714e-04	2.406179e-05	4.185848e-03	3.427991e-05	7.096600e-04	6.615365e-04	3.427991e-05	-3.427991e-05	3.704612e-03	-4.667083e-03
193           	1.371196e-03	2.215229e-20	-9.624723e-04	2.406181e-05	4.185849e-03	3.427991e-05	7.096600e-04	6.615364e-04	3.427991e-05	-3.427991e-05	3.704613e-03	-4.667085e-03
194           	1.371196e-03	2.215231e-20	-9.624731e-04	2.406183e-05	4.185851e-03	3.427991e-05	7.096601e-04	6.615364e-04	3.427991e-05	-3.427991e-05	3.704614e-03	-4.667087e-03
195           	1.371197e-03	2.215233e-20	-9.624740e-04	2.406185e-05	4.185852e-03	3.427991e-05	7.096601e-04	6.615364e-04	3.427991e-05	-3.427991e-05	3.704615e-03	-4.667089e-03
196           	1.371197e-03	2.215235e-20	-9.624748e-04	2.406187e-05	4.185854e-03	3.427991e-05	7.096601e-04	6.615364e-04	3.427991e-05	-3.427991e-05	3.704616e-03	-4.667091e-03
197           	1.371197e-03	2.215237e-20	-9.624756e-04	2.406189e-05	4.185855e-03	3.427991e-05	7.096602e-04	6.615364e-04	3.427991e-05	-3.427991e-05	3.704617e-03	-4.667093e-03
198           	1.371197e-03	2.215239e-20	-9.624764e-04	2.406191e-05	4.185857e-03	3.427992e-05	7.096602e-04	6.615364e-04	3.427992e-05	-3.427992e-05	3.704618e-03	-4.667095e-03
199           	1.371197e-03	2.215241e-20	-9.624772e-04	2.406193e-05	4.185858e-03	3.427992e-05	7.096603e-04	6.615364e-04	3.427992e-05	-3.427992e-05	3.704619e-03	-4.667097e-03
200           	1.371197e-03	2.215242e-20	-9.624780e-04	2.406195e-05	4.185859e-03	3.427992e-05	7.096603e-04	6.615364e-04	3.427992e-05	-3.427992e-05	3.704620e-03	-4.667098e-03
201           	1.371197e-03	2.215243e-20	-9.624787e-04	2.406197e-05	4.185861e-03	3.427992e-05	7.096604e-04	6.615364e-04	3.427992e-05	-3.427992e-05	3.704622e-03	-4.667100e-03
202           	1.371197e-03	2.215244e-20	-9.624795e-04	2.406199e-05	4.185862e-03	3.427992e-05	7.096604e-04	6.615364e-04	3.427992e-05	-3.427992e-05	3.704623e-03	-4.667102e-03
203           	1.371197e-03	2.215245e-20	-9.624802e-04	2.406201e-05	4.185864e-03	3.427992e-05	7.096605e-04	6.615365e-04	3.427992e-05	-3.427992e-05	3.704624e-03	-4.667104e-03
204           	1.371197e-03	2.215245e-20	-9.624810e-04	2.406202e-05	4.185865e-03	3.427993e-05	7.096605e-04	6.615365e-04	3.427993e-05	-3.427993e-05	3.704625e-03	-4.667106e-03
205           	1.371197e-03	2.215246e-20	-9.624817e-04	2.406204e-05	4.185867e-03	3.427993e-05	7.096606e-04	6.615365e-04	3.427993e-05	-3.427993e-05	3.704626e-03	-4.667108e-03
206           	1.371197e-03	2.215247e-20	-9.624824e-04	2.406206e-05	4.185868e-03	3.427993e-05	7.096606e-04	6.615365e-04	3.427993e-05	-3.427993e-05	3.704627e-03	-4.667109e-03
207           	1.371197e-03	2.215248e-20	-9.624830e-04	2.406208e-05	4.185869e-03	3.427993e-05	7.096607e-04	6.615365e-04	3.427993e-05	-3.427993e-05	3.704628e-03	-4.667111e-03
208           	1.371197e-03	2.215250e-20	-9.624837e-04	2.406209e-05	4.185871e-03	3.427993e-05	7.096607e-04	6.615366e-04	3.427993e-05	-3.427993e-05	3.704629e-03	-4.667112e-03
209           	1.371197e-03	2.215251e-20	-9.624842e-04	2.406211e-05	4.185872e-03	3.427993e-05	7.096608e-04	6.615366e-04	3.427993e-05	-3.427993e-05	3.704630e-03	-4.667114e-03
210           	1.371197e-03	2.215252e-20	-9.624848e-04	2.406212e-05	4.185873e-03	3.427993e-05	7.096608e-04	6.615366e-04	3.427993e-05	-3.427993e-05	3.704630e-03	-4.667115e-03
211           	1.371197e-03	2.215253e-20	-9.624853e-04	2.406213e-05	4.185874e-03	3.427994e-05	7.096609e-04	6.615366e-04	3.427994e-05	-3.427994e-05	3.704631e-03	-4.667116e-03
212           	1.371197e-03	2.215254e-20	-9.624859e-04	2.406215e-05	4.185875e-03	3.427994e-05	7.096609e-04	6.615366e-04	3.427994e-05	-3.427994e-05	3.704632e-03	-4.667118e-03
213           	1.371198e-03	2.215255e-20	-9.624864e-04	2.406216e-05	4.185876e-03	3.427994e-05	7.096609e-04	6.615366e-04	3.427994e-05	-3.427994e-05	3.704633e-03	-4.667119e-03
214           	1.371198e-03	2.215256e-20	-9.624869e-04	2.406217e-05	4.185877e-03	3.427994e-05	7.096610e-04	6.615366e-04	3.427994e-05	-3.427994e-05	3.704633e-03	-4.667120e-03
215           	1.371198e-03	2.215257e-20	-9.624874e-04	2.406219e-05	4.185878e-03	3.427994e-05	7.096610e-04	6.615366e-04	3.427994e-05	-3.427994e-05	3.704634e-03	-4.667122e-03
216           	1.371198e-03	2.215257e-20	-9.624879e-04	2.406220e-05	4.185879e-03	3.427994e-05	7.096610e-04	6.615366e-04	3.427994e-05	-3.427994e-05	3.704635e-03	-4.667123e-03
217           	1.371198e-03	2.215257e-20	-9.624884e-04	2.406221e-05	4.185880e-03	3.427994e-05	7.096611e-04	6.615367e-04	3.427994e-05	-3.427994e-05	3.704636e-03	-4.667124e-03
218           	1.371198e-03	2.215258e-20	-9.624889e-04	2.406222e-05	4.185881e-03	3.427995e-05	7.096611e-04	6.615367e-04	3.427995e-05	-3.427995e-05	3.704636e-03	-4.667125e-03
219           	1.371198e-03	2.215258e-20	-9.624893e-04	2.406223e-05	4.185882e-03	3.427995e-05	7.096612e-04	6.615367e-04	3.427995e-05	-3.427995e-05	3.704637e-03	-4.667126e-03
220           	1.371198e-03	2.215258e-20	-9.624897e-04	2.406224e-05	4.185882e-03	3.427995e-05	7.096612e-04	6.615367e-04	3.427995e-05	-3.427995e-05	3.704638e-03	-4.667127e-03
221           	1.371198e-03	2.215259e-20	-9.624901e-04	2.406225e-05	4.185883e-03	3.427995e-05	7.096612e-04	6.615367e-04	3.427995e-05	-3.427995e-05	3.704638e-03	-4.667128e-03
222           	1.371198e-03	2.215259e-20	-9.624905e-04	2.406226e-05	4.185884e-03	3.427995e-05	7.096613e-04	6.615367e-04	3.427995e-05	-3.427995e-05	3.704639e-03	-4.667129e-03
223           	1.371198e-03	2.215260e-20	-9.624908e-04	2.406227e-05	4.185885e-03	3.427995e-05	7.096613e-04	6.615367e-04	3.427995e-05	-3.427995e-05	3.704639e-03	-4.667130e-03
224           	1.371198e-03	2.215260e-20	-9.624912e-04	2.406228e-05	4.185885e-03	3.427995e-05	7.096613e-04	6.615367e-04	3.427995e-05	-3.427995e-05	3.704640e-03	-4.667131e-03
225           	1.371198e-03	2.215261e-20	-9.624916e-04	2.406229e-05	4.185886e-03	3.427995e-05	7.096613e-04	6.615368e-04	3.427995e-05	-3.427995e-05	3.704640e-03	-4.667132e-03
226           	1.371198e-03	2.215261e-20	-9.624919e-04	2.406230e-05	4.185887e-03	3.427995e-05	7.096614e-04	6.615368e-04	3.427995e-05	-3.427995e-05	3.704641e-03	-4.667133e-03
227           	1.371198e-03	2.215262e-20	-9.624922e-04	2.406231e-05	4.185887e-03	3.427995e-05	7.096614e-04	6.615368e-04	3.427995e-05	-3.427995e-05	3.704641e-03	-4.667134e-03
228           	1.371198e-03	2.215262e-20	-9.624925e-04	2.406231e-05	4.185888e-03	3.427996e-05	7.096614e-04	6.615368e-04	3.427996e-05	-3.427996e-05	3.704642e-03	-4.667134e-03
229           	1.371198e-03	2.215263e-20	-9.624928e-04	2.406232e-05	4.185889e-03	3.427996e-05	7.096614e-04	6.615368e-04	3.427996e-05	-3.427996e-05	3.704642e-03	-4.667135e-03
230           	1.371198e-03	2.215263e-20	-9.624931e-04	2.406233e-05	4.185889e-03	3.427996e-05	7.096615e-04	6.615368e-04	3.427996e-05	-3.427996e-05	3.704643e-03	-4.667136e-03
231           	1.371198e-03	2.215263e-20	-9.624933e-04	2.406233e-05	4.185890e-03	3.427996e-05	7.096615e-04	6.615368e-04	3.427996e-05	-3.427996e-05	3.704643e-03	-4.667136e-03
232           	1.371198e-03	2.215263e-20	-9.624936e-04	2.406234e-05	4.185890e-03	3.427996e-05	7.096615e-04	6.615368e-04	3.427996e-05	-3.427996e-05	3.704643e-03	-4.667137e-03
233           	1.371198e-03	2.215263e-20	-9.624938e-04	2.406235e-05	4.185891e-03	3.427996e-05	7.096615e-04	6.615368e-04	3.427996e-05	-3.427996e-05	3.704644e-03	-4.667138e-03
234           	1.371198e-03	2.215263e-20	-9.624941e-04	2.406235e-05	4.185891e-03	3.427996e-05	7.096615e-04	6.615368e-04	3.427996e-05	-3.427996e-05	3.704644e-03	-4.667138e-03
235           	1.371198e-03	2.215263e-20	-9.624943e-04	2.406236e-05	4.185892e-03	3.427996e-05	7.096616e-04	6.615368e-04	3.427996e-05	-3.427996e-05	3.704644e-03	-4.667139e-03
236           	1.371198e-03	2.215263e-20	-9.624945e-04	2.406236e-05	4.185892e-03	3.427996e-05	7.096616e-04	6.615368e-04	3.427996e-05	-3.427996e-05	3.704645e-03	-4.667139e-03
237           	1.371198e-03	2.215263e-20	-9.624947e-04	2.406237e-05	4.185892e-03	3.427996e-05	7.096616e-04	6.615368e-04	3.427996e-05	-3.427996e-05	3.704645e-03	-4.667140e-03
238           	1.371198e-03	2.215263e-20	-9.624948e-04	2.406237e-05	4.185893e-03	3.427996e-05	7.096616e-04	6.615369e-04	3.427996e-05	-3.427996e-05	3.704645e-03	-4.667140e-03
239           	1.371198e-03	2.215264e-20	-9.624950e-04	2.406237e-05	4.185893e-03	3.427996e-05	7.096616e-04	6.615369e-04	3.427996e-05	-3.427996e-05	3.704645e-03	-4.667140e-03
240           	1.371198e-03	2.215264e-20	-9.624951e-04	2.406238e-05	4.185893e-03	3.427996e-05	7.096616e-04	6.615369e-04	3.427996e-05	-3.427996e-05	3.704646e-03	-4.667141e-03
241           	1.371198e-03	2.215264e-20	-9.624952e-04	2.406238e-05	4.185893e-03	3.427996e-05	7.096616e-04	6.615369e-04	3.427996e-05	-3.427996e-05	3.704646e-03	-4.667141e-03
242           	1.371198e-03	2.215265e-20	-9.624953e-04	2.406238e-05	4.185894e-03	3.427996e-05	7.096616e-04	6.615369e-04	3.427996e-05	-3.427996e-05	3.704646e-03	-4.667141e-03
243           	1.371198e-03	2.215265e-20	-9.624955e-04	2.406239e-05	4.185894e-03	3.427996e-05	7.096616e-04	6.615369e-04	3.427996e-05	-3.427996e-05	3.704646e-03	-4.667142e-03
244           	1.371198e-03	2.215265e-20	-9.624955e-04	2.406239e-05	4.185894e-03	3.427996e-05	7.096616e-04	6.615369e-04	3.427996e-05	-3.427996e-05	3.704646e-03	-4.667142e-03
245           	1.371198e-03	2.215265e-20	-9.624956e-04	2.406239e-05	4.185894e-03	3.427996e-05	7.096616e-04	6.615369e-04	3.427996e-05	-3.427996e-05	3.704646e-03	-4.667142e-03
246           	1.371198e-03	2.215265e-20	-9.624957e-04	2.406239e-05	4.185894e-03	3.427996e-05	7.096616e-04	6.615369e-04	3.427996e-05	-3.427996e-05	3.704646e-03	-4.667142e-03
247           	1.371198e-03	2.215265e-20	-9.624958e-04	2.406239e-05	4.185894e-03	3.427996e-05	7.096616e-04	6.615369e-04	3.427996e-05	-3.427996e-05	3.704647e-03	-4.667142e-03
248           	1.371198e-03	2.215265e-20	-9.624959e-04	2.406240e-05	4.185895e-03	3.427996e-05	7.096616e-04	6.615368e-04	3.427996e-05	-3.427996e-05	3.704647e-03	-4.667143e-03
249           	1.371198e-03	2.215265e-20	-9.624959e-04	2.406240e-05	4.185895e-03	3.427996e-05	7.096616e-04	6.615368e-04	3.427996e-05	-3.427996e-05	3.704647e-03	-4.667143e-03
250           	1.371198e-03	2.215265e-20	-9.624960e-04	2.406240e-05	4.185895e-03	3.427996e-05	7.096616e-04	6.615368e-04	3.427996e-05	-3.427996e-05	3.704647e-03	-4.667143e-03
251           	1.371198e-03	2.215265e-20	-9.624960e-04	2.406240e-05	4.185895e-03	3.427996e-05	7.096616e-04	6.615368e-04	3.427996e-05	-3.427996e-05	3.704647e-03	-4.667143e-03
252           	1.371198e-03	2.215265e-20	-9.624961e-04	2.406240e-05	4.185895e-03	3.427996e-05	7.096616e-04	6.615368e-04	3.427996e-05	-3.427996e-05	3.704647e-03	-4.667143e-03
253           	1.371198e-03	2.215265e-20	-9.624961e-04	2.406240e-05	4.185895e-03	3.427996e-05	7.096616e-04	6.615368e-04	3.427996e-05	-3.427996e-05	3.704647e-03	-4.667143e-03
254           	1.371198e-03	2.215265e-20	-9.624961e-04	2.406240e-05	4.185895e-03	3.427996e-05	7.096616e-04	6.615368e-04	3.427996e-05	-3.427996e-05	3.704647e-03	-4.667143e-03
255           	1.371198e-03	2.215266e-20	-9.624962e-04	2.406240e-05	4.185895e-03	3.427996e-05	7.096616e-04	6.615368e-04	3.427996e-05	-3.427996e-05	3.704647e-03	-4.667143e-03
256           	1.371198e-03	2.215266e-20	-9.624962e-04	2.406240e-05	4.185895e-03	3.427996e-05	7.096616e-04	6.615368e-04	3.427996e-05	-3.427996e-05	3.704647e-03	-4.667143e-03
257           	1.371198e-03	2.215266e-20	-9.624962e-04	2.406240e-05	4.185895e-03	3.427996e-05	7.096616e-04	6.615368e-04	3.427996e-05	-3.427996e-05	3.704647e-03	-4.667143e-03
258           	1.371198e-03	2.215266e-20	-9.624962e-04	2.406240e-05	4.185895e-03	3.427996e-05	7.096616e-04	6.615368e-04	3.427996e-05	-3.427996e-05	3.704647e-03	-4.667143e-03
259           	1.371198e-03	2.215266e-20	-9.624962e-04	2.406240e-05	4.185895e-03	3.427996e-05	7.096616e-04	6.615368e-04	3.427996e-05	-3.427996e-05	3.704647e-03	-4.667143e-03
260           	1.371198e-03	2.215266e-20	-9.624962e-04	2.406240e-05	4.185895e-03	3.427996e-05	7.096616e-04	6.615368e-04	3.427996e-05	-3.427996e-05	3.704647e-03	-4.667143e-03
