# Force coefficients
# dragDir     : (1.000000e+00 0.000000e+00 0.000000e+00)
# sideDir     : (0.000000e+00 0.000000e+00 -1.000000e+00)
# liftDir     : (0.000000e+00 1.000000e+00 0.000000e+00)
# rollAxis    : (1.000000e+00 0.000000e+00 0.000000e+00)
# pitchAxis   : (0.000000e+00 0.000000e+00 -1.000000e+00)
# yawAxis     : (0.000000e+00 1.000000e+00 0.000000e+00)
# magUInf     : 2.000000e-02
# lRef        : 1.000000e-01
# Aref        : 1.000000e-01
# CofR        : (0.000000e+00 0.000000e+00 0.000000e+00)
#
# Time        	Cd            	Cs            	Cl            	CmRoll        	CmPitch       	CmYaw         	Cd(f)         	Cd(r)         	Cs(f)         	Cs(r)         	Cl(f)         	Cl(r)         
1             	2.163849e-03	1.751225e-19	-6.590297e-04	1.647574e-05	5.996477e-03	5.409622e-05	1.098400e-03	1.065449e-03	5.409622e-05	-5.409622e-05	5.666962e-03	-6.325992e-03
2             	5.109545e-03	8.372817e-20	-2.147737e-03	5.369342e-05	1.524099e-02	1.277386e-04	2.608466e-03	2.501079e-03	1.277386e-04	-1.277386e-04	1.416712e-02	-1.631486e-02
3             	4.531125e-03	-4.000431e-20	-2.425608e-03	6.064020e-05	1.435577e-02	1.132781e-04	2.326203e-03	2.204922e-03	1.132781e-04	-1.132781e-04	1.314297e-02	-1.556858e-02
4             	3.378263e-03	-4.055823e-20	-2.299366e-03	5.748415e-05	1.148054e-02	8.445657e-05	1.746616e-03	1.631647e-03	8.445657e-05	-8.445657e-05	1.033086e-02	-1.263023e-02
5             	2.932988e-03	-1.811437e-20	-2.646804e-03	6.617009e-05	1.115081e-02	7.332469e-05	1.532664e-03	1.400324e-03	7.332469e-05	-7.332469e-05	9.827406e-03	-1.247421e-02
6             	2.918277e-03	-2.977838e-21	-2.937008e-03	7.342520e-05	1.167502e-02	7.295691e-05	1.532563e-03	1.385713e-03	7.295691e-05	-7.295691e-05	1.020652e-02	-1.314352e-02
7             	3.083780e-03	9.124023e-21	-2.991511e-03	7.478778e-05	1.213743e-02	7.709450e-05	1.616678e-03	1.467102e-03	7.709450e-05	-7.709450e-05	1.064168e-02	-1.363319e-02
8             	3.271938e-03	1.148829e-20	-2.809658e-03	7.024145e-05	1.220286e-02	8.179845e-05	1.706210e-03	1.565728e-03	8.179845e-05	-8.179845e-05	1.079803e-02	-1.360769e-02
9             	3.357934e-03	9.763984e-21	-2.470927e-03	6.177317e-05	1.175287e-02	8.394836e-05	1.740740e-03	1.617194e-03	8.394836e-05	-8.394836e-05	1.051741e-02	-1.298833e-02
10            	3.333068e-03	8.650859e-21	-2.098847e-03	5.247118e-05	1.100420e-02	8.332669e-05	1.719005e-03	1.614063e-03	8.332669e-05	-8.332669e-05	9.954774e-03	-1.205362e-02
11            	3.264399e-03	7.194644e-21	-1.706758e-03	4.266895e-05	1.012555e-02	8.160998e-05	1.674869e-03	1.589531e-03	8.160998e-05	-8.160998e-05	9.272175e-03	-1.097893e-02
12            	3.187864e-03	8.092733e-21	-1.419324e-03	3.548310e-05	9.430890e-03	7.969661e-05	1.629415e-03	1.558449e-03	7.969661e-05	-7.969661e-05	8.721228e-03	-1.014055e-02
13            	3.109156e-03	7.871085e-21	-1.182431e-03	2.956077e-05	8.826064e-03	7.772889e-05	1.584139e-03	1.525017e-03	7.772889e-05	-7.772889e-05	8.234849e-03	-9.417280e-03
14            	3.042379e-03	7.834853e-21	-1.026381e-03	2.565952e-05	8.397974e-03	7.605947e-05	1.546849e-03	1.495530e-03	7.605947e-05	-7.605947e-05	7.884784e-03	-8.911165e-03
15            	2.992819e-03	7.919210e-21	-9.383133e-04	2.345783e-05	8.134539e-03	7.482047e-05	1.519867e-03	1.472952e-03	7.482047e-05	-7.482047e-05	7.665382e-03	-8.603696e-03
16            	2.957667e-03	8.094227e-21	-9.001511e-04	2.250378e-05	7.995493e-03	7.394169e-05	1.501338e-03	1.456330e-03	7.394169e-05	-7.394169e-05	7.545417e-03	-8.445568e-03
17            	2.936132e-03	8.214628e-21	-9.051198e-04	2.262799e-05	7.967853e-03	7.340331e-05	1.490694e-03	1.445438e-03	7.340331e-05	-7.340331e-05	7.515293e-03	-8.420413e-03
18            	2.932767e-03	8.353857e-21	-9.399712e-04	2.349928e-05	8.036608e-03	7.331919e-05	1.489883e-03	1.442884e-03	7.331919e-05	-7.331919e-05	7.566622e-03	-8.506594e-03
19            	2.947083e-03	8.717425e-21	-9.856469e-04	2.464117e-05	8.163650e-03	7.367706e-05	1.498182e-03	1.448900e-03	7.367706e-05	-7.367706e-05	7.670827e-03	-8.656474e-03
20            	2.968142e-03	8.641444e-21	-1.017686e-03	2.544216e-05	8.277346e-03	7.420355e-05	1.509513e-03	1.458629e-03	7.420355e-05	-7.420355e-05	7.768503e-03	-8.786190e-03
21            	2.989252e-03	8.818047e-21	-1.030924e-03	2.577310e-05	8.353012e-03	7.473130e-05	1.520399e-03	1.468853e-03	7.473130e-05	-7.473130e-05	7.837550e-03	-8.868474e-03
22            	3.004764e-03	8.693905e-21	-1.024017e-03	2.560043e-05	8.375696e-03	7.511909e-05	1.527982e-03	1.476781e-03	7.511909e-05	-7.511909e-05	7.863687e-03	-8.887704e-03
23            	3.010816e-03	8.646912e-21	-1.002067e-03	2.505168e-05	8.346855e-03	7.527041e-05	1.530460e-03	1.480356e-03	7.527041e-05	-7.527041e-05	7.845821e-03	-8.847888e-03
24            	3.007735e-03	8.572012e-21	-9.745293e-04	2.436323e-05	8.285896e-03	7.519336e-05	1.528231e-03	1.479504e-03	7.519336e-05	-7.519336e-05	7.798632e-03	-8.773161e-03
25            	2.995480e-03	8.489259e-21	-9.500047e-04	2.375012e-05	8.209738e-03	7.488701e-05	1.521490e-03	1.473990e-03	7.488701e-05	-7.488701e-05	7.734735e-03	-8.684740e-03
26            	2.978867e-03	8.415940e-21	-9.402980e-04	2.350745e-05	8.152756e-03	7.447168e-05	1.512941e-03	1.465926e-03	7.447168e-05	-7.447168e-05	7.682607e-03	-8.622905e-03
27            	2.963774e-03	8.350742e-21	-9.496367e-04	2.374092e-05	8.136655e-03	7.409435e-05	1.505628e-03	1.458146e-03	7.409435e-05	-7.409435e-05	7.661837e-03	-8.611473e-03
28            	2.952390e-03	8.291994e-21	-9.764988e-04	2.441247e-05	8.163070e-03	7.380974e-05	1.500607e-03	1.451782e-03	7.380974e-05	-7.380974e-05	7.674821e-03	-8.651320e-03
29            	2.947033e-03	8.258997e-21	-1.016676e-03	2.541690e-05	8.228854e-03	7.367583e-05	1.498934e-03	1.448100e-03	7.367583e-05	-7.367583e-05	7.720516e-03	-8.737192e-03
30            	2.950881e-03	8.321474e-21	-1.062795e-03	2.656988e-05	8.326943e-03	7.377204e-05	1.502011e-03	1.448871e-03	7.377204e-05	-7.377204e-05	7.795545e-03	-8.858340e-03
31            	2.960168e-03	8.337687e-21	-1.098201e-03	2.745502e-05	8.416468e-03	7.400419e-05	1.507539e-03	1.452629e-03	7.400419e-05	-7.400419e-05	7.867368e-03	-8.965569e-03
32            	2.969967e-03	8.343726e-21	-1.117748e-03	2.794370e-05	8.476140e-03	7.424918e-05	1.512927e-03	1.457040e-03	7.424918e-05	-7.424918e-05	7.917266e-03	-9.035014e-03
33            	2.977906e-03	8.336962e-21	-1.120045e-03	2.800113e-05	8.497862e-03	7.444764e-05	1.516954e-03	1.460952e-03	7.444764e-05	-7.444764e-05	7.937839e-03	-9.057885e-03
34            	2.981594e-03	8.289569e-21	-1.105695e-03	2.764238e-05	8.477419e-03	7.453986e-05	1.518440e-03	1.463155e-03	7.453986e-05	-7.453986e-05	7.924571e-03	-9.030266e-03
35            	2.977915e-03	8.249632e-21	-1.078573e-03	2.696433e-05	8.415246e-03	7.444788e-05	1.515922e-03	1.461993e-03	7.444788e-05	-7.444788e-05	7.875960e-03	-8.954533e-03
36            	2.967076e-03	8.208026e-21	-1.050873e-03	2.627182e-05	8.335841e-03	7.417690e-05	1.509810e-03	1.457266e-03	7.417690e-05	-7.417690e-05	7.810404e-03	-8.861277e-03
37            	2.954149e-03	8.171619e-21	-1.033987e-03	2.584967e-05	8.273176e-03	7.385372e-05	1.502924e-03	1.451225e-03	7.385372e-05	-7.385372e-05	7.756182e-03	-8.790169e-03
38            	2.942870e-03	8.136789e-21	-1.031669e-03	2.579172e-05	8.243011e-03	7.357175e-05	1.497227e-03	1.445643e-03	7.357175e-05	-7.357175e-05	7.727176e-03	-8.758845e-03
39            	2.934214e-03	8.101353e-21	-1.043933e-03	2.609832e-05	8.247361e-03	7.335535e-05	1.493205e-03	1.441009e-03	7.335535e-05	-7.335535e-05	7.725395e-03	-8.769327e-03
40            	2.930960e-03	8.088585e-21	-1.067940e-03	2.669851e-05	8.286934e-03	7.327400e-05	1.492179e-03	1.438782e-03	7.327400e-05	-7.327400e-05	7.752964e-03	-8.820904e-03
41            	2.933575e-03	8.133221e-21	-1.097175e-03	2.742936e-05	8.349812e-03	7.333938e-05	1.494217e-03	1.439358e-03	7.333938e-05	-7.333938e-05	7.801225e-03	-8.898399e-03
42            	2.940909e-03	8.138655e-21	-1.120571e-03	2.801427e-05	8.412036e-03	7.352273e-05	1.498469e-03	1.442440e-03	7.352273e-05	-7.352273e-05	7.851751e-03	-8.972322e-03
43            	2.947962e-03	8.135496e-21	-1.132131e-03	2.830328e-05	8.450346e-03	7.369906e-05	1.502285e-03	1.445678e-03	7.369906e-05	-7.369906e-05	7.884280e-03	-9.016412e-03
44            	2.954009e-03	8.124542e-21	-1.132878e-03	2.832195e-05	8.465208e-03	7.385024e-05	1.505327e-03	1.448683e-03	7.385024e-05	-7.385024e-05	7.898769e-03	-9.031647e-03
45            	2.956765e-03	8.109546e-21	-1.120986e-03	2.802466e-05	8.447748e-03	7.391912e-05	1.506407e-03	1.450358e-03	7.391912e-05	-7.391912e-05	7.887254e-03	-9.008241e-03
46            	2.954270e-03	8.087942e-21	-1.100367e-03	2.750917e-05	8.401253e-03	7.385674e-05	1.504644e-03	1.449626e-03	7.385674e-05	-7.385674e-05	7.851069e-03	-8.951436e-03
47            	2.946793e-03	8.056994e-21	-1.080055e-03	2.700138e-05	8.344116e-03	7.366981e-05	1.500398e-03	1.446395e-03	7.366981e-05	-7.366981e-05	7.804089e-03	-8.884144e-03
48            	2.938153e-03	8.016888e-21	-1.067772e-03	2.669430e-05	8.300217e-03	7.345384e-05	1.495771e-03	1.442382e-03	7.345384e-05	-7.345384e-05	7.766331e-03	-8.834103e-03
49            	2.930663e-03	7.991558e-21	-1.065922e-03	2.664805e-05	8.279475e-03	7.326657e-05	1.491979e-03	1.438683e-03	7.326657e-05	-7.326657e-05	7.746514e-03	-8.812436e-03
50            	2.925466e-03	7.983883e-21	-1.074104e-03	2.685260e-05	8.283584e-03	7.313665e-05	1.489586e-03	1.435880e-03	7.313665e-05	-7.313665e-05	7.746532e-03	-8.820636e-03
51            	2.923273e-03	7.975709e-21	-1.090932e-03	2.727331e-05	8.311349e-03	7.308183e-05	1.488910e-03	1.434363e-03	7.308183e-05	-7.308183e-05	7.765883e-03	-8.856815e-03
52            	2.926195e-03	7.981368e-21	-1.112018e-03	2.780044e-05	8.359087e-03	7.315489e-05	1.490898e-03	1.435297e-03	7.315489e-05	-7.315489e-05	7.803078e-03	-8.915096e-03
53            	2.931826e-03	7.990037e-21	-1.128328e-03	2.820820e-05	8.403598e-03	7.329566e-05	1.494121e-03	1.437705e-03	7.329566e-05	-7.329566e-05	7.839434e-03	-8.967761e-03
54            	2.937613e-03	7.995790e-21	-1.136459e-03	2.841148e-05	8.432403e-03	7.344033e-05	1.497218e-03	1.440395e-03	7.344033e-05	-7.344033e-05	7.864173e-03	-9.000632e-03
55            	2.942274e-03	8.000188e-21	-1.135461e-03	2.838653e-05	8.440710e-03	7.355685e-05	1.499524e-03	1.442751e-03	7.355685e-05	-7.355685e-05	7.872980e-03	-9.008441e-03
56            	2.944700e-03	8.001623e-21	-1.125964e-03	2.814909e-05	8.427343e-03	7.361751e-05	1.500499e-03	1.444201e-03	7.361751e-05	-7.361751e-05	7.864361e-03	-8.990325e-03
57            	2.943308e-03	7.995296e-21	-1.110234e-03	2.775584e-05	8.393129e-03	7.358270e-05	1.499410e-03	1.443898e-03	7.358270e-05	-7.358270e-05	7.838012e-03	-8.948246e-03
58            	2.938402e-03	7.982527e-21	-1.095206e-03	2.738016e-05	8.352370e-03	7.346004e-05	1.496581e-03	1.441821e-03	7.346004e-05	-7.346004e-05	7.804767e-03	-8.899973e-03
59            	2.932652e-03	7.973341e-21	-1.085955e-03	2.714887e-05	8.321108e-03	7.331629e-05	1.493475e-03	1.439177e-03	7.331629e-05	-7.331629e-05	7.778131e-03	-8.864086e-03
60            	2.927725e-03	7.965460e-21	-1.084074e-03	2.710186e-05	8.306237e-03	7.319312e-05	1.490964e-03	1.436761e-03	7.319312e-05	-7.319312e-05	7.764200e-03	-8.848274e-03
61            	2.924397e-03	7.959453e-21	-1.089328e-03	2.723320e-05	8.308983e-03	7.310993e-05	1.489432e-03	1.434965e-03	7.310993e-05	-7.310993e-05	7.764319e-03	-8.853647e-03
62            	2.923170e-03	7.958949e-21	-1.100728e-03	2.751820e-05	8.328476e-03	7.307925e-05	1.489103e-03	1.434067e-03	7.307925e-05	-7.307925e-05	7.778112e-03	-8.878840e-03
63            	2.925685e-03	7.966727e-21	-1.115494e-03	2.788734e-05	8.363066e-03	7.314211e-05	1.490730e-03	1.434955e-03	7.314211e-05	-7.314211e-05	7.805320e-03	-8.920813e-03
64            	2.930163e-03	7.975631e-21	-1.126669e-03	2.816674e-05	8.395067e-03	7.325407e-05	1.493248e-03	1.436915e-03	7.325407e-05	-7.325407e-05	7.831732e-03	-8.958401e-03
65            	2.934695e-03	7.981611e-21	-1.131785e-03	2.829461e-05	8.415318e-03	7.336737e-05	1.495642e-03	1.439053e-03	7.336737e-05	-7.336737e-05	7.849426e-03	-8.981210e-03
66            	2.938224e-03	7.987185e-21	-1.130081e-03	2.825202e-05	8.419848e-03	7.345560e-05	1.497364e-03	1.440860e-03	7.345560e-05	-7.345560e-05	7.854808e-03	-8.984889e-03
67            	2.940052e-03	7.991225e-21	-1.122334e-03	2.805835e-05	8.408715e-03	7.350130e-05	1.498084e-03	1.441968e-03	7.350130e-05	-7.350130e-05	7.847548e-03	-8.969883e-03
68            	2.939163e-03	7.988557e-21	-1.110282e-03	2.775705e-05	8.383021e-03	7.347909e-05	1.497339e-03	1.441825e-03	7.347909e-05	-7.347909e-05	7.827880e-03	-8.938162e-03
69            	2.935707e-03	7.980311e-21	-1.098904e-03	2.747260e-05	8.352857e-03	7.339267e-05	1.495326e-03	1.440381e-03	7.339267e-05	-7.339267e-05	7.803405e-03	-8.902309e-03
70            	2.931621e-03	7.974711e-21	-1.091770e-03	2.729424e-05	8.329641e-03	7.329052e-05	1.493105e-03	1.438516e-03	7.329052e-05	-7.329052e-05	7.783756e-03	-8.875526e-03
71            	2.928132e-03	7.970783e-21	-1.090047e-03	2.725117e-05	8.318427e-03	7.320329e-05	1.491317e-03	1.436815e-03	7.320329e-05	-7.320329e-05	7.773403e-03	-8.863450e-03
72            	2.925807e-03	7.968323e-21	-1.093496e-03	2.733739e-05	8.319998e-03	7.314518e-05	1.490241e-03	1.435566e-03	7.314518e-05	-7.314518e-05	7.773250e-03	-8.866746e-03
73            	2.925255e-03	7.970705e-21	-1.101378e-03	2.753446e-05	8.334256e-03	7.313139e-05	1.490162e-03	1.435093e-03	7.313139e-05	-7.313139e-05	7.783567e-03	-8.884945e-03
74            	2.926841e-03	7.976090e-21	-1.111569e-03	2.778923e-05	8.357840e-03	7.317103e-05	1.491210e-03	1.435631e-03	7.317103e-05	-7.317103e-05	7.802055e-03	-8.913624e-03
75            	2.930248e-03	7.984241e-21	-1.119569e-03	2.798923e-05	8.381278e-03	7.325619e-05	1.493113e-03	1.437135e-03	7.325619e-05	-7.325619e-05	7.821493e-03	-8.941062e-03
76            	2.933625e-03	7.989383e-21	-1.122956e-03	2.807391e-05	8.395572e-03	7.334062e-05	1.494886e-03	1.438739e-03	7.334062e-05	-7.334062e-05	7.834094e-03	-8.957051e-03
77            	2.936285e-03	7.994760e-21	-1.121609e-03	2.804023e-05	8.398928e-03	7.340713e-05	1.496183e-03	1.440102e-03	7.340713e-05	-7.340713e-05	7.838123e-03	-8.959733e-03
78            	2.937571e-03	7.998754e-21	-1.115784e-03	2.789459e-05	8.390396e-03	7.343926e-05	1.496680e-03	1.440891e-03	7.343926e-05	-7.343926e-05	7.832504e-03	-8.948288e-03
79            	2.936985e-03	7.998464e-21	-1.107043e-03	2.767607e-05	8.371949e-03	7.342463e-05	1.496169e-03	1.440816e-03	7.342463e-05	-7.342463e-05	7.818428e-03	-8.925471e-03
80            	2.934618e-03	7.993841e-21	-1.098723e-03	2.746807e-05	8.350297e-03	7.336544e-05	1.494777e-03	1.439841e-03	7.336544e-05	-7.336544e-05	7.800936e-03	-8.899659e-03
81            	2.931727e-03	7.990809e-21	-1.093326e-03	2.733316e-05	8.333218e-03	7.329318e-05	1.493197e-03	1.438530e-03	7.329318e-05	-7.329318e-05	7.786555e-03	-8.879881e-03
82            	2.929226e-03	7.988838e-21	-1.091787e-03	2.729468e-05	8.324610e-03	7.323065e-05	1.491908e-03	1.437318e-03	7.323065e-05	-7.323065e-05	7.778717e-03	-8.870504e-03
83            	2.927524e-03	7.987651e-21	-1.093981e-03	2.734953e-05	8.325132e-03	7.318810e-05	1.491112e-03	1.436413e-03	7.318810e-05	-7.318810e-05	7.778141e-03	-8.872123e-03
84            	2.927122e-03	7.989760e-21	-1.099442e-03	2.748605e-05	8.334993e-03	7.317805e-05	1.491047e-03	1.436075e-03	7.317805e-05	-7.317805e-05	7.785272e-03	-8.884714e-03
85            	2.928196e-03	7.994040e-21	-1.106610e-03	2.766526e-05	8.351504e-03	7.320490e-05	1.491763e-03	1.436433e-03	7.320490e-05	-7.320490e-05	7.798199e-03	-8.904809e-03
86            	2.930683e-03	8.000052e-21	-1.112328e-03	2.780820e-05	8.368386e-03	7.326707e-05	1.493150e-03	1.437533e-03	7.326707e-05	-7.326707e-05	7.812222e-03	-8.924550e-03
87            	2.933066e-03	8.003943e-21	-1.114965e-03	2.787412e-05	8.378966e-03	7.332664e-05	1.494407e-03	1.438659e-03	7.332664e-05	-7.332664e-05	7.821484e-03	-8.936449e-03
88            	2.934954e-03	8.008316e-21	-1.114298e-03	2.785746e-05	8.381925e-03	7.337385e-05	1.495334e-03	1.439620e-03	7.337385e-05	-7.337385e-05	7.824776e-03	-8.939074e-03
89            	2.935994e-03	8.010925e-21	-1.110540e-03	2.776349e-05	8.376906e-03	7.339985e-05	1.495760e-03	1.440233e-03	7.339985e-05	-7.339985e-05	7.821636e-03	-8.932176e-03
90            	2.935775e-03	8.011002e-21	-1.104531e-03	2.761328e-05	8.364646e-03	7.339437e-05	1.495501e-03	1.440274e-03	7.339437e-05	-7.339437e-05	7.812381e-03	-8.916912e-03
91            	2.934239e-03	8.007733e-21	-1.098481e-03	2.746202e-05	8.349327e-03	7.335598e-05	1.494582e-03	1.439658e-03	7.335598e-05	-7.335598e-05	7.800086e-03	-8.898567e-03
92            	2.932197e-03	8.005182e-21	-1.094360e-03	2.735899e-05	8.336656e-03	7.330493e-05	1.493458e-03	1.438740e-03	7.330493e-05	-7.330493e-05	7.789476e-03	-8.883836e-03
93            	2.930384e-03	8.003554e-21	-1.092981e-03	2.732453e-05	8.329900e-03	7.325959e-05	1.492516e-03	1.437867e-03	7.325959e-05	-7.325959e-05	7.783409e-03	-8.876390e-03
94            	2.929092e-03	8.002303e-21	-1.094291e-03	2.735728e-05	8.329598e-03	7.322730e-05	1.491903e-03	1.437189e-03	7.322730e-05	-7.322730e-05	7.782452e-03	-8.876743e-03
95            	2.928723e-03	8.003514e-21	-1.098013e-03	2.745034e-05	8.336113e-03	7.321808e-05	1.491812e-03	1.436911e-03	7.321808e-05	-7.321808e-05	7.787107e-03	-8.885120e-03
96            	2.929432e-03	8.006264e-21	-1.102973e-03	2.757433e-05	8.347476e-03	7.323581e-05	1.492291e-03	1.437142e-03	7.323581e-05	-7.323581e-05	7.795990e-03	-8.898963e-03
97            	2.931035e-03	8.010296e-21	-1.107046e-03	2.767615e-05	8.359121e-03	7.327587e-05	1.493194e-03	1.437841e-03	7.327587e-05	-7.327587e-05	7.805598e-03	-8.912644e-03
98            	2.932671e-03	8.013040e-21	-1.109161e-03	2.772904e-05	8.366991e-03	7.331679e-05	1.494065e-03	1.438607e-03	7.331679e-05	-7.331679e-05	7.812410e-03	-8.921571e-03
99            	2.934059e-03	8.015911e-21	-1.109003e-03	2.772507e-05	8.369820e-03	7.335147e-05	1.494754e-03	1.439304e-03	7.335147e-05	-7.335147e-05	7.815319e-03	-8.924322e-03
100           	2.934893e-03	8.017608e-21	-1.106613e-03	2.766533e-05	8.367022e-03	7.337233e-05	1.495112e-03	1.439781e-03	7.337233e-05	-7.337233e-05	7.813716e-03	-8.920329e-03
101           	2.934848e-03	8.017489e-21	-1.102493e-03	2.756232e-05	8.358848e-03	7.337119e-05	1.494986e-03	1.439862e-03	7.337119e-05	-7.337119e-05	7.807602e-03	-8.910095e-03
102           	2.933849e-03	8.015208e-21	-1.098160e-03	2.745400e-05	8.348099e-03	7.334621e-05	1.494378e-03	1.439470e-03	7.334621e-05	-7.334621e-05	7.799019e-03	-8.897179e-03
103           	2.932425e-03	8.013192e-21	-1.095118e-03	2.737796e-05	8.338929e-03	7.331062e-05	1.493590e-03	1.438834e-03	7.331062e-05	-7.331062e-05	7.791370e-03	-8.886489e-03
104           	2.931119e-03	8.011752e-21	-1.093921e-03	2.734802e-05	8.333649e-03	7.327798e-05	1.492908e-03	1.438212e-03	7.327798e-05	-7.327798e-05	7.786688e-03	-8.880609e-03
105           	2.930147e-03	8.010683e-21	-1.094695e-03	2.736736e-05	8.333005e-03	7.325367e-05	1.492441e-03	1.437706e-03	7.325367e-05	-7.325367e-05	7.785657e-03	-8.880352e-03
106           	2.929816e-03	8.011019e-21	-1.097154e-03	2.742885e-05	8.337115e-03	7.324540e-05	1.492337e-03	1.437479e-03	7.324540e-05	-7.324540e-05	7.788538e-03	-8.885692e-03
107           	2.930219e-03	8.012811e-21	-1.100553e-03	2.751381e-05	8.344715e-03	7.325548e-05	1.492623e-03	1.437596e-03	7.325548e-05	-7.325548e-05	7.794439e-03	-8.894991e-03
108           	2.931249e-03	8.015534e-21	-1.103586e-03	2.758965e-05	8.353010e-03	7.328121e-05	1.493214e-03	1.438035e-03	7.328121e-05	-7.328121e-05	7.801217e-03	-8.904803e-03
109           	2.932381e-03	8.017470e-21	-1.105337e-03	2.763344e-05	8.359008e-03	7.330951e-05	1.493824e-03	1.438557e-03	7.330951e-05	-7.330951e-05	7.806339e-03	-8.911676e-03
110           	2.933398e-03	8.019405e-21	-1.105693e-03	2.764231e-05	8.362014e-03	7.333495e-05	1.494341e-03	1.439057e-03	7.333495e-05	-7.333495e-05	7.809168e-03	-8.914861e-03
111           	2.934046e-03	8.020644e-21	-1.104375e-03	2.760938e-05	8.360893e-03	7.335115e-05	1.494632e-03	1.439414e-03	7.335115e-05	-7.335115e-05	7.808706e-03	-8.913081e-03
112           	2.934130e-03	8.020931e-21	-1.101790e-03	2.754475e-05	8.356014e-03	7.335324e-05	1.494610e-03	1.439520e-03	7.335324e-05	-7.335324e-05	7.805119e-03	-8.906909e-03
113           	2.933575e-03	8.019590e-21	-1.098749e-03	2.746872e-05	8.348801e-03	7.333937e-05	1.494256e-03	1.439319e-03	7.333937e-05	-7.333937e-05	7.799427e-03	-8.898176e-03
114           	2.932599e-03	8.017898e-21	-1.096364e-03	2.740910e-05	8.341925e-03	7.331497e-05	1.493709e-03	1.438890e-03	7.331497e-05	-7.331497e-05	7.793743e-03	-8.890107e-03
115           	2.931667e-03	8.016812e-21	-1.095229e-03	2.738072e-05	8.337611e-03	7.329167e-05	1.493214e-03	1.438453e-03	7.329167e-05	-7.329167e-05	7.789997e-03	-8.885225e-03
116           	2.930919e-03	8.015819e-21	-1.095435e-03	2.738589e-05	8.336344e-03	7.327299e-05	1.492846e-03	1.438074e-03	7.327299e-05	-7.327299e-05	7.788627e-03	-8.884062e-03
117           	2.930553e-03	8.015562e-21	-1.096921e-03	2.742302e-05	8.338446e-03	7.326382e-05	1.492699e-03	1.437853e-03	7.326382e-05	-7.326382e-05	7.789986e-03	-8.886907e-03
118           	2.930750e-03	8.016617e-21	-1.099238e-03	2.748094e-05	8.343454e-03	7.326875e-05	1.492856e-03	1.437894e-03	7.326875e-05	-7.326875e-05	7.793835e-03	-8.893072e-03
119           	2.931388e-03	8.018202e-21	-1.101464e-03	2.753660e-05	8.349270e-03	7.328470e-05	1.493231e-03	1.438157e-03	7.328470e-05	-7.328470e-05	7.798538e-03	-8.900002e-03
120           	2.932169e-03	8.019568e-21	-1.102923e-03	2.757308e-05	8.353899e-03	7.330422e-05	1.493657e-03	1.438511e-03	7.330422e-05	-7.330422e-05	7.802437e-03	-8.905361e-03
121           	2.932903e-03	8.020744e-21	-1.103406e-03	2.758516e-05	8.356511e-03	7.332256e-05	1.494036e-03	1.438866e-03	7.332256e-05	-7.332256e-05	7.804808e-03	-8.908214e-03
122           	2.933415e-03	8.021587e-21	-1.102730e-03	2.756825e-05	8.356336e-03	7.333536e-05	1.494276e-03	1.439139e-03	7.333536e-05	-7.333536e-05	7.804971e-03	-8.907701e-03
123           	2.933574e-03	8.021790e-21	-1.101117e-03	2.752794e-05	8.353531e-03	7.333935e-05	1.494315e-03	1.439259e-03	7.333935e-05	-7.333935e-05	7.802972e-03	-8.904089e-03
124           	2.933275e-03	8.020906e-21	-1.099022e-03	2.747556e-05	8.348745e-03	7.333187e-05	1.494113e-03	1.439162e-03	7.333187e-05	-7.333187e-05	7.799233e-03	-8.898256e-03
125           	2.932627e-03	8.019555e-21	-1.097264e-03	2.743159e-05	8.343832e-03	7.331568e-05	1.493745e-03	1.438882e-03	7.331568e-05	-7.331568e-05	7.795200e-03	-8.892463e-03
126           	2.931962e-03	8.018697e-21	-1.096335e-03	2.740839e-05	8.340518e-03	7.329905e-05	1.493389e-03	1.438573e-03	7.329905e-05	-7.329905e-05	7.792350e-03	-8.888686e-03
127           	2.931404e-03	8.017855e-21	-1.096315e-03	2.740788e-05	8.339225e-03	7.328509e-05	1.493110e-03	1.438294e-03	7.328509e-05	-7.328509e-05	7.791067e-03	-8.887382e-03
128           	2.931100e-03	8.017513e-21	-1.097213e-03	2.743033e-05	8.340310e-03	7.327751e-05	1.492980e-03	1.438120e-03	7.327751e-05	-7.327751e-05	7.791704e-03	-8.888917e-03
129           	2.931161e-03	8.018002e-21	-1.098743e-03	2.746857e-05	8.343458e-03	7.327902e-05	1.493049e-03	1.438112e-03	7.327902e-05	-7.327902e-05	7.794087e-03	-8.892829e-03
130           	2.931528e-03	8.018973e-21	-1.100358e-03	2.750895e-05	8.347460e-03	7.328821e-05	1.493273e-03	1.438255e-03	7.328821e-05	-7.328821e-05	7.797281e-03	-8.897639e-03
131           	2.932066e-03	8.020009e-21	-1.101526e-03	2.753816e-05	8.350968e-03	7.330165e-05	1.493571e-03	1.438495e-03	7.330165e-05	-7.330165e-05	7.800205e-03	-8.901731e-03
132           	2.932591e-03	8.020778e-21	-1.102006e-03	2.755016e-05	8.353102e-03	7.331478e-05	1.493846e-03	1.438745e-03	7.331478e-05	-7.331478e-05	7.802099e-03	-8.904105e-03
133           	2.932979e-03	8.021390e-21	-1.101669e-03	2.754174e-05	8.353312e-03	7.332448e-05	1.494031e-03	1.438948e-03	7.332448e-05	-7.332448e-05	7.802478e-03	-8.904147e-03
134           	2.933150e-03	8.021591e-21	-1.100665e-03	2.751664e-05	8.351724e-03	7.332874e-05	1.494092e-03	1.439058e-03	7.332874e-05	-7.332874e-05	7.801391e-03	-8.902056e-03
135           	2.932999e-03	8.021060e-21	-1.099237e-03	2.748092e-05	8.348579e-03	7.332498e-05	1.493981e-03	1.439019e-03	7.332498e-05	-7.332498e-05	7.798961e-03	-8.898198e-03
136           	2.932572e-03	8.020057e-21	-1.097950e-03	2.744874e-05	8.345088e-03	7.331431e-05	1.493735e-03	1.438837e-03	7.331431e-05	-7.331431e-05	7.796114e-03	-8.894063e-03
137           	2.932105e-03	8.019392e-21	-1.097208e-03	2.743021e-05	8.342581e-03	7.330263e-05	1.493483e-03	1.438622e-03	7.330263e-05	-7.330263e-05	7.793977e-03	-8.891185e-03
138           	2.931699e-03	8.018832e-21	-1.097096e-03	2.742740e-05	8.341447e-03	7.329247e-05	1.493277e-03	1.438422e-03	7.329247e-05	-7.329247e-05	7.792899e-03	-8.889995e-03
139           	2.931445e-03	8.018418e-21	-1.097627e-03	2.744069e-05	8.341922e-03	7.328614e-05	1.493163e-03	1.438282e-03	7.328614e-05	-7.328614e-05	7.793108e-03	-8.890736e-03
140           	2.931424e-03	8.018591e-21	-1.098652e-03	2.746630e-05	8.343888e-03	7.328560e-05	1.493178e-03	1.438246e-03	7.328560e-05	-7.328560e-05	7.794562e-03	-8.893214e-03
141           	2.931653e-03	8.019248e-21	-1.099857e-03	2.749643e-05	8.346771e-03	7.329133e-05	1.493323e-03	1.438330e-03	7.329133e-05	-7.329133e-05	7.796842e-03	-8.896700e-03
142           	2.932048e-03	8.020001e-21	-1.100767e-03	2.751917e-05	8.349448e-03	7.330119e-05	1.493543e-03	1.438505e-03	7.330119e-05	-7.330119e-05	7.799065e-03	-8.899831e-03
143           	2.932424e-03	8.020483e-21	-1.101161e-03	2.752903e-05	8.351069e-03	7.331059e-05	1.493741e-03	1.438683e-03	7.331059e-05	-7.331059e-05	7.800488e-03	-8.901649e-03
144           	2.932721e-03	8.020944e-21	-1.101017e-03	2.752542e-05	8.351454e-03	7.331802e-05	1.493886e-03	1.438835e-03	7.331802e-05	-7.331802e-05	7.800945e-03	-8.901962e-03
145           	2.932864e-03	8.021113e-21	-1.100371e-03	2.750928e-05	8.350506e-03	7.332160e-05	1.493941e-03	1.438923e-03	7.332160e-05	-7.332160e-05	7.800320e-03	-8.900692e-03
146           	2.932780e-03	8.020798e-21	-1.099388e-03	2.748469e-05	8.348385e-03	7.331949e-05	1.493875e-03	1.438905e-03	7.331949e-05	-7.331949e-05	7.798691e-03	-8.898079e-03
147           	2.932493e-03	8.020096e-21	-1.098455e-03	2.746138e-05	8.345906e-03	7.331231e-05	1.493708e-03	1.438785e-03	7.331231e-05	-7.331231e-05	7.796678e-03	-8.895133e-03
148           	2.932162e-03	8.019600e-21	-1.097883e-03	2.744707e-05	8.344037e-03	7.330404e-05	1.493528e-03	1.438634e-03	7.330404e-05	-7.330404e-05	7.795096e-03	-8.892979e-03
149           	2.931866e-03	8.019155e-21	-1.097747e-03	2.744367e-05	8.343104e-03	7.329664e-05	1.493376e-03	1.438489e-03	7.329664e-05	-7.329664e-05	7.794230e-03	-8.891977e-03
150           	2.931667e-03	8.018849e-21	-1.098058e-03	2.745146e-05	8.343271e-03	7.329168e-05	1.493285e-03	1.438382e-03	7.329168e-05	-7.329168e-05	7.794241e-03	-8.892300e-03
151           	2.931629e-03	8.018919e-21	-1.098752e-03	2.746881e-05	8.344549e-03	7.329073e-05	1.493283e-03	1.438346e-03	7.329073e-05	-7.329073e-05	7.795173e-03	-8.893925e-03
152           	2.931777e-03	8.019332e-21	-1.099581e-03	2.748953e-05	8.346512e-03	7.329442e-05	1.493378e-03	1.438399e-03	7.329442e-05	-7.329442e-05	7.796721e-03	-8.896302e-03
153           	2.932037e-03	8.019861e-21	-1.100237e-03	2.750593e-05	8.348388e-03	7.330093e-05	1.493525e-03	1.438513e-03	7.330093e-05	-7.330093e-05	7.798270e-03	-8.898507e-03
154           	2.932299e-03	8.020232e-21	-1.100566e-03	2.751416e-05	8.349625e-03	7.330748e-05	1.493664e-03	1.438636e-03	7.330748e-05	-7.330748e-05	7.799341e-03	-8.899908e-03
155           	2.932516e-03	8.020560e-21	-1.100515e-03	2.751289e-05	8.350013e-03	7.331291e-05	1.493771e-03	1.438745e-03	7.331291e-05	-7.331291e-05	7.799755e-03	-8.900270e-03
156           	2.932635e-03	8.020685e-21	-1.100110e-03	2.750274e-05	8.349482e-03	7.331587e-05	1.493820e-03	1.438815e-03	7.331587e-05	-7.331587e-05	7.799427e-03	-8.899536e-03
157           	2.932602e-03	8.020479e-21	-1.099447e-03	2.748617e-05	8.348105e-03	7.331505e-05	1.493787e-03	1.438815e-03	7.331505e-05	-7.331505e-05	7.798382e-03	-8.897829e-03
158           	2.932419e-03	8.019998e-21	-1.098774e-03	2.746935e-05	8.346370e-03	7.331047e-05	1.493679e-03	1.438740e-03	7.331047e-05	-7.331047e-05	7.796983e-03	-8.895757e-03
159           	2.932189e-03	8.019626e-21	-1.098336e-03	2.745840e-05	8.344992e-03	7.330473e-05	1.493553e-03	1.438636e-03	7.330473e-05	-7.330473e-05	7.795824e-03	-8.894160e-03
160           	2.931977e-03	8.019310e-21	-1.098190e-03	2.745475e-05	8.344226e-03	7.329943e-05	1.493443e-03	1.438534e-03	7.329943e-05	-7.329943e-05	7.795131e-03	-8.893321e-03
161           	2.931826e-03	8.019074e-21	-1.098373e-03	2.745934e-05	8.344248e-03	7.329565e-05	1.493372e-03	1.438454e-03	7.329565e-05	-7.329565e-05	7.795061e-03	-8.893435e-03
162           	2.931781e-03	8.019043e-21	-1.098828e-03	2.747070e-05	8.345041e-03	7.329453e-05	1.493361e-03	1.438420e-03	7.329453e-05	-7.329453e-05	7.795627e-03	-8.894455e-03
163           	2.931867e-03	8.019311e-21	-1.099413e-03	2.748533e-05	8.346384e-03	7.329668e-05	1.493419e-03	1.438448e-03	7.329668e-05	-7.329668e-05	7.796677e-03	-8.896091e-03
164           	2.932043e-03	8.019693e-21	-1.099907e-03	2.749768e-05	8.347752e-03	7.330108e-05	1.493519e-03	1.438524e-03	7.330108e-05	-7.330108e-05	7.797798e-03	-8.897705e-03
165           	2.932230e-03	8.019955e-21	-1.100178e-03	2.750445e-05	8.348702e-03	7.330574e-05	1.493619e-03	1.438610e-03	7.330574e-05	-7.330574e-05	7.798613e-03	-8.898791e-03
166           	2.932390e-03	8.020205e-21	-1.100196e-03	2.750490e-05	8.349098e-03	7.330975e-05	1.493700e-03	1.438690e-03	7.330975e-05	-7.330975e-05	7.799000e-03	-8.899196e-03
167           	2.932483e-03	8.020333e-21	-1.099955e-03	2.749887e-05	8.348832e-03	7.331206e-05	1.493740e-03	1.438742e-03	7.331206e-05	-7.331206e-05	7.798855e-03	-8.898809e-03
168           	2.932478e-03	8.020243e-21	-1.099517e-03	2.748792e-05	8.347962e-03	7.331196e-05	1.493727e-03	1.438751e-03	7.331196e-05	-7.331196e-05	7.798204e-03	-8.897721e-03
169           	2.932368e-03	8.019940e-21	-1.099028e-03	2.747569e-05	8.346752e-03	7.330919e-05	1.493660e-03	1.438708e-03	7.330919e-05	-7.330919e-05	7.797238e-03	-8.896266e-03
170           	2.932205e-03	8.019653e-21	-1.098682e-03	2.746705e-05	8.345705e-03	7.330512e-05	1.493569e-03	1.438635e-03	7.330512e-05	-7.330512e-05	7.796364e-03	-8.895046e-03
171           	2.932052e-03	8.019446e-21	-1.098544e-03	2.746360e-05	8.345089e-03	7.330130e-05	1.493490e-03	1.438562e-03	7.330130e-05	-7.330130e-05	7.795817e-03	-8.894361e-03
172           	2.931938e-03	8.019266e-21	-1.098636e-03	2.746591e-05	8.345016e-03	7.329846e-05	1.493435e-03	1.438503e-03	7.329846e-05	-7.329846e-05	7.795698e-03	-8.894334e-03
173           	2.931891e-03	8.019214e-21	-1.098927e-03	2.747318e-05	8.345482e-03	7.329728e-05	1.493419e-03	1.438473e-03	7.329728e-05	-7.329728e-05	7.796018e-03	-8.894945e-03
174           	2.931939e-03	8.019378e-21	-1.099334e-03	2.748335e-05	8.346389e-03	7.329848e-05	1.493453e-03	1.438486e-03	7.329848e-05	-7.329848e-05	7.796722e-03	-8.896056e-03
175           	2.932058e-03	8.019649e-21	-1.099695e-03	2.749237e-05	8.347367e-03	7.330145e-05	1.493521e-03	1.438537e-03	7.330145e-05	-7.330145e-05	7.797519e-03	-8.897214e-03
176           	2.932190e-03	8.019841e-21	-1.099906e-03	2.749766e-05	8.348078e-03	7.330475e-05	1.493593e-03	1.438597e-03	7.330475e-05	-7.330475e-05	7.798125e-03	-8.898032e-03
177           	2.932306e-03	8.019996e-21	-1.099941e-03	2.749852e-05	8.348406e-03	7.330764e-05	1.493651e-03	1.438654e-03	7.330764e-05	-7.330764e-05	7.798436e-03	-8.898377e-03
178           	2.932379e-03	8.020115e-21	-1.099793e-03	2.749483e-05	8.348281e-03	7.330947e-05	1.493684e-03	1.438694e-03	7.330947e-05	-7.330947e-05	7.798384e-03	-8.898177e-03
179           	2.932387e-03	8.020071e-21	-1.099499e-03	2.748747e-05	8.347720e-03	7.330966e-05	1.493681e-03	1.438706e-03	7.330966e-05	-7.330966e-05	7.797971e-03	-8.897469e-03
180           	2.932319e-03	8.019881e-21	-1.099159e-03	2.747896e-05	8.346900e-03	7.330798e-05	1.493639e-03	1.438681e-03	7.330798e-05	-7.330798e-05	7.797320e-03	-8.896479e-03
181           	2.932208e-03	8.019664e-21	-1.098900e-03	2.747250e-05	8.346139e-03	7.330519e-05	1.493576e-03	1.438631e-03	7.330519e-05	-7.330519e-05	7.796689e-03	-8.895589e-03
182           	2.932100e-03	8.019511e-21	-1.098783e-03	2.746957e-05	8.345667e-03	7.330249e-05	1.493519e-03	1.438580e-03	7.330249e-05	-7.330249e-05	7.796275e-03	-8.895058e-03
183           	2.932014e-03	8.019374e-21	-1.098824e-03	2.747059e-05	8.345555e-03	7.330036e-05	1.493478e-03	1.438537e-03	7.330036e-05	-7.330036e-05	7.796143e-03	-8.894967e-03
184           	2.931974e-03	8.019329e-21	-1.099009e-03	2.747524e-05	8.345829e-03	7.329935e-05	1.493462e-03	1.438512e-03	7.329935e-05	-7.329935e-05	7.796325e-03	-8.895334e-03
185           	2.931997e-03	8.019422e-21	-1.099288e-03	2.748219e-05	8.346428e-03	7.329992e-05	1.493481e-03	1.438516e-03	7.329992e-05	-7.329992e-05	7.796784e-03	-8.896072e-03
186           	2.932074e-03	8.019615e-21	-1.099552e-03	2.748881e-05	8.347122e-03	7.330186e-05	1.493526e-03	1.438548e-03	7.330186e-05	-7.330186e-05	7.797346e-03	-8.896899e-03
187           	2.932167e-03	8.019758e-21	-1.099719e-03	2.749297e-05	8.347658e-03	7.330418e-05	1.493577e-03	1.438591e-03	7.330418e-05	-7.330418e-05	7.797799e-03	-8.897518e-03
188           	2.932252e-03	8.019883e-21	-1.099768e-03	2.749419e-05	8.347945e-03	7.330629e-05	1.493620e-03	1.438632e-03	7.330629e-05	-7.330629e-05	7.798061e-03	-8.897828e-03
189           	2.932310e-03	8.019966e-21	-1.099681e-03	2.749203e-05	8.347905e-03	7.330774e-05	1.493647e-03	1.438663e-03	7.330774e-05	-7.330774e-05	7.798064e-03	-8.897745e-03
190           	2.932322e-03	8.019967e-21	-1.099487e-03	2.748717e-05	8.347551e-03	7.330805e-05	1.493648e-03	1.438674e-03	7.330805e-05	-7.330805e-05	7.797808e-03	-8.897294e-03
191           	2.932283e-03	8.019849e-21	-1.099246e-03	2.748116e-05	8.346990e-03	7.330707e-05	1.493622e-03	1.438660e-03	7.330707e-05	-7.330707e-05	7.797367e-03	-8.896613e-03
192           	2.932207e-03	8.019691e-21	-1.099050e-03	2.747625e-05	8.346433e-03	7.330517e-05	1.493580e-03	1.438627e-03	7.330517e-05	-7.330517e-05	7.796908e-03	-8.895958e-03
193           	2.932131e-03	8.019582e-21	-1.098948e-03	2.747369e-05	8.346060e-03	7.330326e-05	1.493539e-03	1.438592e-03	7.330326e-05	-7.330326e-05	7.796586e-03	-8.895534e-03
194           	2.932067e-03	8.019480e-21	-1.098954e-03	2.747384e-05	8.345928e-03	7.330167e-05	1.493507e-03	1.438559e-03	7.330167e-05	-7.330167e-05	7.796451e-03	-8.895405e-03
195           	2.932031e-03	8.019437e-21	-1.099065e-03	2.747663e-05	8.346068e-03	7.330078e-05	1.493492e-03	1.438539e-03	7.330078e-05	-7.330078e-05	7.796535e-03	-8.895600e-03
196           	2.932039e-03	8.019485e-21	-1.099253e-03	2.748133e-05	8.346454e-03	7.330096e-05	1.493501e-03	1.438538e-03	7.330096e-05	-7.330096e-05	7.796828e-03	-8.896081e-03
197           	2.932088e-03	8.019611e-21	-1.099449e-03	2.748622e-05	8.346949e-03	7.330219e-05	1.493530e-03	1.438558e-03	7.330219e-05	-7.330219e-05	7.797224e-03	-8.896673e-03
198           	2.932153e-03	8.019718e-21	-1.099582e-03	2.748954e-05	8.347357e-03	7.330383e-05	1.493566e-03	1.438587e-03	7.330383e-05	-7.330383e-05	7.797566e-03	-8.897148e-03
199           	2.932215e-03	8.019806e-21	-1.099631e-03	2.749079e-05	8.347594e-03	7.330537e-05	1.493598e-03	1.438617e-03	7.330537e-05	-7.330537e-05	7.797778e-03	-8.897410e-03
200           	2.932259e-03	8.019873e-21	-1.099586e-03	2.748965e-05	8.347605e-03	7.330649e-05	1.493619e-03	1.438640e-03	7.330649e-05	-7.330649e-05	7.797812e-03	-8.897398e-03
201           	2.932276e-03	8.019889e-21	-1.099461e-03	2.748652e-05	8.347396e-03	7.330689e-05	1.493624e-03	1.438651e-03	7.330689e-05	-7.330689e-05	7.797665e-03	-8.897126e-03
202           	2.932254e-03	8.019816e-21	-1.099292e-03	2.748229e-05	8.347014e-03	7.330634e-05	1.493609e-03	1.438645e-03	7.330634e-05	-7.330634e-05	7.797368e-03	-8.896660e-03
203           	2.932203e-03	8.019702e-21	-1.099146e-03	2.747864e-05	8.346613e-03	7.330507e-05	1.493580e-03	1.438623e-03	7.330507e-05	-7.330507e-05	7.797040e-03	-8.896185e-03
204           	2.932149e-03	8.019623e-21	-1.099064e-03	2.747660e-05	8.346330e-03	7.330372e-05	1.493551e-03	1.438598e-03	7.330372e-05	-7.330372e-05	7.796798e-03	-8.895862e-03
205           	2.932102e-03	8.019557e-21	-1.099055e-03	2.747638e-05	8.346208e-03	7.330255e-05	1.493527e-03	1.438575e-03	7.330255e-05	-7.330255e-05	7.796680e-03	-8.895735e-03
206           	2.932074e-03	8.019509e-21	-1.099121e-03	2.747803e-05	8.346273e-03	7.330184e-05	1.493515e-03	1.438559e-03	7.330184e-05	-7.330184e-05	7.796713e-03	-8.895834e-03
207           	2.932073e-03	8.019531e-21	-1.099245e-03	2.748113e-05	8.346515e-03	7.330182e-05	1.493518e-03	1.438555e-03	7.330182e-05	-7.330182e-05	7.796893e-03	-8.896138e-03
208           	2.932103e-03	8.019613e-21	-1.099388e-03	2.748469e-05	8.346862e-03	7.330256e-05	1.493536e-03	1.438567e-03	7.330256e-05	-7.330256e-05	7.797168e-03	-8.896555e-03
209           	2.932149e-03	8.019698e-21	-1.099491e-03	2.748728e-05	8.347171e-03	7.330373e-05	1.493562e-03	1.438587e-03	7.330373e-05	-7.330373e-05	7.797425e-03	-8.896917e-03
210           	2.932194e-03	8.019756e-21	-1.099535e-03	2.748838e-05	8.347357e-03	7.330484e-05	1.493585e-03	1.438608e-03	7.330484e-05	-7.330484e-05	7.797589e-03	-8.897125e-03
211           	2.932227e-03	8.019809e-21	-1.099513e-03	2.748782e-05	8.347388e-03	7.330568e-05	1.493601e-03	1.438626e-03	7.330568e-05	-7.330568e-05	7.797632e-03	-8.897145e-03
212           	2.932242e-03	8.019825e-21	-1.099432e-03	2.748581e-05	8.347264e-03	7.330606e-05	1.493607e-03	1.438635e-03	7.330606e-05	-7.330606e-05	7.797548e-03	-8.896980e-03
213           	2.932230e-03	8.019783e-21	-1.099315e-03	2.748289e-05	8.347008e-03	7.330576e-05	1.493598e-03	1.438632e-03	7.330576e-05	-7.330576e-05	7.797350e-03	-8.896666e-03
214           	2.932196e-03	8.019702e-21	-1.099209e-03	2.748022e-05	8.346722e-03	7.330491e-05	1.493578e-03	1.438618e-03	7.330491e-05	-7.330491e-05	7.797117e-03	-8.896326e-03
215           	2.932158e-03	8.019646e-21	-1.099145e-03	2.747862e-05	8.346510e-03	7.330395e-05	1.493558e-03	1.438600e-03	7.330395e-05	-7.330395e-05	7.796937e-03	-8.896082e-03
216           	2.932124e-03	8.019595e-21	-1.099132e-03	2.747830e-05	8.346408e-03	7.330310e-05	1.493540e-03	1.438584e-03	7.330310e-05	-7.330310e-05	7.796842e-03	-8.895974e-03
217           	2.932102e-03	8.019562e-21	-1.099172e-03	2.747930e-05	8.346436e-03	7.330254e-05	1.493530e-03	1.438572e-03	7.330254e-05	-7.330254e-05	7.796850e-03	-8.896022e-03
218           	2.932098e-03	8.019573e-21	-1.099255e-03	2.748139e-05	8.346593e-03	7.330246e-05	1.493531e-03	1.438568e-03	7.330246e-05	-7.330246e-05	7.796965e-03	-8.896220e-03
219           	2.932117e-03	8.019626e-21	-1.099354e-03	2.748384e-05	8.346827e-03	7.330292e-05	1.493542e-03	1.438575e-03	7.330292e-05	-7.330292e-05	7.797150e-03	-8.896504e-03
220           	2.932148e-03	8.019689e-21	-1.099430e-03	2.748575e-05	8.347048e-03	7.330371e-05	1.493560e-03	1.438588e-03	7.330371e-05	-7.330371e-05	7.797333e-03	-8.896763e-03
221           	2.932180e-03	8.019733e-21	-1.099466e-03	2.748665e-05	8.347189e-03	7.330449e-05	1.493576e-03	1.438603e-03	7.330449e-05	-7.330449e-05	7.797456e-03	-8.896922e-03
222           	2.932205e-03	8.019773e-21	-1.099457e-03	2.748642e-05	8.347228e-03	7.330512e-05	1.493589e-03	1.438616e-03	7.330512e-05	-7.330512e-05	7.797499e-03	-8.896956e-03
223           	2.932217e-03	8.019786e-21	-1.099406e-03	2.748514e-05	8.347156e-03	7.330543e-05	1.493594e-03	1.438623e-03	7.330543e-05	-7.330543e-05	7.797453e-03	-8.896858e-03
224           	2.932212e-03	8.019762e-21	-1.099326e-03	2.748316e-05	8.346988e-03	7.330530e-05	1.493589e-03	1.438623e-03	7.330530e-05	-7.330530e-05	7.797325e-03	-8.896651e-03
225           	2.932190e-03	8.019705e-21	-1.099249e-03	2.748122e-05	8.346786e-03	7.330475e-05	1.493576e-03	1.438614e-03	7.330475e-05	-7.330475e-05	7.797162e-03	-8.896410e-03
226           	2.932163e-03	8.019663e-21	-1.099199e-03	2.747997e-05	8.346628e-03	7.330408e-05	1.493562e-03	1.438602e-03	7.330408e-05	-7.330408e-05	7.797028e-03	-8.896227e-03
227           	2.932139e-03	8.019626e-21	-1.099183e-03	2.747958e-05	8.346541e-03	7.330346e-05	1.493549e-03	1.438590e-03	7.330346e-05	-7.330346e-05	7.796950e-03	-8.896133e-03
228           	2.932121e-03	8.019601e-21	-1.099207e-03	2.748017e-05	8.346549e-03	7.330303e-05	1.493541e-03	1.438580e-03	7.330303e-05	-7.330303e-05	7.796945e-03	-8.896152e-03
229           	2.932117e-03	8.019599e-21	-1.099262e-03	2.748154e-05	8.346647e-03	7.330292e-05	1.493540e-03	1.438577e-03	7.330292e-05	-7.330292e-05	7.797016e-03	-8.896277e-03
230           	2.932128e-03	8.019632e-21	-1.099331e-03	2.748327e-05	8.346807e-03	7.330319e-05	1.493547e-03	1.438581e-03	7.330319e-05	-7.330319e-05	7.797142e-03	-8.896472e-03
231           	2.932149e-03	8.019677e-21	-1.099388e-03	2.748471e-05	8.346968e-03	7.330373e-05	1.493559e-03	1.438590e-03	7.330373e-05	-7.330373e-05	7.797274e-03	-8.896663e-03
232           	2.932171e-03	8.019709e-21	-1.099419e-03	2.748549e-05	8.347079e-03	7.330428e-05	1.493571e-03	1.438600e-03	7.330428e-05	-7.330428e-05	7.797369e-03	-8.896788e-03
233           	2.932190e-03	8.019739e-21	-1.099419e-03	2.748548e-05	8.347121e-03	7.330475e-05	1.493580e-03	1.438609e-03	7.330475e-05	-7.330475e-05	7.797411e-03	-8.896830e-03
234           	2.932201e-03	8.019752e-21	-1.099389e-03	2.748473e-05	8.347086e-03	7.330502e-05	1.493585e-03	1.438616e-03	7.330502e-05	-7.330502e-05	7.797391e-03	-8.896780e-03
235           	2.932199e-03	8.019740e-21	-1.099335e-03	2.748339e-05	8.346977e-03	7.330499e-05	1.493583e-03	1.438616e-03	7.330499e-05	-7.330499e-05	7.797310e-03	-8.896645e-03
236           	2.932186e-03	8.019704e-21	-1.099278e-03	2.748195e-05	8.346833e-03	7.330464e-05	1.493575e-03	1.438611e-03	7.330464e-05	-7.330464e-05	7.797194e-03	-8.896472e-03
237           	2.932166e-03	8.019671e-21	-1.099238e-03	2.748095e-05	8.346712e-03	7.330416e-05	1.493564e-03	1.438602e-03	7.330416e-05	-7.330416e-05	7.797092e-03	-8.896331e-03
238           	2.932148e-03	8.019646e-21	-1.099223e-03	2.748057e-05	8.346641e-03	7.330371e-05	1.493555e-03	1.438594e-03	7.330371e-05	-7.330371e-05	7.797029e-03	-8.896252e-03
239           	2.932135e-03	8.019627e-21	-1.099235e-03	2.748088e-05	8.346635e-03	7.330338e-05	1.493548e-03	1.438587e-03	7.330338e-05	-7.330338e-05	7.797018e-03	-8.896253e-03
240           	2.932130e-03	8.019622e-21	-1.099271e-03	2.748176e-05	8.346694e-03	7.330325e-05	1.493547e-03	1.438583e-03	7.330325e-05	-7.330325e-05	7.797058e-03	-8.896329e-03
241           	2.932136e-03	8.019642e-21	-1.099319e-03	2.748298e-05	8.346802e-03	7.330340e-05	1.493551e-03	1.438585e-03	7.330340e-05	-7.330340e-05	7.797143e-03	-8.896462e-03
242           	2.932151e-03	8.019675e-21	-1.099361e-03	2.748404e-05	8.346918e-03	7.330376e-05	1.493559e-03	1.438591e-03	7.330376e-05	-7.330376e-05	7.797238e-03	-8.896599e-03
243           	2.932166e-03	8.019698e-21	-1.099386e-03	2.748464e-05	8.347001e-03	7.330416e-05	1.493568e-03	1.438598e-03	7.330416e-05	-7.330416e-05	7.797308e-03	-8.896694e-03
244           	2.932180e-03	8.019717e-21	-1.099389e-03	2.748472e-05	8.347038e-03	7.330450e-05	1.493575e-03	1.438605e-03	7.330450e-05	-7.330450e-05	7.797344e-03	-8.896732e-03
245           	2.932188e-03	8.019731e-21	-1.099370e-03	2.748426e-05	8.347021e-03	7.330471e-05	1.493578e-03	1.438610e-03	7.330471e-05	-7.330471e-05	7.797336e-03	-8.896706e-03
246           	2.932189e-03	8.019725e-21	-1.099335e-03	2.748338e-05	8.346953e-03	7.330472e-05	1.493578e-03	1.438611e-03	7.330472e-05	-7.330472e-05	7.797285e-03	-8.896620e-03
247           	2.932181e-03	8.019703e-21	-1.099295e-03	2.748238e-05	8.346856e-03	7.330452e-05	1.493573e-03	1.438608e-03	7.330452e-05	-7.330452e-05	7.797208e-03	-8.896503e-03
248           	2.932167e-03	8.019678e-21	-1.099265e-03	2.748162e-05	8.346767e-03	7.330418e-05	1.493565e-03	1.438602e-03	7.330418e-05	-7.330418e-05	7.797134e-03	-8.896399e-03
249           	2.932155e-03	8.019660e-21	-1.099252e-03	2.748129e-05	8.346712e-03	7.330387e-05	1.493559e-03	1.438596e-03	7.330387e-05	-7.330387e-05	7.797086e-03	-8.896338e-03
250           	2.932145e-03	8.019644e-21	-1.099257e-03	2.748142e-05	8.346700e-03	7.330362e-05	1.493554e-03	1.438591e-03	7.330362e-05	-7.330362e-05	7.797072e-03	-8.896328e-03
251           	2.932140e-03	8.019640e-21	-1.099279e-03	2.748198e-05	8.346734e-03	7.330350e-05	1.493552e-03	1.438588e-03	7.330350e-05	-7.330350e-05	7.797094e-03	-8.896373e-03
252           	2.932143e-03	8.019651e-21	-1.099312e-03	2.748281e-05	8.346805e-03	7.330358e-05	1.493554e-03	1.438589e-03	7.330358e-05	-7.330358e-05	7.797149e-03	-8.896462e-03
253           	2.932153e-03	8.019674e-21	-1.099344e-03	2.748359e-05	8.346888e-03	7.330381e-05	1.493560e-03	1.438593e-03	7.330381e-05	-7.330381e-05	7.797216e-03	-8.896560e-03
254           	2.932164e-03	8.019691e-21	-1.099363e-03	2.748407e-05	8.346950e-03	7.330409e-05	1.493566e-03	1.438598e-03	7.330409e-05	-7.330409e-05	7.797269e-03	-8.896632e-03
255           	2.932174e-03	8.019706e-21	-1.099367e-03	2.748418e-05	8.346982e-03	7.330434e-05	1.493571e-03	1.438603e-03	7.330434e-05	-7.330434e-05	7.797298e-03	-8.896665e-03
256           	2.932180e-03	8.019716e-21	-1.099357e-03	2.748391e-05	8.346976e-03	7.330450e-05	1.493574e-03	1.438606e-03	7.330450e-05	-7.330450e-05	7.797297e-03	-8.896654e-03
257           	2.932181e-03	8.019713e-21	-1.099333e-03	2.748332e-05	8.346932e-03	7.330454e-05	1.493574e-03	1.438607e-03	7.330454e-05	-7.330454e-05	7.797265e-03	-8.896598e-03
258           	2.932176e-03	8.019699e-21	-1.099304e-03	2.748260e-05	8.346864e-03	7.330441e-05	1.493571e-03	1.438606e-03	7.330441e-05	-7.330441e-05	7.797212e-03	-8.896516e-03
259           	2.932167e-03	8.019680e-21	-1.099282e-03	2.748204e-05	8.346799e-03	7.330418e-05	1.493566e-03	1.438602e-03	7.330418e-05	-7.330418e-05	7.797158e-03	-8.896440e-03
260           	2.932158e-03	8.019667e-21	-1.099270e-03	2.748176e-05	8.346757e-03	7.330396e-05	1.493561e-03	1.438597e-03	7.330396e-05	-7.330396e-05	7.797122e-03	-8.896392e-03
261           	2.932151e-03	8.019656e-21	-1.099272e-03	2.748181e-05	8.346744e-03	7.330377e-05	1.493557e-03	1.438594e-03	7.330377e-05	-7.330377e-05	7.797108e-03	-8.896381e-03
262           	2.932147e-03	8.019651e-21	-1.099287e-03	2.748217e-05	8.346764e-03	7.330367e-05	1.493556e-03	1.438591e-03	7.330367e-05	-7.330367e-05	7.797120e-03	-8.896407e-03
263           	2.932148e-03	8.019659e-21	-1.099310e-03	2.748274e-05	8.346812e-03	7.330371e-05	1.493557e-03	1.438591e-03	7.330371e-05	-7.330371e-05	7.797157e-03	-8.896466e-03
264           	2.932154e-03	8.019675e-21	-1.099333e-03	2.748331e-05	8.346870e-03	7.330386e-05	1.493561e-03	1.438594e-03	7.330386e-05	-7.330386e-05	7.797204e-03	-8.896537e-03
265           	2.932162e-03	8.019687e-21	-1.099347e-03	2.748369e-05	8.346917e-03	7.330406e-05	1.493565e-03	1.438597e-03	7.330406e-05	-7.330406e-05	7.797244e-03	-8.896591e-03
266           	2.932169e-03	8.019698e-21	-1.099352e-03	2.748381e-05	8.346943e-03	7.330424e-05	1.493569e-03	1.438601e-03	7.330424e-05	-7.330424e-05	7.797267e-03	-8.896620e-03
267           	2.932175e-03	8.019706e-21	-1.099346e-03	2.748365e-05	8.346942e-03	7.330436e-05	1.493571e-03	1.438604e-03	7.330436e-05	-7.330436e-05	7.797269e-03	-8.896615e-03
268           	2.932176e-03	8.019706e-21	-1.099330e-03	2.748326e-05	8.346915e-03	7.330440e-05	1.493571e-03	1.438605e-03	7.330440e-05	-7.330440e-05	7.797250e-03	-8.896580e-03
269           	2.932173e-03	8.019697e-21	-1.099310e-03	2.748276e-05	8.346869e-03	7.330433e-05	1.493569e-03	1.438604e-03	7.330433e-05	-7.330433e-05	7.797214e-03	-8.896524e-03
270           	2.932167e-03	8.019684e-21	-1.099293e-03	2.748233e-05	8.346821e-03	7.330417e-05	1.493566e-03	1.438601e-03	7.330417e-05	-7.330417e-05	7.797175e-03	-8.896468e-03
271           	2.932161e-03	8.019675e-21	-1.099284e-03	2.748210e-05	8.346789e-03	7.330401e-05	1.493562e-03	1.438598e-03	7.330401e-05	-7.330401e-05	7.797147e-03	-8.896431e-03
272           	2.932155e-03	8.019666e-21	-1.099284e-03	2.748209e-05	8.346776e-03	7.330388e-05	1.493560e-03	1.438595e-03	7.330388e-05	-7.330388e-05	7.797134e-03	-8.896417e-03
273           	2.932152e-03	8.019662e-21	-1.099292e-03	2.748230e-05	8.346785e-03	7.330380e-05	1.493558e-03	1.438594e-03	7.330380e-05	-7.330380e-05	7.797139e-03	-8.896431e-03
274           	2.932152e-03	8.019665e-21	-1.099307e-03	2.748268e-05	8.346815e-03	7.330380e-05	1.493559e-03	1.438593e-03	7.330380e-05	-7.330380e-05	7.797162e-03	-8.896469e-03
275           	2.932156e-03	8.019675e-21	-1.099324e-03	2.748310e-05	8.346857e-03	7.330390e-05	1.493561e-03	1.438595e-03	7.330390e-05	-7.330390e-05	7.797195e-03	-8.896519e-03
276           	2.932162e-03	8.019685e-21	-1.099336e-03	2.748340e-05	8.346893e-03	7.330404e-05	1.493564e-03	1.438597e-03	7.330404e-05	-7.330404e-05	7.797225e-03	-8.896561e-03
277           	2.932167e-03	8.019692e-21	-1.099341e-03	2.748351e-05	8.346914e-03	7.330417e-05	1.493567e-03	1.438600e-03	7.330417e-05	-7.330417e-05	7.797244e-03	-8.896584e-03
278           	2.932171e-03	8.019698e-21	-1.099337e-03	2.748343e-05	8.346916e-03	7.330426e-05	1.493569e-03	1.438602e-03	7.330426e-05	-7.330426e-05	7.797247e-03	-8.896585e-03
279           	2.932172e-03	8.019700e-21	-1.099327e-03	2.748318e-05	8.346900e-03	7.330430e-05	1.493569e-03	1.438603e-03	7.330430e-05	-7.330430e-05	7.797236e-03	-8.896564e-03
280           	2.932171e-03	8.019694e-21	-1.099313e-03	2.748283e-05	8.346869e-03	7.330426e-05	1.493568e-03	1.438602e-03	7.330426e-05	-7.330426e-05	7.797212e-03	-8.896526e-03
281           	2.932166e-03	8.019684e-21	-1.099301e-03	2.748252e-05	8.346835e-03	7.330416e-05	1.493566e-03	1.438601e-03	7.330416e-05	-7.330416e-05	7.797185e-03	-8.896486e-03
282           	2.932162e-03	8.019678e-21	-1.099294e-03	2.748234e-05	8.346811e-03	7.330405e-05	1.493563e-03	1.438599e-03	7.330405e-05	-7.330405e-05	7.797164e-03	-8.896458e-03
283           	2.932158e-03	8.019672e-21	-1.099293e-03	2.748232e-05	8.346800e-03	7.330395e-05	1.493561e-03	1.438597e-03	7.330395e-05	-7.330395e-05	7.797154e-03	-8.896446e-03
284           	2.932155e-03	8.019668e-21	-1.099298e-03	2.748244e-05	8.346804e-03	7.330389e-05	1.493560e-03	1.438595e-03	7.330389e-05	-7.330389e-05	7.797155e-03	-8.896453e-03
285           	2.932155e-03	8.019670e-21	-1.099308e-03	2.748270e-05	8.346824e-03	7.330388e-05	1.493560e-03	1.438595e-03	7.330388e-05	-7.330388e-05	7.797170e-03	-8.896478e-03
286           	2.932157e-03	8.019676e-21	-1.099320e-03	2.748299e-05	8.346852e-03	7.330394e-05	1.493562e-03	1.438596e-03	7.330394e-05	-7.330394e-05	7.797192e-03	-8.896512e-03
287           	2.932161e-03	8.019683e-21	-1.099328e-03	2.748321e-05	8.346878e-03	7.330403e-05	1.493564e-03	1.438597e-03	7.330403e-05	-7.330403e-05	7.797214e-03	-8.896542e-03
288           	2.932165e-03	8.019689e-21	-1.099332e-03	2.748331e-05	8.346894e-03	7.330412e-05	1.493566e-03	1.438599e-03	7.330412e-05	-7.330412e-05	7.797228e-03	-8.896560e-03
289           	2.932168e-03	8.019693e-21	-1.099331e-03	2.748327e-05	8.346898e-03	7.330420e-05	1.493567e-03	1.438601e-03	7.330420e-05	-7.330420e-05	7.797232e-03	-8.896563e-03
290           	2.932169e-03	8.019695e-21	-1.099325e-03	2.748312e-05	8.346888e-03	7.330423e-05	1.493568e-03	1.438602e-03	7.330423e-05	-7.330423e-05	7.797226e-03	-8.896551e-03
291           	2.932168e-03	8.019691e-21	-1.099315e-03	2.748288e-05	8.346868e-03	7.330421e-05	1.493567e-03	1.438601e-03	7.330421e-05	-7.330421e-05	7.797210e-03	-8.896525e-03
292           	2.932166e-03	8.019685e-21	-1.099306e-03	2.748265e-05	8.346844e-03	7.330414e-05	1.493566e-03	1.438600e-03	7.330414e-05	-7.330414e-05	7.797191e-03	-8.896497e-03
293           	2.932163e-03	8.019680e-21	-1.099300e-03	2.748251e-05	8.346826e-03	7.330407e-05	1.493564e-03	1.438599e-03	7.330407e-05	-7.330407e-05	7.797175e-03	-8.896476e-03
294           	2.932160e-03	8.019675e-21	-1.099299e-03	2.748247e-05	8.346816e-03	7.330399e-05	1.493562e-03	1.438597e-03	7.330399e-05	-7.330399e-05	7.797166e-03	-8.896465e-03
295           	2.932158e-03	8.019673e-21	-1.099302e-03	2.748254e-05	8.346817e-03	7.330394e-05	1.493561e-03	1.438596e-03	7.330394e-05	-7.330394e-05	7.797166e-03	-8.896468e-03
296           	2.932157e-03	8.019673e-21	-1.099308e-03	2.748271e-05	8.346829e-03	7.330393e-05	1.493561e-03	1.438596e-03	7.330393e-05	-7.330393e-05	7.797175e-03	-8.896484e-03
297           	2.932159e-03	8.019677e-21	-1.099317e-03	2.748291e-05	8.346849e-03	7.330397e-05	1.493562e-03	1.438596e-03	7.330397e-05	-7.330397e-05	7.797190e-03	-8.896507e-03
298           	2.932161e-03	8.019682e-21	-1.099323e-03	2.748308e-05	8.346868e-03	7.330403e-05	1.493564e-03	1.438598e-03	7.330403e-05	-7.330403e-05	7.797206e-03	-8.896529e-03
299           	2.932164e-03	8.019686e-21	-1.099327e-03	2.748317e-05	8.346880e-03	7.330410e-05	1.493565e-03	1.438599e-03	7.330410e-05	-7.330410e-05	7.797217e-03	-8.896544e-03
300           	2.932166e-03	8.019689e-21	-1.099327e-03	2.748316e-05	8.346885e-03	7.330415e-05	1.493566e-03	1.438600e-03	7.330415e-05	-7.330415e-05	7.797222e-03	-8.896548e-03
301           	2.932167e-03	8.019691e-21	-1.099323e-03	2.748307e-05	8.346880e-03	7.330418e-05	1.493567e-03	1.438601e-03	7.330418e-05	-7.330418e-05	7.797219e-03	-8.896542e-03
302           	2.932167e-03	8.019689e-21	-1.099316e-03	2.748291e-05	8.346867e-03	7.330418e-05	1.493566e-03	1.438601e-03	7.330418e-05	-7.330418e-05	7.797209e-03	-8.896525e-03
303           	2.932165e-03	8.019685e-21	-1.099310e-03	2.748274e-05	8.346850e-03	7.330413e-05	1.493565e-03	1.438600e-03	7.330413e-05	-7.330413e-05	7.797195e-03	-8.896505e-03
304           	2.932163e-03	8.019681e-21	-1.099305e-03	2.748263e-05	8.346836e-03	7.330408e-05	1.493564e-03	1.438599e-03	7.330408e-05	-7.330408e-05	7.797183e-03	-8.896489e-03
305           	2.932161e-03	8.019678e-21	-1.099303e-03	2.748258e-05	8.346828e-03	7.330402e-05	1.493563e-03	1.438598e-03	7.330402e-05	-7.330402e-05	7.797176e-03	-8.896480e-03
306           	2.932159e-03	8.019676e-21	-1.099305e-03	2.748262e-05	8.346827e-03	7.330399e-05	1.493562e-03	1.438597e-03	7.330399e-05	-7.330399e-05	7.797175e-03	-8.896480e-03
307           	2.932159e-03	8.019675e-21	-1.099309e-03	2.748273e-05	8.346835e-03	7.330397e-05	1.493562e-03	1.438597e-03	7.330397e-05	-7.330397e-05	7.797180e-03	-8.896489e-03
308           	2.932160e-03	8.019678e-21	-1.099315e-03	2.748288e-05	8.346848e-03	7.330399e-05	1.493563e-03	1.438597e-03	7.330399e-05	-7.330399e-05	7.797190e-03	-8.896505e-03
309           	2.932161e-03	8.019682e-21	-1.099320e-03	2.748300e-05	8.346861e-03	7.330403e-05	1.493564e-03	1.438598e-03	7.330403e-05	-7.330403e-05	7.797201e-03	-8.896521e-03
310           	2.932163e-03	8.019684e-21	-1.099323e-03	2.748307e-05	8.346871e-03	7.330408e-05	1.493565e-03	1.438599e-03	7.330408e-05	-7.330408e-05	7.797210e-03	-8.896532e-03
311           	2.932165e-03	8.019686e-21	-1.099323e-03	2.748308e-05	8.346875e-03	7.330412e-05	1.493565e-03	1.438599e-03	7.330412e-05	-7.330412e-05	7.797214e-03	-8.896537e-03
312           	2.932166e-03	8.019688e-21	-1.099321e-03	2.748302e-05	8.346873e-03	7.330414e-05	1.493566e-03	1.438600e-03	7.330414e-05	-7.330414e-05	7.797213e-03	-8.896533e-03
313           	2.932166e-03	8.019687e-21	-1.099317e-03	2.748292e-05	8.346865e-03	7.330415e-05	1.493566e-03	1.438600e-03	7.330415e-05	-7.330415e-05	7.797206e-03	-8.896523e-03
314           	2.932165e-03	8.019685e-21	-1.099312e-03	2.748280e-05	8.346853e-03	7.330412e-05	1.493565e-03	1.438600e-03	7.330412e-05	-7.330412e-05	7.797197e-03	-8.896509e-03
315           	2.932163e-03	8.019682e-21	-1.099308e-03	2.748271e-05	8.346843e-03	7.330408e-05	1.493564e-03	1.438599e-03	7.330408e-05	-7.330408e-05	7.797189e-03	-8.896497e-03
316           	2.932162e-03	8.019680e-21	-1.099307e-03	2.748267e-05	8.346836e-03	7.330404e-05	1.493564e-03	1.438598e-03	7.330404e-05	-7.330404e-05	7.797183e-03	-8.896490e-03
317           	2.932161e-03	8.019678e-21	-1.099307e-03	2.748269e-05	8.346835e-03	7.330401e-05	1.493563e-03	1.438598e-03	7.330401e-05	-7.330401e-05	7.797181e-03	-8.896489e-03
318           	2.932160e-03	8.019677e-21	-1.099310e-03	2.748275e-05	8.346839e-03	7.330400e-05	1.493563e-03	1.438597e-03	7.330400e-05	-7.330400e-05	7.797184e-03	-8.896494e-03
319           	2.932160e-03	8.019679e-21	-1.099314e-03	2.748285e-05	8.346848e-03	7.330401e-05	1.493563e-03	1.438597e-03	7.330401e-05	-7.330401e-05	7.797191e-03	-8.896505e-03
320           	2.932162e-03	8.019681e-21	-1.099318e-03	2.748294e-05	8.346857e-03	7.330404e-05	1.493564e-03	1.438598e-03	7.330404e-05	-7.330404e-05	7.797199e-03	-8.896516e-03
321           	2.932163e-03	8.019683e-21	-1.099320e-03	2.748300e-05	8.346865e-03	7.330407e-05	1.493564e-03	1.438598e-03	7.330407e-05	-7.330407e-05	7.797205e-03	-8.896525e-03
322           	2.932164e-03	8.019685e-21	-1.099321e-03	2.748301e-05	8.346868e-03	7.330410e-05	1.493565e-03	1.438599e-03	7.330410e-05	-7.330410e-05	7.797208e-03	-8.896529e-03
323           	2.932165e-03	8.019686e-21	-1.099319e-03	2.748298e-05	8.346868e-03	7.330412e-05	1.493565e-03	1.438599e-03	7.330412e-05	-7.330412e-05	7.797208e-03	-8.896527e-03
324           	2.932165e-03	8.019686e-21	-1.099316e-03	2.748291e-05	8.346862e-03	7.330412e-05	1.493565e-03	1.438600e-03	7.330412e-05	-7.330412e-05	7.797204e-03	-8.896521e-03
325           	2.932164e-03	8.019684e-21	-1.099313e-03	2.748282e-05	8.346854e-03	7.330411e-05	1.493565e-03	1.438599e-03	7.330411e-05	-7.330411e-05	7.797198e-03	-8.896511e-03
326           	2.932163e-03	8.019682e-21	-1.099310e-03	2.748276e-05	8.346847e-03	7.330408e-05	1.493564e-03	1.438599e-03	7.330408e-05	-7.330408e-05	7.797191e-03	-8.896502e-03
327           	2.932162e-03	8.019680e-21	-1.099309e-03	2.748273e-05	8.346842e-03	7.330405e-05	1.493564e-03	1.438598e-03	7.330405e-05	-7.330405e-05	7.797187e-03	-8.896496e-03
328           	2.932161e-03	8.019679e-21	-1.099309e-03	2.748273e-05	8.346840e-03	7.330403e-05	1.493563e-03	1.438598e-03	7.330403e-05	-7.330403e-05	7.797186e-03	-8.896495e-03
329           	2.932161e-03	8.019679e-21	-1.099311e-03	2.748278e-05	8.346843e-03	7.330402e-05	1.493563e-03	1.438598e-03	7.330402e-05	-7.330402e-05	7.797187e-03	-8.896498e-03
330           	2.932161e-03	8.019679e-21	-1.099314e-03	2.748284e-05	8.346848e-03	7.330403e-05	1.493563e-03	1.438598e-03	7.330403e-05	-7.330403e-05	7.797191e-03	-8.896505e-03
331           	2.932162e-03	8.019681e-21	-1.099316e-03	2.748291e-05	8.346855e-03	7.330404e-05	1.493564e-03	1.438598e-03	7.330404e-05	-7.330404e-05	7.797197e-03	-8.896514e-03
332           	2.932163e-03	8.019683e-21	-1.099318e-03	2.748295e-05	8.346861e-03	7.330407e-05	1.493564e-03	1.438598e-03	7.330407e-05	-7.330407e-05	7.797202e-03	-8.896520e-03
333           	2.932164e-03	8.019684e-21	-1.099319e-03	2.748297e-05	8.346864e-03	7.330409e-05	1.493565e-03	1.438599e-03	7.330409e-05	-7.330409e-05	7.797204e-03	-8.896523e-03
334           	2.932164e-03	8.019685e-21	-1.099318e-03	2.748295e-05	8.346864e-03	7.330410e-05	1.493565e-03	1.438599e-03	7.330410e-05	-7.330410e-05	7.797205e-03	-8.896523e-03
335           	2.932164e-03	8.019685e-21	-1.099316e-03	2.748290e-05	8.346860e-03	7.330411e-05	1.493565e-03	1.438599e-03	7.330411e-05	-7.330411e-05	7.797202e-03	-8.896518e-03
336           	2.932164e-03	8.019684e-21	-1.099314e-03	2.748284e-05	8.346855e-03	7.330410e-05	1.493565e-03	1.438599e-03	7.330410e-05	-7.330410e-05	7.797198e-03	-8.896512e-03
337           	2.932163e-03	8.019682e-21	-1.099312e-03	2.748279e-05	8.346849e-03	7.330408e-05	1.493564e-03	1.438599e-03	7.330408e-05	-7.330408e-05	7.797193e-03	-8.896505e-03
338           	2.932162e-03	8.019681e-21	-1.099311e-03	2.748277e-05	8.346846e-03	7.330406e-05	1.493564e-03	1.438598e-03	7.330406e-05	-7.330406e-05	7.797190e-03	-8.896501e-03
339           	2.932162e-03	8.019680e-21	-1.099311e-03	2.748277e-05	8.346844e-03	7.330405e-05	1.493564e-03	1.438598e-03	7.330405e-05	-7.330405e-05	7.797189e-03	-8.896499e-03
340           	2.932161e-03	8.019680e-21	-1.099312e-03	2.748279e-05	8.346845e-03	7.330404e-05	1.493564e-03	1.438598e-03	7.330404e-05	-7.330404e-05	7.797189e-03	-8.896501e-03
341           	2.932161e-03	8.019680e-21	-1.099313e-03	2.748284e-05	8.346849e-03	7.330404e-05	1.493564e-03	1.438598e-03	7.330404e-05	-7.330404e-05	7.797192e-03	-8.896506e-03
342           	2.932162e-03	8.019681e-21	-1.099315e-03	2.748289e-05	8.346854e-03	7.330405e-05	1.493564e-03	1.438598e-03	7.330405e-05	-7.330405e-05	7.797196e-03	-8.896511e-03
343           	2.932163e-03	8.019683e-21	-1.099317e-03	2.748292e-05	8.346858e-03	7.330406e-05	1.493564e-03	1.438598e-03	7.330406e-05	-7.330406e-05	7.797199e-03	-8.896516e-03
344           	2.932163e-03	8.019683e-21	-1.099317e-03	2.748293e-05	8.346860e-03	7.330408e-05	1.493565e-03	1.438599e-03	7.330408e-05	-7.330408e-05	7.797202e-03	-8.896519e-03
