# Force coefficients
# dragDir     : (1.000000e+00 0.000000e+00 0.000000e+00)
# sideDir     : (0.000000e+00 0.000000e+00 -1.000000e+00)
# liftDir     : (0.000000e+00 1.000000e+00 0.000000e+00)
# rollAxis    : (1.000000e+00 0.000000e+00 0.000000e+00)
# pitchAxis   : (0.000000e+00 0.000000e+00 -1.000000e+00)
# yawAxis     : (0.000000e+00 1.000000e+00 0.000000e+00)
# magUInf     : 2.000000e-02
# lRef        : 1.000000e-01
# Aref        : 1.000000e-01
# CofR        : (0.000000e+00 0.000000e+00 0.000000e+00)
#
# Time        	Cd            	Cs            	Cl            	CmRoll        	CmPitch       	CmYaw         	Cd(f)         	Cd(r)         	Cs(f)         	Cs(r)         	Cl(f)         	Cl(r)         
1             	2.133223e-03	-4.702277e-20	-1.768028e-03	4.420071e-05	8.298892e-03	5.333057e-05	1.110812e-03	1.022411e-03	5.333057e-05	-5.333057e-05	7.414878e-03	-9.182906e-03
2             	5.083938e-03	-5.751742e-20	-4.025917e-03	1.006479e-04	1.925089e-02	1.270985e-04	2.642617e-03	2.441321e-03	1.270985e-04	-1.270985e-04	1.723793e-02	-2.126385e-02
3             	4.508863e-03	-2.736581e-20	-3.079150e-03	7.697876e-05	1.587345e-02	1.127216e-04	2.331410e-03	2.177453e-03	1.127216e-04	-1.127216e-04	1.433387e-02	-1.741303e-02
4             	3.409993e-03	5.480723e-21	-2.366262e-03	5.915656e-05	1.189751e-02	8.524983e-05	1.764153e-03	1.645840e-03	8.524983e-05	-8.524983e-05	1.071438e-02	-1.308064e-02
5             	3.324234e-03	1.764293e-20	-2.896430e-03	7.241076e-05	1.284845e-02	8.310586e-05	1.734528e-03	1.589706e-03	8.310586e-05	-8.310586e-05	1.140024e-02	-1.429667e-02
6             	3.569176e-03	1.838384e-20	-3.537493e-03	8.843731e-05	1.475504e-02	8.922940e-05	1.873025e-03	1.696151e-03	8.922940e-05	-8.922940e-05	1.298629e-02	-1.652378e-02
7             	3.822216e-03	1.627283e-20	-3.850376e-03	9.625941e-05	1.598608e-02	9.555539e-05	2.007367e-03	1.814848e-03	9.555539e-05	-9.555539e-05	1.406089e-02	-1.791126e-02
8             	3.930930e-03	1.414672e-20	-3.770571e-03	9.426428e-05	1.607294e-02	9.827325e-05	2.059729e-03	1.871201e-03	9.827325e-05	-9.827325e-05	1.418765e-02	-1.795823e-02
9             	3.876075e-03	1.228515e-20	-3.512274e-03	8.780686e-05	1.542946e-02	9.690188e-05	2.025845e-03	1.850231e-03	9.690188e-05	-9.690188e-05	1.367332e-02	-1.718560e-02
10            	3.733908e-03	1.098749e-20	-3.192860e-03	7.982149e-05	1.447547e-02	9.334770e-05	1.946775e-03	1.787132e-03	9.334770e-05	-9.334770e-05	1.287904e-02	-1.607190e-02
11            	3.585030e-03	1.005546e-20	-2.869755e-03	7.174386e-05	1.350375e-02	8.962575e-05	1.864259e-03	1.720771e-03	8.962575e-05	-8.962575e-05	1.206887e-02	-1.493863e-02
12            	3.459136e-03	9.209596e-21	-2.562067e-03	6.405169e-05	1.261489e-02	8.647840e-05	1.793620e-03	1.665516e-03	8.647840e-05	-8.647840e-05	1.133386e-02	-1.389593e-02
13            	3.354427e-03	8.250164e-21	-2.274359e-03	5.685896e-05	1.181045e-02	8.386067e-05	1.734072e-03	1.620354e-03	8.386067e-05	-8.386067e-05	1.067327e-02	-1.294763e-02
14            	3.273988e-03	7.350902e-21	-2.021153e-03	5.052883e-05	1.112480e-02	8.184970e-05	1.687523e-03	1.586465e-03	8.184970e-05	-8.184970e-05	1.011422e-02	-1.213538e-02
15            	3.210910e-03	6.563175e-21	-1.798808e-03	4.497021e-05	1.053802e-02	8.027274e-05	1.650425e-03	1.560485e-03	8.027274e-05	-8.027274e-05	9.638613e-03	-1.143742e-02
16            	3.163681e-03	5.969882e-21	-1.611219e-03	4.028048e-05	1.005513e-02	7.909204e-05	1.622121e-03	1.541560e-03	7.909204e-05	-7.909204e-05	9.249522e-03	-1.086074e-02
17            	3.130304e-03	5.558041e-21	-1.462497e-03	3.656242e-05	9.680718e-03	7.825759e-05	1.601714e-03	1.528589e-03	7.825759e-05	-7.825759e-05	8.949470e-03	-1.041197e-02
18            	3.109593e-03	5.251885e-21	-1.353692e-03	3.384229e-05	9.415833e-03	7.773983e-05	1.588639e-03	1.520954e-03	7.773983e-05	-7.773983e-05	8.738987e-03	-1.009268e-02
19            	3.093954e-03	5.084342e-21	-1.273938e-03	3.184845e-05	9.220941e-03	7.734885e-05	1.578826e-03	1.515129e-03	7.734885e-05	-7.734885e-05	8.583972e-03	-9.857910e-03
20            	3.084246e-03	5.006040e-21	-1.224122e-03	3.060306e-05	9.100060e-03	7.710616e-05	1.572726e-03	1.511520e-03	7.710616e-05	-7.710616e-05	8.487999e-03	-9.712121e-03
21            	3.080227e-03	4.979287e-21	-1.198842e-03	2.997104e-05	9.041530e-03	7.700568e-05	1.570085e-03	1.510143e-03	7.700568e-05	-7.700568e-05	8.442110e-03	-9.640951e-03
22            	3.079473e-03	5.010232e-21	-1.189751e-03	2.974377e-05	9.022591e-03	7.698684e-05	1.569481e-03	1.509993e-03	7.698684e-05	-7.698684e-05	8.427715e-03	-9.617466e-03
23            	3.080245e-03	5.082251e-21	-1.190710e-03	2.976775e-05	9.026796e-03	7.700612e-05	1.569890e-03	1.510355e-03	7.700612e-05	-7.700612e-05	8.431441e-03	-9.622151e-03
24            	3.081770e-03	5.167268e-21	-1.197476e-03	2.993689e-05	9.043755e-03	7.704424e-05	1.570822e-03	1.510948e-03	7.704424e-05	-7.704424e-05	8.445017e-03	-9.642493e-03
25            	3.083766e-03	5.245377e-21	-1.208127e-03	3.020317e-05	9.069008e-03	7.709416e-05	1.572086e-03	1.511680e-03	7.709416e-05	-7.709416e-05	8.464945e-03	-9.673072e-03
26            	3.084984e-03	5.335468e-21	-1.220810e-03	3.052024e-05	9.096119e-03	7.712459e-05	1.573012e-03	1.511972e-03	7.712459e-05	-7.712459e-05	8.485714e-03	-9.706524e-03
27            	3.083997e-03	5.448925e-21	-1.235096e-03	3.087739e-05	9.121332e-03	7.709993e-05	1.572876e-03	1.511121e-03	7.709993e-05	-7.709993e-05	8.503784e-03	-9.738880e-03
28            	3.084747e-03	5.541977e-21	-1.255350e-03	3.138376e-05	9.162815e-03	7.711867e-05	1.573757e-03	1.510990e-03	7.711867e-05	-7.711867e-05	8.535139e-03	-9.790490e-03
29            	3.087386e-03	5.648514e-21	-1.278445e-03	3.196113e-05	9.214256e-03	7.718464e-05	1.575654e-03	1.511732e-03	7.718464e-05	-7.718464e-05	8.575034e-03	-9.853479e-03
30            	3.088745e-03	5.740745e-21	-1.304622e-03	3.261556e-05	9.269608e-03	7.721862e-05	1.576988e-03	1.511757e-03	7.721862e-05	-7.721862e-05	8.617297e-03	-9.921919e-03
31            	3.091979e-03	5.846429e-21	-1.332240e-03	3.330600e-05	9.332580e-03	7.729947e-05	1.579295e-03	1.512683e-03	7.729947e-05	-7.729947e-05	8.666460e-03	-9.998700e-03
32            	3.097295e-03	5.942304e-21	-1.363598e-03	3.408995e-05	9.408286e-03	7.743238e-05	1.582738e-03	1.514558e-03	7.743238e-05	-7.743238e-05	8.726487e-03	-1.009008e-02
33            	3.102966e-03	6.001727e-21	-1.392384e-03	3.480961e-05	9.480095e-03	7.757415e-05	1.586293e-03	1.516673e-03	7.757415e-05	-7.757415e-05	8.783902e-03	-1.017629e-02
34            	3.108768e-03	6.013847e-21	-1.418323e-03	3.545808e-05	9.546719e-03	7.771919e-05	1.589842e-03	1.518926e-03	7.771919e-05	-7.771919e-05	8.837558e-03	-1.025588e-02
35            	3.112970e-03	6.024446e-21	-1.435780e-03	3.589450e-05	9.592252e-03	7.782424e-05	1.592379e-03	1.520590e-03	7.782424e-05	-7.782424e-05	8.874362e-03	-1.031014e-02
36            	3.116834e-03	6.020411e-21	-1.450289e-03	3.625723e-05	9.630948e-03	7.792084e-05	1.594674e-03	1.522160e-03	7.792084e-05	-7.792084e-05	8.905803e-03	-1.035609e-02
37            	3.118236e-03	6.016255e-21	-1.456592e-03	3.641479e-05	9.646993e-03	7.795590e-05	1.595533e-03	1.522703e-03	7.795590e-05	-7.795590e-05	8.918698e-03	-1.037529e-02
38            	3.118310e-03	5.996019e-21	-1.458874e-03	3.647184e-05	9.651629e-03	7.795774e-05	1.595627e-03	1.522683e-03	7.795774e-05	-7.795774e-05	8.922192e-03	-1.038107e-02
39            	3.115769e-03	6.006898e-21	-1.456948e-03	3.642370e-05	9.641382e-03	7.789423e-05	1.594308e-03	1.521461e-03	7.789423e-05	-7.789423e-05	8.912908e-03	-1.036986e-02
40            	3.113528e-03	6.004640e-21	-1.456424e-03	3.641061e-05	9.634808e-03	7.783820e-05	1.593175e-03	1.520353e-03	7.783820e-05	-7.783820e-05	8.906595e-03	-1.036302e-02
41            	3.110397e-03	6.018051e-21	-1.455512e-03	3.638780e-05	9.625393e-03	7.775992e-05	1.591586e-03	1.518811e-03	7.775992e-05	-7.775992e-05	8.897637e-03	-1.035315e-02
42            	3.108130e-03	6.030406e-21	-1.457354e-03	3.643385e-05	9.623805e-03	7.770326e-05	1.590499e-03	1.517631e-03	7.770326e-05	-7.770326e-05	8.895128e-03	-1.035248e-02
43            	3.106951e-03	6.038754e-21	-1.461233e-03	3.653082e-05	9.629091e-03	7.767378e-05	1.590006e-03	1.516945e-03	7.767378e-05	-7.767378e-05	8.898474e-03	-1.035971e-02
44            	3.107082e-03	6.036338e-21	-1.466614e-03	3.666535e-05	9.640657e-03	7.767704e-05	1.590206e-03	1.516876e-03	7.767704e-05	-7.767704e-05	8.907350e-03	-1.037396e-02
45            	3.108185e-03	6.022983e-21	-1.471962e-03	3.679906e-05	9.654519e-03	7.770462e-05	1.590891e-03	1.517293e-03	7.770462e-05	-7.770462e-05	8.918538e-03	-1.039050e-02
46            	3.109747e-03	6.001374e-21	-1.475992e-03	3.689979e-05	9.666754e-03	7.774368e-05	1.591773e-03	1.517974e-03	7.774368e-05	-7.774368e-05	8.928758e-03	-1.040475e-02
47            	3.111280e-03	5.974969e-21	-1.477911e-03	3.694779e-05	9.674539e-03	7.778201e-05	1.592588e-03	1.518692e-03	7.778201e-05	-7.778201e-05	8.935583e-03	-1.041349e-02
48            	3.112701e-03	5.940070e-21	-1.477578e-03	3.693946e-05	9.677350e-03	7.781753e-05	1.593290e-03	1.519411e-03	7.781753e-05	-7.781753e-05	8.938560e-03	-1.041614e-02
49            	3.113224e-03	5.911216e-21	-1.474094e-03	3.685235e-05	9.671363e-03	7.783059e-05	1.593464e-03	1.519760e-03	7.783059e-05	-7.783059e-05	8.934316e-03	-1.040841e-02
50            	3.112451e-03	5.896160e-21	-1.468344e-03	3.670859e-05	9.657531e-03	7.781127e-05	1.592934e-03	1.519517e-03	7.781127e-05	-7.781127e-05	8.923359e-03	-1.039170e-02
51            	3.110557e-03	5.898132e-21	-1.462157e-03	3.655393e-05	9.640146e-03	7.776392e-05	1.591832e-03	1.518724e-03	7.776392e-05	-7.776392e-05	8.909067e-03	-1.037122e-02
52            	3.108448e-03	5.909574e-21	-1.457512e-03	3.643780e-05	9.625432e-03	7.771120e-05	1.590662e-03	1.517786e-03	7.771120e-05	-7.771120e-05	8.896676e-03	-1.035419e-02
53            	3.106518e-03	5.926949e-21	-1.454951e-03	3.637377e-05	9.615467e-03	7.766296e-05	1.589633e-03	1.516885e-03	7.766296e-05	-7.766296e-05	8.887991e-03	-1.034294e-02
54            	3.105043e-03	5.948245e-21	-1.454741e-03	3.636852e-05	9.611486e-03	7.762607e-05	1.588890e-03	1.516153e-03	7.762607e-05	-7.762607e-05	8.884115e-03	-1.033886e-02
55            	3.104408e-03	5.965617e-21	-1.456783e-03	3.641957e-05	9.614233e-03	7.761019e-05	1.588623e-03	1.515784e-03	7.761019e-05	-7.761019e-05	8.885842e-03	-1.034262e-02
56            	3.104673e-03	5.973968e-21	-1.460307e-03	3.650766e-05	9.622250e-03	7.761682e-05	1.588844e-03	1.515829e-03	7.761682e-05	-7.761682e-05	8.892097e-03	-1.035240e-02
57            	3.105703e-03	5.971519e-21	-1.464186e-03	3.660466e-05	9.632855e-03	7.764258e-05	1.589456e-03	1.516247e-03	7.764258e-05	-7.764258e-05	8.900761e-03	-1.036495e-02
58            	3.107084e-03	5.960470e-21	-1.467245e-03	3.668112e-05	9.642575e-03	7.767710e-05	1.590223e-03	1.516861e-03	7.767710e-05	-7.767710e-05	8.908953e-03	-1.037620e-02
59            	3.108500e-03	5.942079e-21	-1.468726e-03	3.671816e-05	9.649070e-03	7.771251e-05	1.590968e-03	1.517532e-03	7.771251e-05	-7.771251e-05	8.914707e-03	-1.038343e-02
60            	3.109503e-03	5.922084e-21	-1.468156e-03	3.670390e-05	9.650267e-03	7.773759e-05	1.591456e-03	1.518048e-03	7.773759e-05	-7.773759e-05	8.916189e-03	-1.038435e-02
61            	3.109944e-03	5.904193e-21	-1.465851e-03	3.664628e-05	9.646468e-03	7.774860e-05	1.591618e-03	1.518326e-03	7.774860e-05	-7.774860e-05	8.913542e-03	-1.037939e-02
62            	3.109414e-03	5.896976e-21	-1.462062e-03	3.655156e-05	9.637248e-03	7.773535e-05	1.591259e-03	1.518156e-03	7.773535e-05	-7.773535e-05	8.906217e-03	-1.036828e-02
63            	3.108273e-03	5.899622e-21	-1.458353e-03	3.645882e-05	9.626719e-03	7.770682e-05	1.590595e-03	1.517678e-03	7.770682e-05	-7.770682e-05	8.897543e-03	-1.035590e-02
64            	3.106978e-03	5.908808e-21	-1.455677e-03	3.639193e-05	9.617973e-03	7.767445e-05	1.589881e-03	1.517097e-03	7.767445e-05	-7.767445e-05	8.890134e-03	-1.034581e-02
65            	3.105344e-03	5.926810e-21	-1.454108e-03	3.635270e-05	9.610821e-03	7.763359e-05	1.589024e-03	1.516319e-03	7.763359e-05	-7.763359e-05	8.883767e-03	-1.033788e-02
66            	3.104662e-03	5.939549e-21	-1.454807e-03	3.637016e-05	9.610625e-03	7.761656e-05	1.588701e-03	1.515961e-03	7.761656e-05	-7.761656e-05	8.883221e-03	-1.033803e-02
67            	3.104459e-03	5.953824e-21	-1.456776e-03	3.641939e-05	9.614202e-03	7.761149e-05	1.588649e-03	1.515810e-03	7.761149e-05	-7.761149e-05	8.885814e-03	-1.034259e-02
68            	3.105044e-03	5.958287e-21	-1.459877e-03	3.649692e-05	9.622063e-03	7.762610e-05	1.589019e-03	1.516025e-03	7.762610e-05	-7.762610e-05	8.892124e-03	-1.035200e-02
69            	3.106021e-03	5.956184e-21	-1.462823e-03	3.657057e-05	9.630532e-03	7.765054e-05	1.589581e-03	1.516440e-03	7.765054e-05	-7.765054e-05	8.899121e-03	-1.036194e-02
70            	3.107137e-03	5.947750e-21	-1.464978e-03	3.662446e-05	9.637698e-03	7.767842e-05	1.590193e-03	1.516944e-03	7.767842e-05	-7.767842e-05	8.905209e-03	-1.037019e-02
71            	3.108555e-03	5.932962e-21	-1.466216e-03	3.665539e-05	9.643593e-03	7.771388e-05	1.590933e-03	1.517622e-03	7.771388e-05	-7.771388e-05	8.910485e-03	-1.037670e-02
72            	3.109114e-03	5.923439e-21	-1.465553e-03	3.663882e-05	9.643530e-03	7.772786e-05	1.591196e-03	1.517918e-03	7.772786e-05	-7.772786e-05	8.910754e-03	-1.037631e-02
73            	3.109346e-03	5.911123e-21	-1.463888e-03	3.659719e-05	9.640616e-03	7.773365e-05	1.591270e-03	1.518076e-03	7.773365e-05	-7.773365e-05	8.908673e-03	-1.037256e-02
74            	3.108753e-03	5.909577e-21	-1.460971e-03	3.652427e-05	9.633102e-03	7.771883e-05	1.590901e-03	1.517852e-03	7.771883e-05	-7.771883e-05	8.902617e-03	-1.036359e-02
75            	3.107788e-03	5.914362e-21	-1.458393e-03	3.645983e-05	9.625418e-03	7.769469e-05	1.590354e-03	1.517434e-03	7.769469e-05	-7.769469e-05	8.896221e-03	-1.035461e-02
76            	3.106502e-03	5.925216e-21	-1.456366e-03	3.640916e-05	9.618168e-03	7.766256e-05	1.589660e-03	1.516842e-03	7.766256e-05	-7.766256e-05	8.889985e-03	-1.034635e-02
77            	3.105733e-03	5.934217e-21	-1.455922e-03	3.639804e-05	9.615396e-03	7.764331e-05	1.589264e-03	1.516468e-03	7.764331e-05	-7.764331e-05	8.887435e-03	-1.034336e-02
78            	3.105144e-03	5.945044e-21	-1.456708e-03	3.641769e-05	9.615637e-03	7.762861e-05	1.588990e-03	1.516155e-03	7.762861e-05	-7.762861e-05	8.887284e-03	-1.034399e-02
79            	3.105371e-03	5.947416e-21	-1.458495e-03	3.646238e-05	9.619894e-03	7.763428e-05	1.589148e-03	1.516223e-03	7.763428e-05	-7.763428e-05	8.890646e-03	-1.034914e-02
80            	3.105781e-03	5.952058e-21	-1.460458e-03	3.651145e-05	9.624928e-03	7.764452e-05	1.589402e-03	1.516379e-03	7.764452e-05	-7.764452e-05	8.894699e-03	-1.035516e-02
81            	3.106598e-03	5.948296e-21	-1.462585e-03	3.656462e-05	9.631314e-03	7.766495e-05	1.589864e-03	1.516734e-03	7.766495e-05	-7.766495e-05	8.900021e-03	-1.036261e-02
82            	3.107674e-03	5.940442e-21	-1.464199e-03	3.660498e-05	9.637197e-03	7.769184e-05	1.590442e-03	1.517232e-03	7.769184e-05	-7.769184e-05	8.905098e-03	-1.036930e-02
83            	3.108326e-03	5.933099e-21	-1.464537e-03	3.661342e-05	9.639459e-03	7.770816e-05	1.590777e-03	1.517550e-03	7.770816e-05	-7.770816e-05	8.907191e-03	-1.037173e-02
84            	3.108795e-03	5.924962e-21	-1.463811e-03	3.659527e-05	9.639053e-03	7.771987e-05	1.590993e-03	1.517802e-03	7.771987e-05	-7.771987e-05	8.907147e-03	-1.037096e-02
85            	3.108643e-03	5.922461e-21	-1.462321e-03	3.655802e-05	9.635593e-03	7.771608e-05	1.590880e-03	1.517764e-03	7.771608e-05	-7.771608e-05	8.904432e-03	-1.036675e-02
86            	3.108258e-03	5.919553e-21	-1.460572e-03	3.651430e-05	9.631054e-03	7.770645e-05	1.590643e-03	1.517615e-03	7.770645e-05	-7.770645e-05	8.900768e-03	-1.036134e-02
87            	3.107544e-03	5.923348e-21	-1.458797e-03	3.646991e-05	9.625649e-03	7.768861e-05	1.590242e-03	1.517302e-03	7.768861e-05	-7.768861e-05	8.896251e-03	-1.035505e-02
88            	3.106632e-03	5.930547e-21	-1.457517e-03	3.643792e-05	9.620846e-03	7.766580e-05	1.589754e-03	1.516878e-03	7.766580e-05	-7.766580e-05	8.892088e-03	-1.034960e-02
89            	3.106110e-03	5.936744e-21	-1.457318e-03	3.643295e-05	9.619185e-03	7.765275e-05	1.589488e-03	1.516622e-03	7.765275e-05	-7.765275e-05	8.890526e-03	-1.034784e-02
90            	3.105773e-03	5.943624e-21	-1.458041e-03	3.645104e-05	9.619893e-03	7.764433e-05	1.589338e-03	1.516436e-03	7.764433e-05	-7.764433e-05	8.890873e-03	-1.034891e-02
91            	3.105992e-03	5.944556e-21	-1.459360e-03	3.648399e-05	9.623157e-03	7.764979e-05	1.589480e-03	1.516512e-03	7.764979e-05	-7.764979e-05	8.893477e-03	-1.035284e-02
92            	3.106308e-03	5.947254e-21	-1.460718e-03	3.651796e-05	9.626721e-03	7.765771e-05	1.589672e-03	1.516636e-03	7.765771e-05	-7.765771e-05	8.896362e-03	-1.035708e-02
93            	3.106894e-03	5.944087e-21	-1.462146e-03	3.655364e-05	9.631097e-03	7.767236e-05	1.590001e-03	1.516894e-03	7.767236e-05	-7.767236e-05	8.900024e-03	-1.036217e-02
94            	3.107646e-03	5.938145e-21	-1.463160e-03	3.657901e-05	9.634971e-03	7.769114e-05	1.590402e-03	1.517244e-03	7.769114e-05	-7.769114e-05	8.903391e-03	-1.036655e-02
95            	3.108077e-03	5.932984e-21	-1.463287e-03	3.658216e-05	9.636263e-03	7.770193e-05	1.590621e-03	1.517456e-03	7.770193e-05	-7.770193e-05	8.904620e-03	-1.036791e-02
96            	3.108341e-03	5.927522e-21	-1.462635e-03	3.656588e-05	9.635533e-03	7.770853e-05	1.590736e-03	1.517605e-03	7.770853e-05	-7.770853e-05	8.904215e-03	-1.036685e-02
97            	3.108179e-03	5.926283e-21	-1.461524e-03	3.653811e-05	9.632838e-03	7.770449e-05	1.590628e-03	1.517552e-03	7.770449e-05	-7.770449e-05	8.902076e-03	-1.036360e-02
98            	3.107880e-03	5.924587e-21	-1.460311e-03	3.650778e-05	9.629615e-03	7.769701e-05	1.590448e-03	1.517432e-03	7.769701e-05	-7.769701e-05	8.899460e-03	-1.035977e-02
99            	3.107203e-03	5.928719e-21	-1.458896e-03	3.647239e-05	9.625077e-03	7.768008e-05	1.590074e-03	1.517129e-03	7.768008e-05	-7.768008e-05	8.895629e-03	-1.035452e-02
100           	3.106660e-03	5.932888e-21	-1.458273e-03	3.645682e-05	9.622504e-03	7.766649e-05	1.589787e-03	1.516873e-03	7.766649e-05	-7.766649e-05	8.893368e-03	-1.035164e-02
101           	3.106388e-03	5.936605e-21	-1.458274e-03	3.645686e-05	9.621848e-03	7.765969e-05	1.589651e-03	1.516737e-03	7.765969e-05	-7.765969e-05	8.892711e-03	-1.035099e-02
102           	3.106212e-03	5.940536e-21	-1.458861e-03	3.647153e-05	9.622646e-03	7.765530e-05	1.589577e-03	1.516634e-03	7.765530e-05	-7.765530e-05	8.893216e-03	-1.035208e-02
103           	3.106389e-03	5.941118e-21	-1.459792e-03	3.649481e-05	9.625004e-03	7.765974e-05	1.589690e-03	1.516700e-03	7.765974e-05	-7.765974e-05	8.895108e-03	-1.035490e-02
104           	3.106624e-03	5.942990e-21	-1.460731e-03	3.651828e-05	9.627508e-03	7.766559e-05	1.589830e-03	1.516794e-03	7.766559e-05	-7.766559e-05	8.897142e-03	-1.035787e-02
105           	3.107172e-03	5.940121e-21	-1.461875e-03	3.654687e-05	9.631178e-03	7.767930e-05	1.590133e-03	1.517039e-03	7.767930e-05	-7.767930e-05	8.900241e-03	-1.036212e-02
106           	3.107632e-03	5.936723e-21	-1.462390e-03	3.655976e-05	9.633332e-03	7.769081e-05	1.590376e-03	1.517256e-03	7.769081e-05	-7.769081e-05	8.902137e-03	-1.036453e-02
107           	3.107909e-03	5.933681e-21	-1.462337e-03	3.655842e-05	9.633875e-03	7.769773e-05	1.590513e-03	1.517396e-03	7.769773e-05	-7.769773e-05	8.902707e-03	-1.036504e-02
108           	3.107976e-03	5.931071e-21	-1.461921e-03	3.654801e-05	9.633177e-03	7.769940e-05	1.590536e-03	1.517440e-03	7.769940e-05	-7.769940e-05	8.902217e-03	-1.036414e-02
109           	3.107908e-03	5.928171e-21	-1.461161e-03	3.652903e-05	9.631447e-03	7.769770e-05	1.590483e-03	1.517425e-03	7.769770e-05	-7.769770e-05	8.900866e-03	-1.036203e-02
110           	3.107599e-03	5.928944e-21	-1.460183e-03	3.650458e-05	9.628678e-03	7.768998e-05	1.590304e-03	1.517295e-03	7.768998e-05	-7.768998e-05	8.898587e-03	-1.035877e-02
111           	3.107157e-03	5.931508e-21	-1.459331e-03	3.648327e-05	9.625869e-03	7.767891e-05	1.590062e-03	1.517095e-03	7.767891e-05	-7.767891e-05	8.896203e-03	-1.035553e-02
112           	3.106782e-03	5.934514e-21	-1.458934e-03	3.647335e-05	9.624164e-03	7.766955e-05	1.589864e-03	1.516918e-03	7.766955e-05	-7.766955e-05	8.894697e-03	-1.035363e-02
113           	3.106575e-03	5.936661e-21	-1.459036e-03	3.647591e-05	9.623887e-03	7.766438e-05	1.589764e-03	1.516812e-03	7.766438e-05	-7.766438e-05	8.894368e-03	-1.035340e-02
114           	3.106545e-03	5.938552e-21	-1.459421e-03	3.648553e-05	9.624605e-03	7.766363e-05	1.589758e-03	1.516787e-03	7.766363e-05	-7.766363e-05	8.894895e-03	-1.035432e-02
115           	3.106628e-03	5.940557e-21	-1.460055e-03	3.650138e-05	9.626112e-03	7.766570e-05	1.589815e-03	1.516813e-03	7.766570e-05	-7.766570e-05	8.896085e-03	-1.035614e-02
116           	3.106873e-03	5.940044e-21	-1.460821e-03	3.652052e-05	9.628289e-03	7.767183e-05	1.589957e-03	1.516916e-03	7.767183e-05	-7.767183e-05	8.897879e-03	-1.035870e-02
117           	3.107233e-03	5.937893e-21	-1.461498e-03	3.653745e-05	9.630543e-03	7.768084e-05	1.590154e-03	1.517079e-03	7.768084e-05	-7.768084e-05	8.899794e-03	-1.036129e-02
118           	3.107541e-03	5.935373e-21	-1.461805e-03	3.654512e-05	9.631905e-03	7.768853e-05	1.590316e-03	1.517225e-03	7.768853e-05	-7.768853e-05	8.901003e-03	-1.036281e-02
119           	3.107706e-03	5.933483e-21	-1.461694e-03	3.654235e-05	9.632068e-03	7.769265e-05	1.590395e-03	1.517311e-03	7.769265e-05	-7.769265e-05	8.901221e-03	-1.036291e-02
120           	3.107720e-03	5.932027e-21	-1.461352e-03	3.653379e-05	9.631397e-03	7.769301e-05	1.590394e-03	1.517326e-03	7.769301e-05	-7.769301e-05	8.900721e-03	-1.036207e-02
121           	3.107656e-03	5.930199e-21	-1.460820e-03	3.652051e-05	9.630148e-03	7.769140e-05	1.590349e-03	1.517307e-03	7.769140e-05	-7.769140e-05	8.899738e-03	-1.036056e-02
122           	3.107440e-03	5.930790e-21	-1.460162e-03	3.650404e-05	9.628264e-03	7.768601e-05	1.590224e-03	1.517216e-03	7.768601e-05	-7.768601e-05	8.898183e-03	-1.035834e-02
123           	3.107132e-03	5.932658e-21	-1.459598e-03	3.648994e-05	9.626368e-03	7.767830e-05	1.590056e-03	1.517076e-03	7.767830e-05	-7.767830e-05	8.896569e-03	-1.035617e-02
124           	3.106877e-03	5.934793e-21	-1.459359e-03	3.648397e-05	9.625273e-03	7.767194e-05	1.589923e-03	1.516955e-03	7.767194e-05	-7.767194e-05	8.895594e-03	-1.035495e-02
125           	3.106770e-03	5.936499e-21	-1.459443e-03	3.648607e-05	9.625187e-03	7.766926e-05	1.589871e-03	1.516899e-03	7.766926e-05	-7.766926e-05	8.895465e-03	-1.035491e-02
126           	3.106738e-03	5.937769e-21	-1.459805e-03	3.649513e-05	9.625860e-03	7.766846e-05	1.589864e-03	1.516874e-03	7.766846e-05	-7.766846e-05	8.895958e-03	-1.035576e-02
127           	3.106844e-03	5.937964e-21	-1.460270e-03	3.650676e-05	9.627076e-03	7.767109e-05	1.589929e-03	1.516915e-03	7.767109e-05	-7.767109e-05	8.896941e-03	-1.035721e-02
128           	3.106972e-03	5.938567e-21	-1.460716e-03	3.651789e-05	9.628305e-03	7.767429e-05	1.590004e-03	1.516968e-03	7.767429e-05	-7.767429e-05	8.897948e-03	-1.035866e-02
129           	3.107242e-03	5.937047e-21	-1.461221e-03	3.653053e-05	9.629994e-03	7.768105e-05	1.590151e-03	1.517090e-03	7.768105e-05	-7.768105e-05	8.899383e-03	-1.036060e-02
130           	3.107457e-03	5.935262e-21	-1.461406e-03	3.653516e-05	9.630883e-03	7.768641e-05	1.590263e-03	1.517193e-03	7.768641e-05	-7.768641e-05	8.900180e-03	-1.036159e-02
131           	3.107563e-03	5.933827e-21	-1.461301e-03	3.653252e-05	9.630917e-03	7.768907e-05	1.590314e-03	1.517249e-03	7.768907e-05	-7.768907e-05	8.900266e-03	-1.036157e-02
132           	3.107563e-03	5.932788e-21	-1.461041e-03	3.652601e-05	9.630380e-03	7.768908e-05	1.590308e-03	1.517256e-03	7.768908e-05	-7.768908e-05	8.899860e-03	-1.036090e-02
133           	3.107509e-03	5.931509e-21	-1.460653e-03	3.651632e-05	9.629450e-03	7.768772e-05	1.590271e-03	1.517238e-03	7.768772e-05	-7.768772e-05	8.899124e-03	-1.035978e-02
134           	3.107293e-03	5.932450e-21	-1.460104e-03	3.650261e-05	9.627804e-03	7.768233e-05	1.590149e-03	1.517144e-03	7.768233e-05	-7.768233e-05	8.897752e-03	-1.035786e-02
135           	3.107098e-03	5.933591e-21	-1.459793e-03	3.649482e-05	9.626698e-03	7.767746e-05	1.590044e-03	1.517054e-03	7.767746e-05	-7.767746e-05	8.896801e-03	-1.035659e-02
136           	3.106953e-03	5.934667e-21	-1.459684e-03	3.649209e-05	9.626127e-03	7.767383e-05	1.589969e-03	1.516984e-03	7.767383e-05	-7.767383e-05	8.896285e-03	-1.035597e-02
137           	3.106876e-03	5.936004e-21	-1.459741e-03	3.649352e-05	9.626058e-03	7.767189e-05	1.589931e-03	1.516944e-03	7.767189e-05	-7.767189e-05	8.896187e-03	-1.035593e-02
138           	3.106875e-03	5.936854e-21	-1.460034e-03	3.650084e-05	9.626661e-03	7.767188e-05	1.589938e-03	1.516937e-03	7.767188e-05	-7.767188e-05	8.896645e-03	-1.035668e-02
139           	3.106961e-03	5.936966e-21	-1.460374e-03	3.650934e-05	9.627571e-03	7.767403e-05	1.589990e-03	1.516971e-03	7.767403e-05	-7.767403e-05	8.897384e-03	-1.035776e-02
140           	3.107091e-03	5.937189e-21	-1.460738e-03	3.651845e-05	9.628633e-03	7.767728e-05	1.590064e-03	1.517027e-03	7.767728e-05	-7.767728e-05	8.898264e-03	-1.035900e-02
141           	3.107270e-03	5.936109e-21	-1.461031e-03	3.652577e-05	9.629664e-03	7.768175e-05	1.590161e-03	1.517109e-03	7.768175e-05	-7.768175e-05	8.899148e-03	-1.036018e-02
142           	3.107389e-03	5.935218e-21	-1.461105e-03	3.652763e-05	9.630099e-03	7.768473e-05	1.590222e-03	1.517167e-03	7.768473e-05	-7.768473e-05	8.899547e-03	-1.036065e-02
143           	3.107450e-03	5.934095e-21	-1.461048e-03	3.652620e-05	9.630129e-03	7.768626e-05	1.590251e-03	1.517199e-03	7.768626e-05	-7.768626e-05	8.899605e-03	-1.036065e-02
144           	3.107444e-03	5.933360e-21	-1.460797e-03	3.651993e-05	9.629595e-03	7.768609e-05	1.590242e-03	1.517202e-03	7.768609e-05	-7.768609e-05	8.899196e-03	-1.035999e-02
145           	3.107372e-03	5.933208e-21	-1.460519e-03	3.651298e-05	9.628848e-03	7.768431e-05	1.590199e-03	1.517173e-03	7.768431e-05	-7.768431e-05	8.898588e-03	-1.035911e-02
146           	3.107263e-03	5.933078e-21	-1.460220e-03	3.650550e-05	9.627969e-03	7.768156e-05	1.590137e-03	1.517126e-03	7.768156e-05	-7.768156e-05	8.897859e-03	-1.035808e-02
147           	3.107114e-03	5.934002e-21	-1.459984e-03	3.649961e-05	9.627129e-03	7.767786e-05	1.590057e-03	1.517058e-03	7.767786e-05	-7.767786e-05	8.897137e-03	-1.035712e-02
148           	3.107017e-03	5.934803e-21	-1.459928e-03	3.649821e-05	9.626783e-03	7.767543e-05	1.590007e-03	1.517010e-03	7.767543e-05	-7.767543e-05	8.896819e-03	-1.035675e-02
149           	3.106967e-03	5.935750e-21	-1.459981e-03	3.649953e-05	9.626773e-03	7.767418e-05	1.589983e-03	1.516984e-03	7.767418e-05	-7.767418e-05	8.896782e-03	-1.035676e-02
150           	3.106977e-03	5.936274e-21	-1.460196e-03	3.650491e-05	9.627241e-03	7.767443e-05	1.589993e-03	1.516984e-03	7.767443e-05	-7.767443e-05	8.897143e-03	-1.035734e-02
151           	3.107040e-03	5.936307e-21	-1.460427e-03	3.651068e-05	9.627870e-03	7.767601e-05	1.590031e-03	1.517009e-03	7.767601e-05	-7.767601e-05	8.897657e-03	-1.035808e-02
152           	3.107131e-03	5.936391e-21	-1.460666e-03	3.651666e-05	9.628579e-03	7.767827e-05	1.590082e-03	1.517049e-03	7.767827e-05	-7.767827e-05	8.898246e-03	-1.035891e-02
153           	3.107252e-03	5.935625e-21	-1.460854e-03	3.652135e-05	9.629257e-03	7.768131e-05	1.590148e-03	1.517105e-03	7.768131e-05	-7.768131e-05	8.898830e-03	-1.035968e-02
154           	3.107330e-03	5.934982e-21	-1.460889e-03	3.652222e-05	9.629512e-03	7.768324e-05	1.590187e-03	1.517143e-03	7.768324e-05	-7.768324e-05	8.899068e-03	-1.035996e-02
155           	3.107366e-03	5.934250e-21	-1.460837e-03	3.652092e-05	9.629493e-03	7.768416e-05	1.590204e-03	1.517162e-03	7.768416e-05	-7.768416e-05	8.899074e-03	-1.035991e-02
156           	3.107359e-03	5.933713e-21	-1.460657e-03	3.651641e-05	9.629102e-03	7.768397e-05	1.590196e-03	1.517163e-03	7.768397e-05	-7.768397e-05	8.898774e-03	-1.035943e-02
157           	3.107300e-03	5.933768e-21	-1.460456e-03	3.651141e-05	9.628547e-03	7.768250e-05	1.590161e-03	1.517139e-03	7.768250e-05	-7.768250e-05	8.898319e-03	-1.035878e-02
158           	3.107223e-03	5.933745e-21	-1.460263e-03	3.650657e-05	9.627963e-03	7.768056e-05	1.590118e-03	1.517105e-03	7.768056e-05	-7.768056e-05	8.897832e-03	-1.035809e-02
159           	3.107123e-03	5.934391e-21	-1.460116e-03	3.650291e-05	9.627424e-03	7.767808e-05	1.590064e-03	1.517059e-03	7.767808e-05	-7.767808e-05	8.897366e-03	-1.035748e-02
160           	3.107060e-03	5.934941e-21	-1.460095e-03	3.650238e-05	9.627231e-03	7.767651e-05	1.590033e-03	1.517028e-03	7.767651e-05	-7.767651e-05	8.897184e-03	-1.035728e-02
161           	3.107033e-03	5.935545e-21	-1.460147e-03	3.650367e-05	9.627272e-03	7.767583e-05	1.590020e-03	1.517013e-03	7.767583e-05	-7.767583e-05	8.897198e-03	-1.035734e-02
162           	3.107036e-03	5.936148e-21	-1.460277e-03	3.650693e-05	9.627549e-03	7.767590e-05	1.590025e-03	1.517011e-03	7.767590e-05	-7.767590e-05	8.897410e-03	-1.035769e-02
163           	3.107085e-03	5.936174e-21	-1.460463e-03	3.651157e-05	9.628051e-03	7.767713e-05	1.590054e-03	1.517031e-03	7.767713e-05	-7.767713e-05	8.897820e-03	-1.035828e-02
164           	3.107169e-03	5.935750e-21	-1.460646e-03	3.651614e-05	9.628628e-03	7.767922e-05	1.590101e-03	1.517068e-03	7.767922e-05	-7.767922e-05	8.898305e-03	-1.035895e-02
165           	3.107245e-03	5.935211e-21	-1.460746e-03	3.651864e-05	9.629015e-03	7.768112e-05	1.590141e-03	1.517104e-03	7.768112e-05	-7.768112e-05	8.898642e-03	-1.035939e-02
166           	3.107294e-03	5.934808e-21	-1.460754e-03	3.651884e-05	9.629148e-03	7.768236e-05	1.590166e-03	1.517128e-03	7.768236e-05	-7.768236e-05	8.898771e-03	-1.035952e-02
167           	3.107311e-03	5.934384e-21	-1.460700e-03	3.651751e-05	9.629079e-03	7.768278e-05	1.590173e-03	1.517138e-03	7.768278e-05	-7.768278e-05	8.898729e-03	-1.035943e-02
168           	3.107306e-03	5.933897e-21	-1.460589e-03	3.651472e-05	9.628837e-03	7.768264e-05	1.590168e-03	1.517138e-03	7.768264e-05	-7.768264e-05	8.898542e-03	-1.035913e-02
169           	3.107263e-03	5.933903e-21	-1.460435e-03	3.651087e-05	9.628415e-03	7.768158e-05	1.590143e-03	1.517121e-03	7.768158e-05	-7.768158e-05	8.898198e-03	-1.035863e-02
170           	3.107194e-03	5.934263e-21	-1.460287e-03	3.650717e-05	9.627945e-03	7.767985e-05	1.590104e-03	1.517090e-03	7.767985e-05	-7.767985e-05	8.897802e-03	-1.035809e-02
171           	3.107132e-03	5.934719e-21	-1.460209e-03	3.650522e-05	9.627636e-03	7.767830e-05	1.590071e-03	1.517061e-03	7.767830e-05	-7.767830e-05	8.897532e-03	-1.035774e-02
172           	3.107093e-03	5.935053e-21	-1.460208e-03	3.650521e-05	9.627543e-03	7.767732e-05	1.590052e-03	1.517041e-03	7.767732e-05	-7.767732e-05	8.897439e-03	-1.035765e-02
173           	3.107081e-03	5.935394e-21	-1.460257e-03	3.650644e-05	9.627616e-03	7.767703e-05	1.590047e-03	1.517034e-03	7.767703e-05	-7.767703e-05	8.897487e-03	-1.035774e-02
174           	3.107088e-03	5.935784e-21	-1.460353e-03	3.650881e-05	9.627828e-03	7.767720e-05	1.590053e-03	1.517035e-03	7.767720e-05	-7.767720e-05	8.897652e-03	-1.035800e-02
175           	3.107124e-03	5.935764e-21	-1.460480e-03	3.651201e-05	9.628180e-03	7.767811e-05	1.590074e-03	1.517050e-03	7.767811e-05	-7.767811e-05	8.897940e-03	-1.035842e-02
176           	3.107182e-03	5.935460e-21	-1.460601e-03	3.651502e-05	9.628567e-03	7.767955e-05	1.590106e-03	1.517076e-03	7.767955e-05	-7.767955e-05	8.898266e-03	-1.035887e-02
177           	3.107233e-03	5.935072e-21	-1.460662e-03	3.651656e-05	9.628815e-03	7.768083e-05	1.590133e-03	1.517100e-03	7.768083e-05	-7.768083e-05	8.898484e-03	-1.035915e-02
178           	3.107264e-03	5.934799e-21	-1.460659e-03	3.651646e-05	9.628879e-03	7.768160e-05	1.590148e-03	1.517115e-03	7.768160e-05	-7.768160e-05	8.898550e-03	-1.035921e-02
179           	3.107272e-03	5.934525e-21	-1.460615e-03	3.651537e-05	9.628809e-03	7.768180e-05	1.590151e-03	1.517121e-03	7.768180e-05	-7.768180e-05	8.898501e-03	-1.035912e-02
180           	3.107265e-03	5.934205e-21	-1.460534e-03	3.651336e-05	9.628627e-03	7.768163e-05	1.590146e-03	1.517119e-03	7.768163e-05	-7.768163e-05	8.898360e-03	-1.035889e-02
181           	3.107234e-03	5.934237e-21	-1.460429e-03	3.651072e-05	9.628334e-03	7.768085e-05	1.590128e-03	1.517106e-03	7.768085e-05	-7.768085e-05	8.898119e-03	-1.035855e-02
182           	3.107186e-03	5.934499e-21	-1.460331e-03	3.650829e-05	9.628018e-03	7.767965e-05	1.590101e-03	1.517085e-03	7.767965e-05	-7.767965e-05	8.897853e-03	-1.035818e-02
183           	3.107144e-03	5.934824e-21	-1.460283e-03	3.650708e-05	9.627819e-03	7.767860e-05	1.590079e-03	1.517065e-03	7.767860e-05	-7.767860e-05	8.897678e-03	-1.035796e-02
184           	3.107119e-03	5.935066e-21	-1.460290e-03	3.650724e-05	9.627774e-03	7.767799e-05	1.590067e-03	1.517052e-03	7.767799e-05	-7.767799e-05	8.897629e-03	-1.035792e-02
185           	3.107114e-03	5.935285e-21	-1.460329e-03	3.650822e-05	9.627842e-03	7.767785e-05	1.590065e-03	1.517049e-03	7.767785e-05	-7.767785e-05	8.897677e-03	-1.035801e-02
186           	3.107121e-03	5.935535e-21	-1.460398e-03	3.650994e-05	9.628000e-03	7.767802e-05	1.590070e-03	1.517051e-03	7.767802e-05	-7.767802e-05	8.897801e-03	-1.035820e-02
187           	3.107148e-03	5.935492e-21	-1.460485e-03	3.651212e-05	9.628245e-03	7.767869e-05	1.590086e-03	1.517062e-03	7.767869e-05	-7.767869e-05	8.898003e-03	-1.035849e-02
188           	3.107188e-03	5.935264e-21	-1.460564e-03	3.651409e-05	9.628503e-03	7.767970e-05	1.590108e-03	1.517080e-03	7.767970e-05	-7.767970e-05	8.898221e-03	-1.035879e-02
189           	3.107222e-03	5.934988e-21	-1.460601e-03	3.651503e-05	9.628662e-03	7.768056e-05	1.590126e-03	1.517096e-03	7.768056e-05	-7.768056e-05	8.898362e-03	-1.035896e-02
190           	3.107242e-03	5.934788e-21	-1.460592e-03	3.651481e-05	9.628690e-03	7.768104e-05	1.590136e-03	1.517106e-03	7.768104e-05	-7.768104e-05	8.898394e-03	-1.035899e-02
191           	3.107245e-03	5.934613e-21	-1.460557e-03	3.651393e-05	9.628625e-03	7.768112e-05	1.590136e-03	1.517108e-03	7.768112e-05	-7.768112e-05	8.898347e-03	-1.035890e-02
192           	3.107238e-03	5.934408e-21	-1.460499e-03	3.651248e-05	9.628491e-03	7.768096e-05	1.590132e-03	1.517107e-03	7.768096e-05	-7.768096e-05	8.898241e-03	-1.035874e-02
193           	3.107216e-03	5.934457e-21	-1.460427e-03	3.651067e-05	9.628285e-03	7.768039e-05	1.590118e-03	1.517097e-03	7.768039e-05	-7.768039e-05	8.898072e-03	-1.035850e-02
194           	3.107182e-03	5.934656e-21	-1.460363e-03	3.650907e-05	9.628073e-03	7.767954e-05	1.590100e-03	1.517082e-03	7.767954e-05	-7.767954e-05	8.897891e-03	-1.035825e-02
195           	3.107153e-03	5.934890e-21	-1.460334e-03	3.650834e-05	9.627945e-03	7.767883e-05	1.590085e-03	1.517068e-03	7.767883e-05	-7.767883e-05	8.897778e-03	-1.035811e-02
196           	3.107138e-03	5.935058e-21	-1.460343e-03	3.650859e-05	9.627929e-03	7.767845e-05	1.590078e-03	1.517060e-03	7.767845e-05	-7.767845e-05	8.897757e-03	-1.035810e-02
197           	3.107136e-03	5.935200e-21	-1.460375e-03	3.650936e-05	9.627989e-03	7.767841e-05	1.590078e-03	1.517059e-03	7.767841e-05	-7.767841e-05	8.897802e-03	-1.035818e-02
198           	3.107142e-03	5.935365e-21	-1.460424e-03	3.651059e-05	9.628105e-03	7.767856e-05	1.590082e-03	1.517061e-03	7.767856e-05	-7.767856e-05	8.897893e-03	-1.035832e-02
199           	3.107162e-03	5.935316e-21	-1.460484e-03	3.651210e-05	9.628277e-03	7.767905e-05	1.590093e-03	1.517069e-03	7.767905e-05	-7.767905e-05	8.898035e-03	-1.035852e-02
200           	3.107190e-03	5.935144e-21	-1.460536e-03	3.651341e-05	9.628453e-03	7.767976e-05	1.590109e-03	1.517082e-03	7.767976e-05	-7.767976e-05	8.898184e-03	-1.035872e-02
201           	3.107214e-03	5.934945e-21	-1.460559e-03	3.651397e-05	9.628555e-03	7.768035e-05	1.590121e-03	1.517093e-03	7.768035e-05	-7.768035e-05	8.898275e-03	-1.035883e-02
202           	3.107226e-03	5.934801e-21	-1.460549e-03	3.651372e-05	9.628563e-03	7.768065e-05	1.590127e-03	1.517099e-03	7.768065e-05	-7.768065e-05	8.898288e-03	-1.035884e-02
203           	3.107227e-03	5.934688e-21	-1.460521e-03	3.651303e-05	9.628508e-03	7.768067e-05	1.590126e-03	1.517100e-03	7.768067e-05	-7.768067e-05	8.898247e-03	-1.035877e-02
204           	3.107221e-03	5.934554e-21	-1.460480e-03	3.651199e-05	9.628409e-03	7.768053e-05	1.590123e-03	1.517099e-03	7.768053e-05	-7.768053e-05	8.898169e-03	-1.035865e-02
205           	3.107204e-03	5.934603e-21	-1.460429e-03	3.651073e-05	9.628263e-03	7.768011e-05	1.590113e-03	1.517091e-03	7.768011e-05	-7.768011e-05	8.898049e-03	-1.035848e-02
206           	3.107180e-03	5.934751e-21	-1.460386e-03	3.650966e-05	9.628119e-03	7.767951e-05	1.590100e-03	1.517081e-03	7.767951e-05	-7.767951e-05	8.897925e-03	-1.035831e-02
207           	3.107161e-03	5.934918e-21	-1.460369e-03	3.650922e-05	9.628035e-03	7.767902e-05	1.590090e-03	1.517071e-03	7.767902e-05	-7.767902e-05	8.897851e-03	-1.035822e-02
208           	3.107151e-03	5.935040e-21	-1.460379e-03	3.650947e-05	9.628033e-03	7.767877e-05	1.590085e-03	1.517066e-03	7.767877e-05	-7.767877e-05	8.897844e-03	-1.035822e-02
209           	3.107151e-03	5.935132e-21	-1.460403e-03	3.651007e-05	9.628083e-03	7.767878e-05	1.590086e-03	1.517065e-03	7.767878e-05	-7.767878e-05	8.897881e-03	-1.035828e-02
210           	3.107156e-03	5.935248e-21	-1.460439e-03	3.651097e-05	9.628169e-03	7.767890e-05	1.590089e-03	1.517067e-03	7.767890e-05	-7.767890e-05	8.897950e-03	-1.035839e-02
211           	3.107176e-03	5.935154e-21	-1.460490e-03	3.651224e-05	9.628322e-03	7.767941e-05	1.590100e-03	1.517076e-03	7.767941e-05	-7.767941e-05	8.898077e-03	-1.035857e-02
212           	3.107194e-03	5.935050e-21	-1.460518e-03	3.651296e-05	9.628423e-03	7.767985e-05	1.590110e-03	1.517084e-03	7.767985e-05	-7.767985e-05	8.898164e-03	-1.035868e-02
213           	3.107207e-03	5.934953e-21	-1.460529e-03	3.651322e-05	9.628477e-03	7.768019e-05	1.590117e-03	1.517090e-03	7.768019e-05	-7.768019e-05	8.898212e-03	-1.035874e-02
214           	3.107214e-03	5.934837e-21	-1.460523e-03	3.651307e-05	9.628481e-03	7.768036e-05	1.590120e-03	1.517094e-03	7.768036e-05	-7.768036e-05	8.898220e-03	-1.035874e-02
215           	3.107214e-03	5.934757e-21	-1.460496e-03	3.651240e-05	9.628426e-03	7.768036e-05	1.590120e-03	1.517095e-03	7.768036e-05	-7.768036e-05	8.898178e-03	-1.035867e-02
216           	3.107207e-03	5.934735e-21	-1.460465e-03	3.651163e-05	9.628344e-03	7.768017e-05	1.590115e-03	1.517092e-03	7.768017e-05	-7.768017e-05	8.898112e-03	-1.035858e-02
217           	3.107195e-03	5.934715e-21	-1.460431e-03	3.651077e-05	9.628244e-03	7.767987e-05	1.590108e-03	1.517087e-03	7.767987e-05	-7.767987e-05	8.898029e-03	-1.035846e-02
218           	3.107178e-03	5.934814e-21	-1.460403e-03	3.651008e-05	9.628148e-03	7.767945e-05	1.590099e-03	1.517079e-03	7.767945e-05	-7.767945e-05	8.897946e-03	-1.035835e-02
219           	3.107167e-03	5.934897e-21	-1.460396e-03	3.650990e-05	9.628107e-03	7.767917e-05	1.590093e-03	1.517074e-03	7.767917e-05	-7.767917e-05	8.897909e-03	-1.035830e-02
220           	3.107161e-03	5.935001e-21	-1.460401e-03	3.651002e-05	9.628103e-03	7.767903e-05	1.590091e-03	1.517071e-03	7.767903e-05	-7.767903e-05	8.897902e-03	-1.035830e-02
221           	3.107162e-03	5.935073e-21	-1.460424e-03	3.651060e-05	9.628151e-03	7.767904e-05	1.590091e-03	1.517070e-03	7.767904e-05	-7.767904e-05	8.897939e-03	-1.035836e-02
222           	3.107168e-03	5.935085e-21	-1.460450e-03	3.651125e-05	9.628221e-03	7.767920e-05	1.590095e-03	1.517073e-03	7.767920e-05	-7.767920e-05	8.897996e-03	-1.035845e-02
223           	3.107179e-03	5.935094e-21	-1.460478e-03	3.651195e-05	9.628304e-03	7.767946e-05	1.590101e-03	1.517077e-03	7.767946e-05	-7.767946e-05	8.898065e-03	-1.035854e-02
224           	3.107192e-03	5.935008e-21	-1.460500e-03	3.651250e-05	9.628382e-03	7.767981e-05	1.590109e-03	1.517084e-03	7.767981e-05	-7.767981e-05	8.898132e-03	-1.035863e-02
225           	3.107201e-03	5.934942e-21	-1.460505e-03	3.651262e-05	9.628413e-03	7.768003e-05	1.590113e-03	1.517088e-03	7.768003e-05	-7.768003e-05	8.898161e-03	-1.035867e-02
226           	3.107206e-03	5.934859e-21	-1.460500e-03	3.651250e-05	9.628414e-03	7.768014e-05	1.590115e-03	1.517090e-03	7.768014e-05	-7.768014e-05	8.898164e-03	-1.035866e-02
227           	3.107205e-03	5.934805e-21	-1.460480e-03	3.651201e-05	9.628372e-03	7.768012e-05	1.590114e-03	1.517090e-03	7.768012e-05	-7.768012e-05	8.898131e-03	-1.035861e-02
228           	3.107199e-03	5.934798e-21	-1.460459e-03	3.651148e-05	9.628314e-03	7.767998e-05	1.590111e-03	1.517088e-03	7.767998e-05	-7.767998e-05	8.898084e-03	-1.035854e-02
229           	3.107191e-03	5.934790e-21	-1.460437e-03	3.651092e-05	9.628248e-03	7.767977e-05	1.590106e-03	1.517084e-03	7.767977e-05	-7.767977e-05	8.898029e-03	-1.035847e-02
230           	3.107180e-03	5.934860e-21	-1.460419e-03	3.651048e-05	9.628185e-03	7.767949e-05	1.590100e-03	1.517079e-03	7.767949e-05	-7.767949e-05	8.897975e-03	-1.035839e-02
231           	3.107172e-03	5.934920e-21	-1.460416e-03	3.651040e-05	9.628161e-03	7.767931e-05	1.590097e-03	1.517076e-03	7.767931e-05	-7.767931e-05	8.897953e-03	-1.035837e-02
232           	3.107169e-03	5.934988e-21	-1.460421e-03	3.651051e-05	9.628162e-03	7.767922e-05	1.590095e-03	1.517074e-03	7.767922e-05	-7.767922e-05	8.897952e-03	-1.035837e-02
233           	3.107170e-03	5.935029e-21	-1.460437e-03	3.651093e-05	9.628198e-03	7.767925e-05	1.590096e-03	1.517074e-03	7.767925e-05	-7.767925e-05	8.897980e-03	-1.035842e-02
234           	3.107175e-03	5.935034e-21	-1.460455e-03	3.651136e-05	9.628246e-03	7.767937e-05	1.590099e-03	1.517076e-03	7.767937e-05	-7.767937e-05	8.898019e-03	-1.035847e-02
235           	3.107182e-03	5.935037e-21	-1.460473e-03	3.651182e-05	9.628300e-03	7.767954e-05	1.590103e-03	1.517079e-03	7.767954e-05	-7.767954e-05	8.898064e-03	-1.035854e-02
236           	3.107191e-03	5.934977e-21	-1.460487e-03	3.651217e-05	9.628351e-03	7.767977e-05	1.590108e-03	1.517083e-03	7.767977e-05	-7.767977e-05	8.898108e-03	-1.035859e-02
237           	3.107197e-03	5.934927e-21	-1.460489e-03	3.651223e-05	9.628370e-03	7.767992e-05	1.590111e-03	1.517086e-03	7.767992e-05	-7.767992e-05	8.898125e-03	-1.035861e-02
238           	3.107199e-03	5.934870e-21	-1.460485e-03	3.651212e-05	9.628367e-03	7.767999e-05	1.590112e-03	1.517088e-03	7.767999e-05	-7.767999e-05	8.898125e-03	-1.035861e-02
239           	3.107199e-03	5.934831e-21	-1.460470e-03	3.651176e-05	9.628336e-03	7.767997e-05	1.590111e-03	1.517088e-03	7.767997e-05	-7.767997e-05	8.898101e-03	-1.035857e-02
240           	3.107194e-03	5.934836e-21	-1.460455e-03	3.651138e-05	9.628293e-03	7.767985e-05	1.590108e-03	1.517086e-03	7.767985e-05	-7.767985e-05	8.898065e-03	-1.035852e-02
241           	3.107188e-03	5.934836e-21	-1.460440e-03	3.651101e-05	9.628248e-03	7.767970e-05	1.590105e-03	1.517083e-03	7.767970e-05	-7.767970e-05	8.898028e-03	-1.035847e-02
242           	3.107180e-03	5.934887e-21	-1.460429e-03	3.651074e-05	9.628208e-03	7.767951e-05	1.590101e-03	1.517079e-03	7.767951e-05	-7.767951e-05	8.897993e-03	-1.035842e-02
243           	3.107176e-03	5.934930e-21	-1.460428e-03	3.651071e-05	9.628194e-03	7.767939e-05	1.590099e-03	1.517077e-03	7.767939e-05	-7.767939e-05	8.897980e-03	-1.035841e-02
244           	3.107174e-03	5.934976e-21	-1.460433e-03	3.651081e-05	9.628198e-03	7.767934e-05	1.590098e-03	1.517076e-03	7.767934e-05	-7.767934e-05	8.897982e-03	-1.035841e-02
245           	3.107174e-03	5.935023e-21	-1.460443e-03	3.651107e-05	9.628220e-03	7.767935e-05	1.590098e-03	1.517076e-03	7.767935e-05	-7.767935e-05	8.897999e-03	-1.035844e-02
246           	3.107178e-03	5.935023e-21	-1.460457e-03	3.651143e-05	9.628260e-03	7.767945e-05	1.590100e-03	1.517078e-03	7.767945e-05	-7.767945e-05	8.898031e-03	-1.035849e-02
247           	3.107185e-03	5.934989e-21	-1.460471e-03	3.651178e-05	9.628304e-03	7.767961e-05	1.590104e-03	1.517080e-03	7.767961e-05	-7.767961e-05	8.898068e-03	-1.035854e-02
248           	3.107190e-03	5.934946e-21	-1.460479e-03	3.651196e-05	9.628333e-03	7.767976e-05	1.590107e-03	1.517083e-03	7.767976e-05	-7.767976e-05	8.898094e-03	-1.035857e-02
249           	3.107194e-03	5.934914e-21	-1.460479e-03	3.651197e-05	9.628342e-03	7.767985e-05	1.590109e-03	1.517085e-03	7.767985e-05	-7.767985e-05	8.898103e-03	-1.035858e-02
250           	3.107195e-03	5.934882e-21	-1.460474e-03	3.651186e-05	9.628336e-03	7.767988e-05	1.590109e-03	1.517086e-03	7.767988e-05	-7.767988e-05	8.898099e-03	-1.035857e-02
251           	3.107195e-03	5.934845e-21	-1.460466e-03	3.651164e-05	9.628317e-03	7.767987e-05	1.590109e-03	1.517086e-03	7.767987e-05	-7.767987e-05	8.898084e-03	-1.035855e-02
252           	3.107191e-03	5.934847e-21	-1.460454e-03	3.651134e-05	9.628284e-03	7.767978e-05	1.590107e-03	1.517084e-03	7.767978e-05	-7.767978e-05	8.898057e-03	-1.035851e-02
253           	3.107186e-03	5.934876e-21	-1.460442e-03	3.651106e-05	9.628248e-03	7.767965e-05	1.590104e-03	1.517082e-03	7.767965e-05	-7.767965e-05	8.898026e-03	-1.035847e-02
254           	3.107181e-03	5.934913e-21	-1.460437e-03	3.651091e-05	9.628224e-03	7.767953e-05	1.590101e-03	1.517080e-03	7.767953e-05	-7.767953e-05	8.898006e-03	-1.035844e-02
255           	3.107178e-03	5.934939e-21	-1.460437e-03	3.651092e-05	9.628218e-03	7.767945e-05	1.590100e-03	1.517078e-03	7.767945e-05	-7.767945e-05	8.897999e-03	-1.035844e-02
256           	3.107177e-03	5.934965e-21	-1.460441e-03	3.651102e-05	9.628224e-03	7.767944e-05	1.590100e-03	1.517078e-03	7.767944e-05	-7.767944e-05	8.898004e-03	-1.035844e-02
257           	3.107178e-03	5.934995e-21	-1.460449e-03	3.651121e-05	9.628241e-03	7.767945e-05	1.590100e-03	1.517078e-03	7.767945e-05	-7.767945e-05	8.898017e-03	-1.035847e-02
258           	3.107181e-03	5.934992e-21	-1.460458e-03	3.651146e-05	9.628269e-03	7.767952e-05	1.590102e-03	1.517079e-03	7.767952e-05	-7.767952e-05	8.898040e-03	-1.035850e-02
259           	3.107185e-03	5.934967e-21	-1.460468e-03	3.651169e-05	9.628299e-03	7.767964e-05	1.590104e-03	1.517081e-03	7.767964e-05	-7.767964e-05	8.898065e-03	-1.035853e-02
260           	3.107189e-03	5.934936e-21	-1.460472e-03	3.651181e-05	9.628318e-03	7.767974e-05	1.590107e-03	1.517083e-03	7.767974e-05	-7.767974e-05	8.898082e-03	-1.035855e-02
261           	3.107192e-03	5.934913e-21	-1.460472e-03	3.651179e-05	9.628322e-03	7.767979e-05	1.590108e-03	1.517084e-03	7.767979e-05	-7.767979e-05	8.898086e-03	-1.035856e-02
262           	3.107192e-03	5.934892e-21	-1.460468e-03	3.651170e-05	9.628316e-03	7.767981e-05	1.590108e-03	1.517084e-03	7.767981e-05	-7.767981e-05	8.898082e-03	-1.035855e-02
263           	3.107192e-03	5.934868e-21	-1.460461e-03	3.651154e-05	9.628301e-03	7.767979e-05	1.590107e-03	1.517084e-03	7.767979e-05	-7.767979e-05	8.898070e-03	-1.035853e-02
264           	3.107189e-03	5.934873e-21	-1.460453e-03	3.651133e-05	9.628277e-03	7.767973e-05	1.590106e-03	1.517083e-03	7.767973e-05	-7.767973e-05	8.898051e-03	-1.035850e-02
265           	3.107185e-03	5.934894e-21	-1.460446e-03	3.651114e-05	9.628253e-03	7.767963e-05	1.590104e-03	1.517082e-03	7.767963e-05	-7.767963e-05	8.898030e-03	-1.035848e-02
266           	3.107182e-03	5.934921e-21	-1.460442e-03	3.651105e-05	9.628238e-03	7.767955e-05	1.590102e-03	1.517080e-03	7.767955e-05	-7.767955e-05	8.898017e-03	-1.035846e-02
267           	3.107180e-03	5.934940e-21	-1.460443e-03	3.651108e-05	9.628235e-03	7.767950e-05	1.590101e-03	1.517079e-03	7.767950e-05	-7.767950e-05	8.898014e-03	-1.035846e-02
268           	3.107180e-03	5.934957e-21	-1.460446e-03	3.651116e-05	9.628241e-03	7.767950e-05	1.590101e-03	1.517079e-03	7.767950e-05	-7.767950e-05	8.898018e-03	-1.035846e-02
269           	3.107181e-03	5.934976e-21	-1.460452e-03	3.651130e-05	9.628254e-03	7.767951e-05	1.590102e-03	1.517079e-03	7.767951e-05	-7.767951e-05	8.898028e-03	-1.035848e-02
270           	3.107183e-03	5.934971e-21	-1.460459e-03	3.651147e-05	9.628274e-03	7.767957e-05	1.590103e-03	1.517080e-03	7.767957e-05	-7.767957e-05	8.898044e-03	-1.035850e-02
271           	3.107186e-03	5.934952e-21	-1.460465e-03	3.651162e-05	9.628294e-03	7.767965e-05	1.590105e-03	1.517081e-03	7.767965e-05	-7.767965e-05	8.898062e-03	-1.035853e-02
272           	3.107189e-03	5.934930e-21	-1.460468e-03	3.651169e-05	9.628306e-03	7.767971e-05	1.590106e-03	1.517083e-03	7.767971e-05	-7.767971e-05	8.898072e-03	-1.035854e-02
273           	3.107190e-03	5.934914e-21	-1.460467e-03	3.651167e-05	9.628307e-03	7.767975e-05	1.590107e-03	1.517083e-03	7.767975e-05	-7.767975e-05	8.898074e-03	-1.035854e-02
274           	3.107190e-03	5.934901e-21	-1.460464e-03	3.651159e-05	9.628302e-03	7.767975e-05	1.590107e-03	1.517084e-03	7.767975e-05	-7.767975e-05	8.898070e-03	-1.035853e-02
275           	3.107190e-03	5.934885e-21	-1.460459e-03	3.651147e-05	9.628291e-03	7.767974e-05	1.590106e-03	1.517083e-03	7.767974e-05	-7.767974e-05	8.898061e-03	-1.035852e-02
276           	3.107188e-03	5.934889e-21	-1.460453e-03	3.651133e-05	9.628274e-03	7.767969e-05	1.590105e-03	1.517083e-03	7.767969e-05	-7.767969e-05	8.898048e-03	-1.035850e-02
277           	3.107185e-03	5.934906e-21	-1.460448e-03	3.651121e-05	9.628258e-03	7.767963e-05	1.590104e-03	1.517081e-03	7.767963e-05	-7.767963e-05	8.898034e-03	-1.035848e-02
278           	3.107183e-03	5.934925e-21	-1.460446e-03	3.651115e-05	9.628248e-03	7.767957e-05	1.590103e-03	1.517080e-03	7.767957e-05	-7.767957e-05	8.898025e-03	-1.035847e-02
279           	3.107182e-03	5.934938e-21	-1.460447e-03	3.651118e-05	9.628247e-03	7.767954e-05	1.590102e-03	1.517080e-03	7.767954e-05	-7.767954e-05	8.898024e-03	-1.035847e-02
280           	3.107182e-03	5.934949e-21	-1.460450e-03	3.651124e-05	9.628253e-03	7.767954e-05	1.590102e-03	1.517080e-03	7.767954e-05	-7.767954e-05	8.898028e-03	-1.035848e-02
281           	3.107182e-03	5.934962e-21	-1.460454e-03	3.651134e-05	9.628262e-03	7.767955e-05	1.590102e-03	1.517080e-03	7.767955e-05	-7.767955e-05	8.898035e-03	-1.035849e-02
282           	3.107184e-03	5.934957e-21	-1.460458e-03	3.651146e-05	9.628276e-03	7.767959e-05	1.590103e-03	1.517080e-03	7.767959e-05	-7.767959e-05	8.898047e-03	-1.035851e-02
283           	3.107186e-03	5.934943e-21	-1.460463e-03	3.651156e-05	9.628290e-03	7.767965e-05	1.590105e-03	1.517081e-03	7.767965e-05	-7.767965e-05	8.898058e-03	-1.035852e-02
284           	3.107188e-03	5.934927e-21	-1.460464e-03	3.651161e-05	9.628297e-03	7.767970e-05	1.590106e-03	1.517082e-03	7.767970e-05	-7.767970e-05	8.898065e-03	-1.035853e-02
285           	3.107189e-03	5.934916e-21	-1.460463e-03	3.651158e-05	9.628298e-03	7.767972e-05	1.590106e-03	1.517083e-03	7.767972e-05	-7.767972e-05	8.898066e-03	-1.035853e-02
286           	3.107189e-03	5.934907e-21	-1.460461e-03	3.651152e-05	9.628293e-03	7.767972e-05	1.590106e-03	1.517083e-03	7.767972e-05	-7.767972e-05	8.898062e-03	-1.035852e-02
287           	3.107188e-03	5.934896e-21	-1.460458e-03	3.651144e-05	9.628285e-03	7.767971e-05	1.590106e-03	1.517083e-03	7.767971e-05	-7.767971e-05	8.898056e-03	-1.035851e-02
288           	3.107186e-03	5.934905e-21	-1.460453e-03	3.651132e-05	9.628270e-03	7.767966e-05	1.590105e-03	1.517082e-03	7.767966e-05	-7.767966e-05	8.898044e-03	-1.035850e-02
289           	3.107185e-03	5.934915e-21	-1.460450e-03	3.651125e-05	9.628261e-03	7.767962e-05	1.590104e-03	1.517081e-03	7.767962e-05	-7.767962e-05	8.898036e-03	-1.035849e-02
290           	3.107183e-03	5.934924e-21	-1.460449e-03	3.651123e-05	9.628256e-03	7.767959e-05	1.590103e-03	1.517080e-03	7.767959e-05	-7.767959e-05	8.898031e-03	-1.035848e-02
291           	3.107183e-03	5.934935e-21	-1.460450e-03	3.651124e-05	9.628255e-03	7.767957e-05	1.590103e-03	1.517080e-03	7.767957e-05	-7.767957e-05	8.898030e-03	-1.035848e-02
292           	3.107183e-03	5.934943e-21	-1.460452e-03	3.651130e-05	9.628260e-03	7.767957e-05	1.590103e-03	1.517080e-03	7.767957e-05	-7.767957e-05	8.898034e-03	-1.035849e-02
293           	3.107184e-03	5.934945e-21	-1.460455e-03	3.651138e-05	9.628268e-03	7.767959e-05	1.590103e-03	1.517080e-03	7.767959e-05	-7.767959e-05	8.898041e-03	-1.035850e-02
294           	3.107185e-03	5.934947e-21	-1.460458e-03	3.651146e-05	9.628278e-03	7.767962e-05	1.590104e-03	1.517081e-03	7.767962e-05	-7.767962e-05	8.898048e-03	-1.035851e-02
295           	3.107186e-03	5.934937e-21	-1.460461e-03	3.651152e-05	9.628287e-03	7.767966e-05	1.590105e-03	1.517082e-03	7.767966e-05	-7.767966e-05	8.898056e-03	-1.035852e-02
296           	3.107187e-03	5.934929e-21	-1.460462e-03	3.651154e-05	9.628291e-03	7.767968e-05	1.590105e-03	1.517082e-03	7.767968e-05	-7.767968e-05	8.898060e-03	-1.035852e-02
297           	3.107188e-03	5.934919e-21	-1.460461e-03	3.651153e-05	9.628291e-03	7.767970e-05	1.590105e-03	1.517082e-03	7.767970e-05	-7.767970e-05	8.898060e-03	-1.035852e-02
298           	3.107188e-03	5.934913e-21	-1.460459e-03	3.651147e-05	9.628286e-03	7.767969e-05	1.590105e-03	1.517082e-03	7.767969e-05	-7.767969e-05	8.898057e-03	-1.035852e-02
299           	3.107187e-03	5.934911e-21	-1.460457e-03	3.651141e-05	9.628280e-03	7.767968e-05	1.590105e-03	1.517082e-03	7.767968e-05	-7.767968e-05	8.898052e-03	-1.035851e-02
300           	3.107186e-03	5.934911e-21	-1.460454e-03	3.651135e-05	9.628272e-03	7.767965e-05	1.590104e-03	1.517082e-03	7.767965e-05	-7.767965e-05	8.898045e-03	-1.035850e-02
301           	3.107185e-03	5.934919e-21	-1.460452e-03	3.651129e-05	9.628265e-03	7.767962e-05	1.590104e-03	1.517081e-03	7.767962e-05	-7.767962e-05	8.898039e-03	-1.035849e-02
302           	3.107184e-03	5.934925e-21	-1.460451e-03	3.651128e-05	9.628262e-03	7.767960e-05	1.590103e-03	1.517081e-03	7.767960e-05	-7.767960e-05	8.898036e-03	-1.035849e-02
303           	3.107184e-03	5.934933e-21	-1.460452e-03	3.651129e-05	9.628262e-03	7.767959e-05	1.590103e-03	1.517081e-03	7.767959e-05	-7.767959e-05	8.898036e-03	-1.035849e-02
304           	3.107184e-03	5.934938e-21	-1.460454e-03	3.651134e-05	9.628266e-03	7.767959e-05	1.590103e-03	1.517080e-03	7.767959e-05	-7.767959e-05	8.898039e-03	-1.035849e-02
305           	3.107184e-03	5.934939e-21	-1.460456e-03	3.651139e-05	9.628271e-03	7.767961e-05	1.590104e-03	1.517081e-03	7.767961e-05	-7.767961e-05	8.898043e-03	-1.035850e-02
306           	3.107185e-03	5.934939e-21	-1.460458e-03	3.651144e-05	9.628277e-03	7.767963e-05	1.590104e-03	1.517081e-03	7.767963e-05	-7.767963e-05	8.898048e-03	-1.035851e-02
307           	3.107186e-03	5.934933e-21	-1.460459e-03	3.651149e-05	9.628283e-03	7.767965e-05	1.590105e-03	1.517082e-03	7.767965e-05	-7.767965e-05	8.898054e-03	-1.035851e-02
308           	3.107187e-03	5.934927e-21	-1.460460e-03	3.651149e-05	9.628286e-03	7.767967e-05	1.590105e-03	1.517082e-03	7.767967e-05	-7.767967e-05	8.898056e-03	-1.035852e-02
309           	3.107187e-03	5.934921e-21	-1.460459e-03	3.651148e-05	9.628285e-03	7.767968e-05	1.590105e-03	1.517082e-03	7.767968e-05	-7.767968e-05	8.898056e-03	-1.035852e-02
310           	3.107187e-03	5.934916e-21	-1.460458e-03	3.651144e-05	9.628282e-03	7.767968e-05	1.590105e-03	1.517082e-03	7.767968e-05	-7.767968e-05	8.898053e-03	-1.035851e-02
311           	3.107187e-03	5.934916e-21	-1.460456e-03	3.651140e-05	9.628277e-03	7.767966e-05	1.590105e-03	1.517082e-03	7.767966e-05	-7.767966e-05	8.898049e-03	-1.035851e-02
312           	3.107186e-03	5.934916e-21	-1.460454e-03	3.651136e-05	9.628272e-03	7.767965e-05	1.590104e-03	1.517082e-03	7.767965e-05	-7.767965e-05	8.898045e-03	-1.035850e-02
