# Force coefficients
# dragDir     : (1.000000e+00 0.000000e+00 0.000000e+00)
# sideDir     : (0.000000e+00 0.000000e+00 -1.000000e+00)
# liftDir     : (0.000000e+00 1.000000e+00 0.000000e+00)
# rollAxis    : (1.000000e+00 0.000000e+00 0.000000e+00)
# pitchAxis   : (0.000000e+00 0.000000e+00 -1.000000e+00)
# yawAxis     : (0.000000e+00 1.000000e+00 0.000000e+00)
# magUInf     : 6.000000e-02
# lRef        : 1.000000e-01
# Aref        : 1.000000e-01
# CofR        : (0.000000e+00 0.000000e+00 0.000000e+00)
#
# Time        	Cd            	Cs            	Cl            	CmRoll        	CmPitch       	CmYaw         	Cd(f)         	Cd(r)         	Cs(f)         	Cs(r)         	Cl(f)         	Cl(r)         
1             	3.953422e-04	-1.460221e-19	-9.707096e-04	2.426774e-05	2.600514e-03	9.883554e-06	2.219388e-04	1.734033e-04	9.883554e-06	-9.883554e-06	2.115160e-03	-3.085869e-03
2             	1.932522e-03	-2.176309e-19	-3.600699e-03	9.001748e-05	1.030932e-02	4.831305e-05	1.056278e-03	8.762435e-04	4.831305e-05	-4.831305e-05	8.508970e-03	-1.210967e-02
3             	1.658479e-03	-9.700187e-20	-2.097005e-03	5.242514e-05	6.876679e-03	4.146198e-05	8.816646e-04	7.768144e-04	4.146198e-05	-4.146198e-05	5.828177e-03	-7.925182e-03
4             	1.329390e-03	-1.221474e-20	-1.105579e-03	2.763948e-05	4.329157e-03	3.323476e-05	6.923346e-04	6.370557e-04	3.323476e-05	-3.323476e-05	3.776367e-03	-4.881946e-03
5             	1.163548e-03	3.822941e-20	-9.659381e-04	2.414845e-05	3.753413e-03	2.908870e-05	6.059225e-04	5.576256e-04	2.908870e-05	-2.908870e-05	3.270444e-03	-4.236382e-03
6             	1.129139e-03	5.377567e-20	-1.337926e-03	3.344814e-05	4.401191e-03	2.822846e-05	5.980174e-04	5.311211e-04	2.822846e-05	-2.822846e-05	3.732228e-03	-5.070154e-03
7             	1.188191e-03	5.227987e-20	-1.686831e-03	4.217078e-05	5.185947e-03	2.970477e-05	6.362661e-04	5.519246e-04	2.970477e-05	-2.970477e-05	4.342532e-03	-6.029363e-03
8             	1.331383e-03	3.755606e-20	-2.012077e-03	5.030193e-05	6.055078e-03	3.328457e-05	7.159932e-04	6.153894e-04	3.328457e-05	-3.328457e-05	5.049039e-03	-7.061116e-03
9             	1.433487e-03	2.118574e-20	-2.195122e-03	5.487805e-05	6.563496e-03	3.583718e-05	7.716216e-04	6.618655e-04	3.583718e-05	-3.583718e-05	5.465935e-03	-7.661056e-03
10            	1.488782e-03	1.400811e-20	-2.303755e-03	5.759389e-05	6.835101e-03	3.721955e-05	8.019848e-04	6.867971e-04	3.721955e-05	-3.721955e-05	5.683223e-03	-7.986978e-03
11            	1.508397e-03	1.359607e-20	-2.365918e-03	5.914796e-05	6.955557e-03	3.770991e-05	8.133462e-04	6.950503e-04	3.770991e-05	-3.770991e-05	5.772598e-03	-8.138516e-03
12            	1.513376e-03	1.558193e-20	-2.432663e-03	6.081656e-05	7.065814e-03	3.783441e-05	8.175047e-04	6.958716e-04	3.783441e-05	-3.783441e-05	5.849482e-03	-8.282145e-03
13            	1.512736e-03	1.839573e-20	-2.499505e-03	6.248762e-05	7.173715e-03	3.781840e-05	8.188557e-04	6.938804e-04	3.781840e-05	-3.781840e-05	5.923963e-03	-8.423467e-03
14            	1.511654e-03	2.182352e-20	-2.562655e-03	6.406637e-05	7.280131e-03	3.779134e-05	8.198933e-04	6.917605e-04	3.779134e-05	-3.779134e-05	5.998803e-03	-8.561458e-03
15            	1.507775e-03	2.403461e-20	-2.603556e-03	6.508889e-05	7.343452e-03	3.769438e-05	8.189765e-04	6.887987e-04	3.769438e-05	-3.769438e-05	6.041674e-03	-8.645230e-03
16            	1.501683e-03	2.516040e-20	-2.630366e-03	6.575915e-05	7.378291e-03	3.754208e-05	8.166007e-04	6.850824e-04	3.754208e-05	-3.754208e-05	6.063108e-03	-8.693474e-03
17            	1.493673e-03	2.564189e-20	-2.643691e-03	6.609229e-05	7.385392e-03	3.734183e-05	8.129289e-04	6.807443e-04	3.734183e-05	-3.734183e-05	6.063546e-03	-8.707238e-03
18            	1.484091e-03	2.571218e-20	-2.649023e-03	6.622557e-05	7.374355e-03	3.710228e-05	8.082712e-04	6.758201e-04	3.710228e-05	-3.710228e-05	6.049843e-03	-8.698866e-03
19            	1.472554e-03	2.571099e-20	-2.646337e-03	6.615844e-05	7.344466e-03	3.681386e-05	8.024356e-04	6.701188e-04	3.681386e-05	-3.681386e-05	6.021297e-03	-8.667634e-03
20            	1.459292e-03	2.557415e-20	-2.639250e-03	6.598126e-05	7.303337e-03	3.648229e-05	7.956271e-04	6.636646e-04	3.648229e-05	-3.648229e-05	5.983712e-03	-8.622962e-03
21            	1.445981e-03	2.521385e-20	-2.631421e-03	6.578552e-05	7.261470e-03	3.614953e-05	7.887762e-04	6.572051e-04	3.614953e-05	-3.614953e-05	5.945760e-03	-8.577181e-03
22            	1.433643e-03	2.481077e-20	-2.622743e-03	6.556858e-05	7.220671e-03	3.584107e-05	7.823899e-04	6.512527e-04	3.584107e-05	-3.584107e-05	5.909299e-03	-8.532043e-03
23            	1.422141e-03	2.444056e-20	-2.611091e-03	6.527728e-05	7.176630e-03	3.555352e-05	7.763477e-04	6.457932e-04	3.555352e-05	-3.555352e-05	5.871085e-03	-8.482176e-03
24            	1.411100e-03	2.411573e-20	-2.594864e-03	6.487161e-05	7.125601e-03	3.527751e-05	7.704218e-04	6.406786e-04	3.527751e-05	-3.527751e-05	5.828168e-03	-8.423033e-03
25            	1.400269e-03	2.388413e-20	-2.573021e-03	6.432551e-05	7.065081e-03	3.500671e-05	7.644598e-04	6.358088e-04	3.500671e-05	-3.500671e-05	5.778570e-03	-8.351591e-03
26            	1.389807e-03	2.356408e-20	-2.546796e-03	6.366989e-05	6.997567e-03	3.474518e-05	7.585735e-04	6.312337e-04	3.474518e-05	-3.474518e-05	5.724169e-03	-8.270965e-03
27            	1.379763e-03	2.321845e-20	-2.517015e-03	6.292538e-05	6.924488e-03	3.449409e-05	7.528071e-04	6.269564e-04	3.449409e-05	-3.449409e-05	5.665980e-03	-8.182995e-03
28            	1.369856e-03	2.284656e-20	-2.484482e-03	6.211205e-05	6.846666e-03	3.424639e-05	7.470398e-04	6.228157e-04	3.424639e-05	-3.424639e-05	5.604425e-03	-8.088907e-03
29            	1.360121e-03	2.246123e-20	-2.450806e-03	6.127016e-05	6.767137e-03	3.400303e-05	7.413308e-04	6.187905e-04	3.400303e-05	-3.400303e-05	5.541734e-03	-7.992540e-03
30            	1.350801e-03	2.207682e-20	-2.417231e-03	6.043078e-05	6.688720e-03	3.377003e-05	7.358313e-04	6.149698e-04	3.377003e-05	-3.377003e-05	5.480104e-03	-7.897335e-03
31            	1.342143e-03	2.170534e-20	-2.384601e-03	5.961504e-05	6.613515e-03	3.355358e-05	7.306866e-04	6.114566e-04	3.355358e-05	-3.355358e-05	5.421214e-03	-7.805815e-03
32            	1.334084e-03	2.145343e-20	-2.352577e-03	5.881443e-05	6.540797e-03	3.335210e-05	7.258564e-04	6.082276e-04	3.335210e-05	-3.335210e-05	5.364508e-03	-7.717085e-03
33            	1.326934e-03	2.117358e-20	-2.322354e-03	5.805884e-05	6.473388e-03	3.317336e-05	7.215260e-04	6.054083e-04	3.317336e-05	-3.317336e-05	5.312211e-03	-7.634565e-03
34            	1.320717e-03	2.090002e-20	-2.293986e-03	5.734964e-05	6.411405e-03	3.301791e-05	7.177079e-04	6.030086e-04	3.301791e-05	-3.301791e-05	5.264413e-03	-7.558398e-03
35            	1.315156e-03	2.064992e-20	-2.266634e-03	5.666585e-05	6.352640e-03	3.287891e-05	7.142440e-04	6.009123e-04	3.287891e-05	-3.287891e-05	5.219323e-03	-7.485957e-03
36            	1.310315e-03	2.034410e-20	-2.240647e-03	5.601617e-05	6.297692e-03	3.275788e-05	7.111738e-04	5.991415e-04	3.275788e-05	-3.275788e-05	5.177369e-03	-7.418016e-03
37            	1.305877e-03	2.007873e-20	-2.215829e-03	5.539571e-05	6.245606e-03	3.264693e-05	7.083343e-04	5.975429e-04	3.264693e-05	-3.264693e-05	5.137691e-03	-7.353520e-03
38            	1.301799e-03	1.982283e-20	-2.191844e-03	5.479609e-05	6.195553e-03	3.254498e-05	7.056958e-04	5.961036e-04	3.254498e-05	-3.254498e-05	5.099631e-03	-7.291475e-03
39            	1.298083e-03	1.958442e-20	-2.169569e-03	5.423924e-05	6.149243e-03	3.245208e-05	7.032809e-04	5.948025e-04	3.245208e-05	-3.245208e-05	5.064458e-03	-7.234028e-03
40            	1.294818e-03	1.936483e-20	-2.149239e-03	5.373097e-05	6.107316e-03	3.237044e-05	7.011397e-04	5.936778e-04	3.237044e-05	-3.237044e-05	5.032696e-03	-7.181935e-03
41            	1.292042e-03	1.916855e-20	-2.130784e-03	5.326960e-05	6.069701e-03	3.230104e-05	6.992905e-04	5.927513e-04	3.230104e-05	-3.230104e-05	5.004309e-03	-7.135093e-03
42            	1.289795e-03	1.899527e-20	-2.114502e-03	5.286256e-05	6.037113e-03	3.224487e-05	6.977599e-04	5.920348e-04	3.224487e-05	-3.224487e-05	4.979862e-03	-7.094364e-03
43            	1.287942e-03	1.884386e-20	-2.099812e-03	5.249530e-05	6.008132e-03	3.219854e-05	6.964662e-04	5.914756e-04	3.219854e-05	-3.219854e-05	4.958226e-03	-7.058038e-03
44            	1.286389e-03	1.871330e-20	-2.086360e-03	5.215901e-05	5.981883e-03	3.215972e-05	6.953535e-04	5.910355e-04	3.215972e-05	-3.215972e-05	4.938702e-03	-7.025063e-03
45            	1.285051e-03	1.859783e-20	-2.074031e-03	5.185079e-05	5.957981e-03	3.212627e-05	6.943763e-04	5.906747e-04	3.212627e-05	-3.212627e-05	4.920965e-03	-6.994997e-03
46            	1.283883e-03	1.849600e-20	-2.062768e-03	5.156921e-05	5.936238e-03	3.209707e-05	6.935107e-04	5.903723e-04	3.209707e-05	-3.209707e-05	4.904854e-03	-6.967623e-03
47            	1.282844e-03	1.840612e-20	-2.052556e-03	5.131391e-05	5.916551e-03	3.207110e-05	6.927360e-04	5.901082e-04	3.207110e-05	-3.207110e-05	4.890273e-03	-6.942829e-03
48            	1.281921e-03	1.832696e-20	-2.043415e-03	5.108538e-05	5.898942e-03	3.204803e-05	6.920460e-04	5.898752e-04	3.204803e-05	-3.204803e-05	4.877235e-03	-6.920650e-03
49            	1.281128e-03	1.825808e-20	-2.035330e-03	5.088325e-05	5.883433e-03	3.202821e-05	6.914475e-04	5.896810e-04	3.202821e-05	-3.202821e-05	4.865768e-03	-6.901098e-03
50            	1.280390e-03	1.819978e-20	-2.028293e-03	5.070733e-05	5.869904e-03	3.200974e-05	6.909022e-04	5.894875e-04	3.200974e-05	-3.200974e-05	4.855757e-03	-6.884051e-03
51            	1.279827e-03	1.814846e-20	-2.022175e-03	5.055438e-05	5.858321e-03	3.199567e-05	6.904677e-04	5.893590e-04	3.199567e-05	-3.199567e-05	4.847233e-03	-6.869409e-03
52            	1.279406e-03	1.808582e-20	-2.016961e-03	5.042402e-05	5.848604e-03	3.198516e-05	6.901272e-04	5.892792e-04	3.198516e-05	-3.198516e-05	4.840124e-03	-6.857084e-03
53            	1.279159e-03	1.803758e-20	-2.012653e-03	5.031632e-05	5.840828e-03	3.197897e-05	6.898958e-04	5.892632e-04	3.197897e-05	-3.197897e-05	4.834501e-03	-6.847154e-03
54            	1.279039e-03	1.800063e-20	-2.009072e-03	5.022681e-05	5.834572e-03	3.197597e-05	6.897462e-04	5.892926e-04	3.197597e-05	-3.197597e-05	4.830036e-03	-6.839109e-03
55            	1.279004e-03	1.798540e-20	-2.006082e-03	5.015204e-05	5.829493e-03	3.197509e-05	6.896539e-04	5.893498e-04	3.197509e-05	-3.197509e-05	4.826453e-03	-6.832534e-03
56            	1.279010e-03	1.797122e-20	-2.003572e-03	5.008930e-05	5.825310e-03	3.197524e-05	6.895941e-04	5.894155e-04	3.197524e-05	-3.197524e-05	4.823524e-03	-6.827096e-03
57            	1.279060e-03	1.796158e-20	-2.001540e-03	5.003850e-05	5.822028e-03	3.197649e-05	6.895683e-04	5.894913e-04	3.197649e-05	-3.197649e-05	4.821258e-03	-6.822798e-03
58            	1.279149e-03	1.795646e-20	-1.999942e-03	4.999854e-05	5.819566e-03	3.197873e-05	6.895731e-04	5.895760e-04	3.197873e-05	-3.197873e-05	4.819596e-03	-6.819537e-03
59            	1.279270e-03	1.795542e-20	-1.998727e-03	4.996818e-05	5.817826e-03	3.198175e-05	6.896032e-04	5.896668e-04	3.198175e-05	-3.198175e-05	4.818463e-03	-6.817190e-03
60            	1.279416e-03	1.795780e-20	-1.997852e-03	4.994630e-05	5.816720e-03	3.198539e-05	6.896542e-04	5.897616e-04	3.198539e-05	-3.198539e-05	4.817794e-03	-6.815646e-03
61            	1.279580e-03	1.796301e-20	-1.997271e-03	4.993177e-05	5.816157e-03	3.198949e-05	6.897216e-04	5.898581e-04	3.198949e-05	-3.198949e-05	4.817521e-03	-6.814792e-03
62            	1.279760e-03	1.797014e-20	-1.996951e-03	4.992377e-05	5.816078e-03	3.199401e-05	6.898040e-04	5.899565e-04	3.199401e-05	-3.199401e-05	4.817603e-03	-6.814554e-03
63            	1.279947e-03	1.797891e-20	-1.996835e-03	4.992088e-05	5.816361e-03	3.199866e-05	6.898942e-04	5.900524e-04	3.199866e-05	-3.199866e-05	4.817943e-03	-6.814779e-03
64            	1.280131e-03	1.798844e-20	-1.996897e-03	4.992242e-05	5.816944e-03	3.200326e-05	6.899877e-04	5.901429e-04	3.200326e-05	-3.200326e-05	4.818496e-03	-6.815392e-03
65            	1.280327e-03	1.799850e-20	-1.997039e-03	4.992597e-05	5.817656e-03	3.200817e-05	6.900895e-04	5.902375e-04	3.200817e-05	-3.200817e-05	4.819137e-03	-6.816175e-03
66            	1.280496e-03	1.800908e-20	-1.997354e-03	4.993385e-05	5.818622e-03	3.201240e-05	6.901818e-04	5.903141e-04	3.201240e-05	-3.201240e-05	4.819945e-03	-6.817299e-03
67            	1.280667e-03	1.801954e-20	-1.997828e-03	4.994570e-05	5.819879e-03	3.201667e-05	6.902791e-04	5.903877e-04	3.201667e-05	-3.201667e-05	4.820965e-03	-6.818793e-03
68            	1.280817e-03	1.802088e-20	-1.998404e-03	4.996010e-05	5.821262e-03	3.202044e-05	6.903688e-04	5.904486e-04	3.202044e-05	-3.202044e-05	4.822060e-03	-6.820464e-03
69            	1.281013e-03	1.802714e-20	-1.999130e-03	4.997826e-05	5.823010e-03	3.202533e-05	6.904848e-04	5.905283e-04	3.202533e-05	-3.202533e-05	4.823445e-03	-6.822575e-03
70            	1.281170e-03	1.803994e-20	-1.999871e-03	4.999678e-05	5.824689e-03	3.202924e-05	6.905816e-04	5.905881e-04	3.202924e-05	-3.202924e-05	4.824753e-03	-6.824624e-03
71            	1.281312e-03	1.804565e-20	-2.000598e-03	5.001495e-05	5.826294e-03	3.203281e-05	6.906711e-04	5.906412e-04	3.203281e-05	-3.203281e-05	4.825995e-03	-6.826592e-03
72            	1.281432e-03	1.805681e-20	-2.001336e-03	5.003341e-05	5.827866e-03	3.203580e-05	6.907495e-04	5.906827e-04	3.203580e-05	-3.203580e-05	4.827198e-03	-6.828535e-03
73            	1.281579e-03	1.806220e-20	-2.002166e-03	5.005416e-05	5.829665e-03	3.203946e-05	6.908434e-04	5.907351e-04	3.203946e-05	-3.203946e-05	4.828582e-03	-6.830748e-03
74            	1.281724e-03	1.806921e-20	-2.003006e-03	5.007515e-05	5.831479e-03	3.204310e-05	6.909372e-04	5.907869e-04	3.204310e-05	-3.204310e-05	4.829976e-03	-6.832982e-03
75            	1.281864e-03	1.807832e-20	-2.003833e-03	5.009583e-05	5.833261e-03	3.204661e-05	6.910279e-04	5.908363e-04	3.204661e-05	-3.204661e-05	4.831344e-03	-6.835178e-03
76            	1.281991e-03	1.808656e-20	-2.004642e-03	5.011605e-05	5.834978e-03	3.204979e-05	6.911118e-04	5.908797e-04	3.204979e-05	-3.204979e-05	4.832657e-03	-6.837299e-03
77            	1.282101e-03	1.809403e-20	-2.005407e-03	5.013517e-05	5.836572e-03	3.205253e-05	6.911857e-04	5.909153e-04	3.205253e-05	-3.205253e-05	4.833869e-03	-6.839276e-03
78            	1.282195e-03	1.809671e-20	-2.006126e-03	5.015314e-05	5.838046e-03	3.205487e-05	6.912504e-04	5.909442e-04	3.205487e-05	-3.205487e-05	4.834983e-03	-6.841108e-03
79            	1.282274e-03	1.810384e-20	-2.006796e-03	5.016989e-05	5.839399e-03	3.205685e-05	6.913069e-04	5.909671e-04	3.205685e-05	-3.205685e-05	4.836001e-03	-6.842797e-03
80            	1.282350e-03	1.810513e-20	-2.007433e-03	5.018582e-05	5.840681e-03	3.205875e-05	6.913609e-04	5.909893e-04	3.205875e-05	-3.205875e-05	4.836965e-03	-6.844398e-03
81            	1.282412e-03	1.811094e-20	-2.008015e-03	5.020039e-05	5.841834e-03	3.206029e-05	6.914063e-04	5.910055e-04	3.206029e-05	-3.206029e-05	4.837827e-03	-6.845842e-03
82            	1.282462e-03	1.811464e-20	-2.008548e-03	5.021369e-05	5.842873e-03	3.206154e-05	6.914446e-04	5.910172e-04	3.206154e-05	-3.206154e-05	4.838599e-03	-6.847147e-03
83            	1.282504e-03	1.811757e-20	-2.009038e-03	5.022595e-05	5.843819e-03	3.206260e-05	6.914780e-04	5.910261e-04	3.206260e-05	-3.206260e-05	4.839300e-03	-6.848338e-03
84            	1.282549e-03	1.811681e-20	-2.009513e-03	5.023783e-05	5.844743e-03	3.206374e-05	6.915126e-04	5.910369e-04	3.206374e-05	-3.206374e-05	4.839986e-03	-6.849499e-03
85            	1.282590e-03	1.811898e-20	-2.009939e-03	5.024847e-05	5.845564e-03	3.206475e-05	6.915434e-04	5.910464e-04	3.206475e-05	-3.206475e-05	4.840594e-03	-6.850533e-03
86            	1.282617e-03	1.812052e-20	-2.010306e-03	5.025764e-05	5.846251e-03	3.206543e-05	6.915663e-04	5.910510e-04	3.206543e-05	-3.206543e-05	4.841098e-03	-6.851404e-03
87            	1.282638e-03	1.812149e-20	-2.010642e-03	5.026604e-05	5.846870e-03	3.206596e-05	6.915852e-04	5.910531e-04	3.206596e-05	-3.206596e-05	4.841549e-03	-6.852191e-03
88            	1.282657e-03	1.812225e-20	-2.010948e-03	5.027370e-05	5.847432e-03	3.206643e-05	6.916023e-04	5.910549e-04	3.206643e-05	-3.206643e-05	4.841958e-03	-6.852906e-03
89            	1.282674e-03	1.812281e-20	-2.011222e-03	5.028056e-05	5.847934e-03	3.206686e-05	6.916177e-04	5.910566e-04	3.206686e-05	-3.206686e-05	4.842323e-03	-6.853545e-03
90            	1.282690e-03	1.812318e-20	-2.011464e-03	5.028660e-05	5.848374e-03	3.206724e-05	6.916314e-04	5.910582e-04	3.206724e-05	-3.206724e-05	4.842641e-03	-6.854106e-03
91            	1.282703e-03	1.812337e-20	-2.011673e-03	5.029183e-05	5.848750e-03	3.206756e-05	6.916431e-04	5.910595e-04	3.206756e-05	-3.206756e-05	4.842914e-03	-6.854587e-03
92            	1.282712e-03	1.812347e-20	-2.011848e-03	5.029620e-05	5.849058e-03	3.206781e-05	6.916524e-04	5.910600e-04	3.206781e-05	-3.206781e-05	4.843134e-03	-6.854982e-03
93            	1.282720e-03	1.812341e-20	-2.011994e-03	5.029984e-05	5.849309e-03	3.206799e-05	6.916596e-04	5.910600e-04	3.206799e-05	-3.206799e-05	4.843312e-03	-6.855306e-03
94            	1.282723e-03	1.812519e-20	-2.012108e-03	5.030270e-05	5.849495e-03	3.206808e-05	6.916643e-04	5.910589e-04	3.206808e-05	-3.206808e-05	4.843441e-03	-6.855548e-03
95            	1.282722e-03	1.812656e-20	-2.012195e-03	5.030487e-05	5.849623e-03	3.206806e-05	6.916660e-04	5.910562e-04	3.206806e-05	-3.206806e-05	4.843526e-03	-6.855721e-03
96            	1.282713e-03	1.812772e-20	-2.012258e-03	5.030644e-05	5.849692e-03	3.206781e-05	6.916627e-04	5.910498e-04	3.206781e-05	-3.206781e-05	4.843563e-03	-6.855821e-03
97            	1.282700e-03	1.812865e-20	-2.012297e-03	5.030744e-05	5.849713e-03	3.206750e-05	6.916575e-04	5.910427e-04	3.206750e-05	-3.206750e-05	4.843564e-03	-6.855862e-03
98            	1.282685e-03	1.812929e-20	-2.012311e-03	5.030778e-05	5.849680e-03	3.206713e-05	6.916503e-04	5.910348e-04	3.206713e-05	-3.206713e-05	4.843525e-03	-6.855836e-03
99            	1.282670e-03	1.812951e-20	-2.012313e-03	5.030783e-05	5.849628e-03	3.206676e-05	6.916430e-04	5.910273e-04	3.206676e-05	-3.206676e-05	4.843472e-03	-6.855785e-03
100           	1.282657e-03	1.812936e-20	-2.012308e-03	5.030771e-05	5.849570e-03	3.206644e-05	6.916364e-04	5.910210e-04	3.206644e-05	-3.206644e-05	4.843416e-03	-6.855724e-03
101           	1.282648e-03	1.812877e-20	-2.012303e-03	5.030757e-05	5.849520e-03	3.206620e-05	6.916316e-04	5.910165e-04	3.206620e-05	-3.206620e-05	4.843368e-03	-6.855671e-03
102           	1.282642e-03	1.812806e-20	-2.012294e-03	5.030735e-05	5.849471e-03	3.206604e-05	6.916282e-04	5.910135e-04	3.206604e-05	-3.206604e-05	4.843324e-03	-6.855618e-03
103           	1.282638e-03	1.812683e-20	-2.012282e-03	5.030706e-05	5.849424e-03	3.206595e-05	6.916261e-04	5.910119e-04	3.206595e-05	-3.206595e-05	4.843283e-03	-6.855565e-03
104           	1.282637e-03	1.812568e-20	-2.012267e-03	5.030666e-05	5.849374e-03	3.206591e-05	6.916250e-04	5.910116e-04	3.206591e-05	-3.206591e-05	4.843241e-03	-6.855508e-03
105           	1.282636e-03	1.812450e-20	-2.012245e-03	5.030612e-05	5.849317e-03	3.206591e-05	6.916243e-04	5.910120e-04	3.206591e-05	-3.206591e-05	4.843195e-03	-6.855440e-03
106           	1.282638e-03	1.812336e-20	-2.012222e-03	5.030555e-05	5.849263e-03	3.206595e-05	6.916245e-04	5.910134e-04	3.206595e-05	-3.206595e-05	4.843152e-03	-6.855373e-03
107           	1.282642e-03	1.812232e-20	-2.012201e-03	5.030502e-05	5.849217e-03	3.206604e-05	6.916258e-04	5.910158e-04	3.206604e-05	-3.206604e-05	4.843117e-03	-6.855317e-03
108           	1.282648e-03	1.812135e-20	-2.012176e-03	5.030441e-05	5.849170e-03	3.206619e-05	6.916282e-04	5.910194e-04	3.206619e-05	-3.206619e-05	4.843082e-03	-6.855258e-03
109           	1.282654e-03	1.812045e-20	-2.012149e-03	5.030374e-05	5.849120e-03	3.206636e-05	6.916310e-04	5.910235e-04	3.206636e-05	-3.206636e-05	4.843045e-03	-6.855195e-03
110           	1.282662e-03	1.811961e-20	-2.012122e-03	5.030305e-05	5.849070e-03	3.206655e-05	6.916341e-04	5.910280e-04	3.206655e-05	-3.206655e-05	4.843009e-03	-6.855131e-03
111           	1.282670e-03	1.811885e-20	-2.012096e-03	5.030240e-05	5.849025e-03	3.206676e-05	6.916376e-04	5.910328e-04	3.206676e-05	-3.206676e-05	4.842977e-03	-6.855074e-03
112           	1.282680e-03	1.811818e-20	-2.012073e-03	5.030182e-05	5.848987e-03	3.206699e-05	6.916416e-04	5.910379e-04	3.206699e-05	-3.206699e-05	4.842951e-03	-6.855023e-03
113           	1.282690e-03	1.811760e-20	-2.012053e-03	5.030131e-05	5.848957e-03	3.206724e-05	6.916461e-04	5.910434e-04	3.206724e-05	-3.206724e-05	4.842930e-03	-6.854983e-03
114           	1.282700e-03	1.811712e-20	-2.012036e-03	5.030089e-05	5.848935e-03	3.206751e-05	6.916511e-04	5.910493e-04	3.206751e-05	-3.206751e-05	4.842917e-03	-6.854953e-03
115           	1.282712e-03	1.811673e-20	-2.012024e-03	5.030061e-05	5.848925e-03	3.206780e-05	6.916566e-04	5.910554e-04	3.206780e-05	-3.206780e-05	4.842913e-03	-6.854937e-03
116           	1.282724e-03	1.811644e-20	-2.012015e-03	5.030036e-05	5.848920e-03	3.206810e-05	6.916624e-04	5.910617e-04	3.206810e-05	-3.206810e-05	4.842913e-03	-6.854927e-03
117           	1.282737e-03	1.811620e-20	-2.012006e-03	5.030016e-05	5.848918e-03	3.206841e-05	6.916684e-04	5.910681e-04	3.206841e-05	-3.206841e-05	4.842915e-03	-6.854921e-03
118           	1.282749e-03	1.811601e-20	-2.012001e-03	5.030002e-05	5.848921e-03	3.206873e-05	6.916745e-04	5.910745e-04	3.206873e-05	-3.206873e-05	4.842921e-03	-6.854921e-03
119           	1.282762e-03	1.811586e-20	-2.011998e-03	5.029995e-05	5.848930e-03	3.206904e-05	6.916807e-04	5.910808e-04	3.206904e-05	-3.206904e-05	4.842931e-03	-6.854928e-03
120           	1.282774e-03	1.811579e-20	-2.011999e-03	5.029997e-05	5.848946e-03	3.206935e-05	6.916870e-04	5.910871e-04	3.206935e-05	-3.206935e-05	4.842947e-03	-6.854945e-03
121           	1.282787e-03	1.811570e-20	-2.012000e-03	5.030001e-05	5.848963e-03	3.206967e-05	6.916934e-04	5.910934e-04	3.206967e-05	-3.206967e-05	4.842962e-03	-6.854963e-03
122           	1.282800e-03	1.811569e-20	-2.012009e-03	5.030022e-05	5.848994e-03	3.207001e-05	6.917003e-04	5.910999e-04	3.207001e-05	-3.207001e-05	4.842990e-03	-6.854999e-03
123           	1.282813e-03	1.811566e-20	-2.012020e-03	5.030050e-05	5.849030e-03	3.207033e-05	6.917071e-04	5.911061e-04	3.207033e-05	-3.207033e-05	4.843021e-03	-6.855040e-03
124           	1.282827e-03	1.811518e-20	-2.012038e-03	5.030095e-05	5.849082e-03	3.207068e-05	6.917145e-04	5.911126e-04	3.207068e-05	-3.207068e-05	4.843063e-03	-6.855101e-03
125           	1.282842e-03	1.811490e-20	-2.012062e-03	5.030156e-05	5.849148e-03	3.207105e-05	6.917225e-04	5.911194e-04	3.207105e-05	-3.207105e-05	4.843117e-03	-6.855179e-03
126           	1.282857e-03	1.811462e-20	-2.012087e-03	5.030218e-05	5.849216e-03	3.207142e-05	6.917306e-04	5.911263e-04	3.207142e-05	-3.207142e-05	4.843172e-03	-6.855259e-03
127           	1.282871e-03	1.811445e-20	-2.012113e-03	5.030283e-05	5.849284e-03	3.207178e-05	6.917385e-04	5.911328e-04	3.207178e-05	-3.207178e-05	4.843227e-03	-6.855340e-03
128           	1.282886e-03	1.811431e-20	-2.012142e-03	5.030355e-05	5.849357e-03	3.207214e-05	6.917464e-04	5.911393e-04	3.207214e-05	-3.207214e-05	4.843286e-03	-6.855428e-03
129           	1.282900e-03	1.811424e-20	-2.012173e-03	5.030432e-05	5.849434e-03	3.207251e-05	6.917545e-04	5.911459e-04	3.207251e-05	-3.207251e-05	4.843347e-03	-6.855520e-03
130           	1.282913e-03	1.811429e-20	-2.012202e-03	5.030504e-05	5.849503e-03	3.207283e-05	6.917616e-04	5.911515e-04	3.207283e-05	-3.207283e-05	4.843402e-03	-6.855604e-03
131           	1.282926e-03	1.811465e-20	-2.012229e-03	5.030574e-05	5.849570e-03	3.207314e-05	6.917685e-04	5.911571e-04	3.207314e-05	-3.207314e-05	4.843455e-03	-6.855684e-03
132           	1.282937e-03	1.811493e-20	-2.012259e-03	5.030648e-05	5.849639e-03	3.207343e-05	6.917752e-04	5.911622e-04	3.207343e-05	-3.207343e-05	4.843510e-03	-6.855769e-03
133           	1.282949e-03	1.811523e-20	-2.012292e-03	5.030730e-05	5.849715e-03	3.207373e-05	6.917819e-04	5.911673e-04	3.207373e-05	-3.207373e-05	4.843569e-03	-6.855861e-03
134           	1.282961e-03	1.811556e-20	-2.012326e-03	5.030815e-05	5.849792e-03	3.207402e-05	6.917885e-04	5.911722e-04	3.207402e-05	-3.207402e-05	4.843629e-03	-6.855955e-03
135           	1.282972e-03	1.811590e-20	-2.012361e-03	5.030903e-05	5.849873e-03	3.207431e-05	6.917953e-04	5.911772e-04	3.207431e-05	-3.207431e-05	4.843693e-03	-6.856054e-03
136           	1.282984e-03	1.811624e-20	-2.012397e-03	5.030992e-05	5.849954e-03	3.207460e-05	6.918020e-04	5.911822e-04	3.207460e-05	-3.207460e-05	4.843756e-03	-6.856153e-03
137           	1.282995e-03	1.811662e-20	-2.012433e-03	5.031082e-05	5.850035e-03	3.207488e-05	6.918083e-04	5.911867e-04	3.207488e-05	-3.207488e-05	4.843819e-03	-6.856251e-03
138           	1.283005e-03	1.811701e-20	-2.012468e-03	5.031170e-05	5.850113e-03	3.207514e-05	6.918144e-04	5.911910e-04	3.207514e-05	-3.207514e-05	4.843879e-03	-6.856347e-03
139           	1.283015e-03	1.811740e-20	-2.012502e-03	5.031255e-05	5.850189e-03	3.207538e-05	6.918202e-04	5.911951e-04	3.207538e-05	-3.207538e-05	4.843938e-03	-6.856440e-03
140           	1.283025e-03	1.811778e-20	-2.012535e-03	5.031338e-05	5.850262e-03	3.207562e-05	6.918257e-04	5.911989e-04	3.207562e-05	-3.207562e-05	4.843994e-03	-6.856530e-03
141           	1.283033e-03	1.811816e-20	-2.012568e-03	5.031420e-05	5.850333e-03	3.207583e-05	6.918308e-04	5.912024e-04	3.207583e-05	-3.207583e-05	4.844049e-03	-6.856617e-03
142           	1.283042e-03	1.811855e-20	-2.012601e-03	5.031502e-05	5.850404e-03	3.207604e-05	6.918358e-04	5.912058e-04	3.207604e-05	-3.207604e-05	4.844104e-03	-6.856705e-03
143           	1.283049e-03	1.811903e-20	-2.012632e-03	5.031581e-05	5.850471e-03	3.207623e-05	6.918404e-04	5.912088e-04	3.207623e-05	-3.207623e-05	4.844155e-03	-6.856787e-03
144           	1.283056e-03	1.811948e-20	-2.012663e-03	5.031657e-05	5.850535e-03	3.207640e-05	6.918446e-04	5.912115e-04	3.207640e-05	-3.207640e-05	4.844203e-03	-6.856866e-03
145           	1.283062e-03	1.811992e-20	-2.012692e-03	5.031730e-05	5.850596e-03	3.207656e-05	6.918485e-04	5.912139e-04	3.207656e-05	-3.207656e-05	4.844250e-03	-6.856942e-03
146           	1.283068e-03	1.812034e-20	-2.012721e-03	5.031802e-05	5.850655e-03	3.207671e-05	6.918522e-04	5.912162e-04	3.207671e-05	-3.207671e-05	4.844295e-03	-6.857015e-03
147           	1.283074e-03	1.812064e-20	-2.012748e-03	5.031870e-05	5.850711e-03	3.207684e-05	6.918555e-04	5.912181e-04	3.207684e-05	-3.207684e-05	4.844337e-03	-6.857085e-03
148           	1.283079e-03	1.812096e-20	-2.012774e-03	5.031935e-05	5.850763e-03	3.207696e-05	6.918586e-04	5.912199e-04	3.207696e-05	-3.207696e-05	4.844376e-03	-6.857150e-03
149           	1.283083e-03	1.812127e-20	-2.012798e-03	5.031996e-05	5.850813e-03	3.207707e-05	6.918614e-04	5.912215e-04	3.207707e-05	-3.207707e-05	4.844414e-03	-6.857212e-03
150           	1.283087e-03	1.812156e-20	-2.012822e-03	5.032055e-05	5.850859e-03	3.207717e-05	6.918640e-04	5.912229e-04	3.207717e-05	-3.207717e-05	4.844448e-03	-6.857270e-03
151           	1.283090e-03	1.812183e-20	-2.012844e-03	5.032110e-05	5.850903e-03	3.207726e-05	6.918663e-04	5.912241e-04	3.207726e-05	-3.207726e-05	4.844481e-03	-6.857325e-03
152           	1.283093e-03	1.812208e-20	-2.012865e-03	5.032162e-05	5.850944e-03	3.207733e-05	6.918683e-04	5.912251e-04	3.207733e-05	-3.207733e-05	4.844511e-03	-6.857376e-03
153           	1.283096e-03	1.812232e-20	-2.012885e-03	5.032212e-05	5.850982e-03	3.207740e-05	6.918702e-04	5.912259e-04	3.207740e-05	-3.207740e-05	4.844539e-03	-6.857424e-03
154           	1.283098e-03	1.812255e-20	-2.012903e-03	5.032258e-05	5.851017e-03	3.207746e-05	6.918718e-04	5.912266e-04	3.207746e-05	-3.207746e-05	4.844565e-03	-6.857468e-03
155           	1.283101e-03	1.812276e-20	-2.012921e-03	5.032301e-05	5.851050e-03	3.207751e-05	6.918733e-04	5.912272e-04	3.207751e-05	-3.207751e-05	4.844589e-03	-6.857510e-03
156           	1.283102e-03	1.812296e-20	-2.012937e-03	5.032342e-05	5.851080e-03	3.207756e-05	6.918746e-04	5.912278e-04	3.207756e-05	-3.207756e-05	4.844612e-03	-6.857548e-03
157           	1.283104e-03	1.812312e-20	-2.012952e-03	5.032380e-05	5.851108e-03	3.207759e-05	6.918757e-04	5.912281e-04	3.207759e-05	-3.207759e-05	4.844632e-03	-6.857584e-03
158           	1.283105e-03	1.812327e-20	-2.012967e-03	5.032417e-05	5.851135e-03	3.207763e-05	6.918767e-04	5.912283e-04	3.207763e-05	-3.207763e-05	4.844652e-03	-6.857619e-03
159           	1.283106e-03	1.812341e-20	-2.012981e-03	5.032452e-05	5.851161e-03	3.207765e-05	6.918776e-04	5.912285e-04	3.207765e-05	-3.207765e-05	4.844670e-03	-6.857651e-03
160           	1.283107e-03	1.812352e-20	-2.012993e-03	5.032482e-05	5.851181e-03	3.207767e-05	6.918782e-04	5.912285e-04	3.207767e-05	-3.207767e-05	4.844685e-03	-6.857678e-03
161           	1.283107e-03	1.812362e-20	-2.013003e-03	5.032508e-05	5.851199e-03	3.207767e-05	6.918785e-04	5.912284e-04	3.207767e-05	-3.207767e-05	4.844697e-03	-6.857701e-03
162           	1.283107e-03	1.812371e-20	-2.013013e-03	5.032532e-05	5.851214e-03	3.207767e-05	6.918788e-04	5.912282e-04	3.207767e-05	-3.207767e-05	4.844708e-03	-6.857721e-03
163           	1.283107e-03	1.812378e-20	-2.013022e-03	5.032554e-05	5.851228e-03	3.207767e-05	6.918790e-04	5.912279e-04	3.207767e-05	-3.207767e-05	4.844717e-03	-6.857739e-03
164           	1.283107e-03	1.812384e-20	-2.013029e-03	5.032574e-05	5.851240e-03	3.207767e-05	6.918791e-04	5.912276e-04	3.207767e-05	-3.207767e-05	4.844725e-03	-6.857755e-03
165           	1.283106e-03	1.812389e-20	-2.013037e-03	5.032592e-05	5.851252e-03	3.207766e-05	6.918792e-04	5.912273e-04	3.207766e-05	-3.207766e-05	4.844733e-03	-6.857770e-03
166           	1.283106e-03	1.812384e-20	-2.013044e-03	5.032611e-05	5.851264e-03	3.207766e-05	6.918793e-04	5.912271e-04	3.207766e-05	-3.207766e-05	4.844741e-03	-6.857786e-03
167           	1.283106e-03	1.812381e-20	-2.013051e-03	5.032628e-05	5.851274e-03	3.207766e-05	6.918795e-04	5.912270e-04	3.207766e-05	-3.207766e-05	4.844749e-03	-6.857800e-03
168           	1.283106e-03	1.812378e-20	-2.013057e-03	5.032642e-05	5.851283e-03	3.207766e-05	6.918796e-04	5.912267e-04	3.207766e-05	-3.207766e-05	4.844754e-03	-6.857811e-03
169           	1.283106e-03	1.812375e-20	-2.013062e-03	5.032654e-05	5.851290e-03	3.207765e-05	6.918796e-04	5.912265e-04	3.207765e-05	-3.207765e-05	4.844759e-03	-6.857821e-03
170           	1.283106e-03	1.812373e-20	-2.013065e-03	5.032663e-05	5.851295e-03	3.207764e-05	6.918795e-04	5.912262e-04	3.207764e-05	-3.207764e-05	4.844762e-03	-6.857827e-03
171           	1.283105e-03	1.812371e-20	-2.013068e-03	5.032671e-05	5.851298e-03	3.207763e-05	6.918792e-04	5.912258e-04	3.207763e-05	-3.207763e-05	4.844763e-03	-6.857832e-03
172           	1.283104e-03	1.812370e-20	-2.013071e-03	5.032677e-05	5.851300e-03	3.207761e-05	6.918789e-04	5.912254e-04	3.207761e-05	-3.207761e-05	4.844764e-03	-6.857835e-03
173           	1.283103e-03	1.812373e-20	-2.013073e-03	5.032682e-05	5.851300e-03	3.207759e-05	6.918786e-04	5.912249e-04	3.207759e-05	-3.207759e-05	4.844764e-03	-6.857837e-03
174           	1.283103e-03	1.812373e-20	-2.013075e-03	5.032687e-05	5.851301e-03	3.207757e-05	6.918782e-04	5.912244e-04	3.207757e-05	-3.207757e-05	4.844764e-03	-6.857838e-03
175           	1.283102e-03	1.812375e-20	-2.013077e-03	5.032692e-05	5.851302e-03	3.207755e-05	6.918779e-04	5.912240e-04	3.207755e-05	-3.207755e-05	4.844764e-03	-6.857840e-03
176           	1.283101e-03	1.812376e-20	-2.013078e-03	5.032695e-05	5.851303e-03	3.207753e-05	6.918776e-04	5.912236e-04	3.207753e-05	-3.207753e-05	4.844764e-03	-6.857842e-03
177           	1.283101e-03	1.812377e-20	-2.013079e-03	5.032698e-05	5.851303e-03	3.207751e-05	6.918772e-04	5.912233e-04	3.207751e-05	-3.207751e-05	4.844763e-03	-6.857843e-03
178           	1.283100e-03	1.812377e-20	-2.013080e-03	5.032701e-05	5.851303e-03	3.207750e-05	6.918770e-04	5.912229e-04	3.207750e-05	-3.207750e-05	4.844763e-03	-6.857843e-03
179           	1.283099e-03	1.812377e-20	-2.013081e-03	5.032703e-05	5.851303e-03	3.207748e-05	6.918767e-04	5.912226e-04	3.207748e-05	-3.207748e-05	4.844762e-03	-6.857843e-03
180           	1.283099e-03	1.812377e-20	-2.013082e-03	5.032705e-05	5.851302e-03	3.207747e-05	6.918764e-04	5.912223e-04	3.207747e-05	-3.207747e-05	4.844761e-03	-6.857843e-03
181           	1.283098e-03	1.812370e-20	-2.013083e-03	5.032708e-05	5.851303e-03	3.207746e-05	6.918762e-04	5.912221e-04	3.207746e-05	-3.207746e-05	4.844761e-03	-6.857844e-03
182           	1.283098e-03	1.812373e-20	-2.013083e-03	5.032709e-05	5.851302e-03	3.207745e-05	6.918760e-04	5.912218e-04	3.207745e-05	-3.207745e-05	4.844760e-03	-6.857844e-03
183           	1.283097e-03	1.812374e-20	-2.013084e-03	5.032709e-05	5.851300e-03	3.207743e-05	6.918757e-04	5.912215e-04	3.207743e-05	-3.207743e-05	4.844759e-03	-6.857842e-03
184           	1.283097e-03	1.812374e-20	-2.013084e-03	5.032710e-05	5.851300e-03	3.207742e-05	6.918754e-04	5.912212e-04	3.207742e-05	-3.207742e-05	4.844758e-03	-6.857842e-03
185           	1.283096e-03	1.812376e-20	-2.013084e-03	5.032711e-05	5.851299e-03	3.207741e-05	6.918752e-04	5.912210e-04	3.207741e-05	-3.207741e-05	4.844757e-03	-6.857841e-03
186           	1.283096e-03	1.812380e-20	-2.013085e-03	5.032712e-05	5.851298e-03	3.207740e-05	6.918750e-04	5.912208e-04	3.207740e-05	-3.207740e-05	4.844756e-03	-6.857840e-03
187           	1.283095e-03	1.812383e-20	-2.013085e-03	5.032712e-05	5.851297e-03	3.207738e-05	6.918748e-04	5.912206e-04	3.207738e-05	-3.207738e-05	4.844755e-03	-6.857840e-03
188           	1.283095e-03	1.812386e-20	-2.013085e-03	5.032713e-05	5.851297e-03	3.207738e-05	6.918747e-04	5.912204e-04	3.207738e-05	-3.207738e-05	4.844754e-03	-6.857839e-03
189           	1.283095e-03	1.812390e-20	-2.013086e-03	5.032714e-05	5.851296e-03	3.207737e-05	6.918745e-04	5.912202e-04	3.207737e-05	-3.207737e-05	4.844754e-03	-6.857839e-03
190           	1.283094e-03	1.812393e-20	-2.013086e-03	5.032715e-05	5.851296e-03	3.207736e-05	6.918744e-04	5.912201e-04	3.207736e-05	-3.207736e-05	4.844753e-03	-6.857839e-03
191           	1.283094e-03	1.812397e-20	-2.013086e-03	5.032716e-05	5.851296e-03	3.207735e-05	6.918743e-04	5.912199e-04	3.207735e-05	-3.207735e-05	4.844753e-03	-6.857839e-03
192           	1.283094e-03	1.812398e-20	-2.013087e-03	5.032717e-05	5.851296e-03	3.207735e-05	6.918742e-04	5.912198e-04	3.207735e-05	-3.207735e-05	4.844753e-03	-6.857840e-03
193           	1.283094e-03	1.812400e-20	-2.013087e-03	5.032718e-05	5.851296e-03	3.207734e-05	6.918741e-04	5.912197e-04	3.207734e-05	-3.207734e-05	4.844752e-03	-6.857840e-03
194           	1.283094e-03	1.812402e-20	-2.013087e-03	5.032719e-05	5.851296e-03	3.207734e-05	6.918740e-04	5.912196e-04	3.207734e-05	-3.207734e-05	4.844752e-03	-6.857840e-03
195           	1.283093e-03	1.812407e-20	-2.013088e-03	5.032720e-05	5.851296e-03	3.207734e-05	6.918739e-04	5.912195e-04	3.207734e-05	-3.207734e-05	4.844752e-03	-6.857840e-03
196           	1.283093e-03	1.812409e-20	-2.013088e-03	5.032721e-05	5.851297e-03	3.207733e-05	6.918739e-04	5.912195e-04	3.207733e-05	-3.207733e-05	4.844752e-03	-6.857841e-03
197           	1.283093e-03	1.812411e-20	-2.013089e-03	5.032722e-05	5.851297e-03	3.207733e-05	6.918738e-04	5.912194e-04	3.207733e-05	-3.207733e-05	4.844753e-03	-6.857842e-03
198           	1.283093e-03	1.812416e-20	-2.013089e-03	5.032723e-05	5.851297e-03	3.207733e-05	6.918738e-04	5.912193e-04	3.207733e-05	-3.207733e-05	4.844753e-03	-6.857842e-03
199           	1.283093e-03	1.812418e-20	-2.013090e-03	5.032725e-05	5.851298e-03	3.207733e-05	6.918738e-04	5.912193e-04	3.207733e-05	-3.207733e-05	4.844753e-03	-6.857843e-03
200           	1.283093e-03	1.812423e-20	-2.013090e-03	5.032726e-05	5.851299e-03	3.207732e-05	6.918737e-04	5.912192e-04	3.207732e-05	-3.207732e-05	4.844753e-03	-6.857844e-03
201           	1.283093e-03	1.812425e-20	-2.013091e-03	5.032728e-05	5.851299e-03	3.207732e-05	6.918737e-04	5.912191e-04	3.207732e-05	-3.207732e-05	4.844754e-03	-6.857845e-03
202           	1.283093e-03	1.812427e-20	-2.013092e-03	5.032730e-05	5.851301e-03	3.207732e-05	6.918737e-04	5.912191e-04	3.207732e-05	-3.207732e-05	4.844755e-03	-6.857847e-03
203           	1.283093e-03	1.812432e-20	-2.013093e-03	5.032732e-05	5.851302e-03	3.207732e-05	6.918737e-04	5.912191e-04	3.207732e-05	-3.207732e-05	4.844755e-03	-6.857848e-03
204           	1.283093e-03	1.812434e-20	-2.013094e-03	5.032734e-05	5.851303e-03	3.207732e-05	6.918737e-04	5.912191e-04	3.207732e-05	-3.207732e-05	4.844757e-03	-6.857850e-03
205           	1.283093e-03	1.812437e-20	-2.013095e-03	5.032736e-05	5.851305e-03	3.207732e-05	6.918738e-04	5.912191e-04	3.207732e-05	-3.207732e-05	4.844758e-03	-6.857852e-03
206           	1.283093e-03	1.812439e-20	-2.013096e-03	5.032739e-05	5.851307e-03	3.207732e-05	6.918739e-04	5.912191e-04	3.207732e-05	-3.207732e-05	4.844759e-03	-6.857855e-03
207           	1.283093e-03	1.812443e-20	-2.013096e-03	5.032741e-05	5.851308e-03	3.207733e-05	6.918739e-04	5.912191e-04	3.207733e-05	-3.207733e-05	4.844760e-03	-6.857857e-03
208           	1.283093e-03	1.812445e-20	-2.013097e-03	5.032744e-05	5.851310e-03	3.207733e-05	6.918740e-04	5.912191e-04	3.207733e-05	-3.207733e-05	4.844762e-03	-6.857859e-03
209           	1.283093e-03	1.812448e-20	-2.013099e-03	5.032746e-05	5.851312e-03	3.207733e-05	6.918741e-04	5.912191e-04	3.207733e-05	-3.207733e-05	4.844763e-03	-6.857862e-03
210           	1.283093e-03	1.812450e-20	-2.013100e-03	5.032749e-05	5.851314e-03	3.207733e-05	6.918741e-04	5.912192e-04	3.207733e-05	-3.207733e-05	4.844765e-03	-6.857864e-03
211           	1.283093e-03	1.812453e-20	-2.013101e-03	5.032752e-05	5.851316e-03	3.207733e-05	6.918742e-04	5.912192e-04	3.207733e-05	-3.207733e-05	4.844766e-03	-6.857867e-03
212           	1.283093e-03	1.812455e-20	-2.013102e-03	5.032754e-05	5.851318e-03	3.207734e-05	6.918743e-04	5.912192e-04	3.207734e-05	-3.207734e-05	4.844768e-03	-6.857869e-03
213           	1.283094e-03	1.812458e-20	-2.013103e-03	5.032757e-05	5.851321e-03	3.207734e-05	6.918743e-04	5.912192e-04	3.207734e-05	-3.207734e-05	4.844769e-03	-6.857872e-03
214           	1.283094e-03	1.812460e-20	-2.013104e-03	5.032760e-05	5.851323e-03	3.207734e-05	6.918744e-04	5.912192e-04	3.207734e-05	-3.207734e-05	4.844771e-03	-6.857874e-03
215           	1.283094e-03	1.812462e-20	-2.013105e-03	5.032762e-05	5.851324e-03	3.207734e-05	6.918745e-04	5.912192e-04	3.207734e-05	-3.207734e-05	4.844772e-03	-6.857877e-03
216           	1.283094e-03	1.812464e-20	-2.013106e-03	5.032765e-05	5.851326e-03	3.207735e-05	6.918745e-04	5.912193e-04	3.207735e-05	-3.207735e-05	4.844773e-03	-6.857879e-03
217           	1.283094e-03	1.812466e-20	-2.013107e-03	5.032767e-05	5.851328e-03	3.207735e-05	6.918746e-04	5.912193e-04	3.207735e-05	-3.207735e-05	4.844775e-03	-6.857882e-03
218           	1.283094e-03	1.812468e-20	-2.013108e-03	5.032770e-05	5.851330e-03	3.207735e-05	6.918747e-04	5.912193e-04	3.207735e-05	-3.207735e-05	4.844776e-03	-6.857884e-03
219           	1.283094e-03	1.812469e-20	-2.013109e-03	5.032772e-05	5.851332e-03	3.207735e-05	6.918747e-04	5.912193e-04	3.207735e-05	-3.207735e-05	4.844777e-03	-6.857886e-03
220           	1.283094e-03	1.812470e-20	-2.013110e-03	5.032774e-05	5.851334e-03	3.207735e-05	6.918748e-04	5.912193e-04	3.207735e-05	-3.207735e-05	4.844779e-03	-6.857888e-03
221           	1.283094e-03	1.812471e-20	-2.013111e-03	5.032777e-05	5.851336e-03	3.207735e-05	6.918749e-04	5.912193e-04	3.207735e-05	-3.207735e-05	4.844780e-03	-6.857891e-03
222           	1.283094e-03	1.812472e-20	-2.013112e-03	5.032779e-05	5.851337e-03	3.207736e-05	6.918749e-04	5.912193e-04	3.207736e-05	-3.207736e-05	4.844782e-03	-6.857893e-03
223           	1.283094e-03	1.812473e-20	-2.013113e-03	5.032782e-05	5.851339e-03	3.207736e-05	6.918750e-04	5.912194e-04	3.207736e-05	-3.207736e-05	4.844783e-03	-6.857896e-03
224           	1.283094e-03	1.812473e-20	-2.013114e-03	5.032784e-05	5.851341e-03	3.207736e-05	6.918751e-04	5.912194e-04	3.207736e-05	-3.207736e-05	4.844784e-03	-6.857898e-03
225           	1.283095e-03	1.812473e-20	-2.013115e-03	5.032787e-05	5.851343e-03	3.207736e-05	6.918751e-04	5.912194e-04	3.207736e-05	-3.207736e-05	4.844786e-03	-6.857900e-03
226           	1.283095e-03	1.812473e-20	-2.013116e-03	5.032789e-05	5.851345e-03	3.207737e-05	6.918752e-04	5.912194e-04	3.207737e-05	-3.207737e-05	4.844787e-03	-6.857903e-03
227           	1.283095e-03	1.812474e-20	-2.013116e-03	5.032791e-05	5.851347e-03	3.207737e-05	6.918753e-04	5.912194e-04	3.207737e-05	-3.207737e-05	4.844788e-03	-6.857905e-03
228           	1.283095e-03	1.812474e-20	-2.013117e-03	5.032793e-05	5.851348e-03	3.207737e-05	6.918753e-04	5.912195e-04	3.207737e-05	-3.207737e-05	4.844790e-03	-6.857907e-03
229           	1.283095e-03	1.812474e-20	-2.013118e-03	5.032796e-05	5.851350e-03	3.207737e-05	6.918754e-04	5.912195e-04	3.207737e-05	-3.207737e-05	4.844791e-03	-6.857909e-03
230           	1.283095e-03	1.812475e-20	-2.013119e-03	5.032798e-05	5.851352e-03	3.207737e-05	6.918755e-04	5.912195e-04	3.207737e-05	-3.207737e-05	4.844792e-03	-6.857911e-03
231           	1.283095e-03	1.812475e-20	-2.013120e-03	5.032800e-05	5.851353e-03	3.207738e-05	6.918755e-04	5.912195e-04	3.207738e-05	-3.207738e-05	4.844793e-03	-6.857913e-03
232           	1.283095e-03	1.812476e-20	-2.013121e-03	5.032802e-05	5.851355e-03	3.207738e-05	6.918756e-04	5.912195e-04	3.207738e-05	-3.207738e-05	4.844794e-03	-6.857915e-03
233           	1.283095e-03	1.812476e-20	-2.013121e-03	5.032803e-05	5.851356e-03	3.207738e-05	6.918756e-04	5.912195e-04	3.207738e-05	-3.207738e-05	4.844795e-03	-6.857917e-03
234           	1.283095e-03	1.812477e-20	-2.013122e-03	5.032805e-05	5.851357e-03	3.207738e-05	6.918757e-04	5.912196e-04	3.207738e-05	-3.207738e-05	4.844796e-03	-6.857918e-03
235           	1.283095e-03	1.812478e-20	-2.013123e-03	5.032807e-05	5.851359e-03	3.207738e-05	6.918757e-04	5.912196e-04	3.207738e-05	-3.207738e-05	4.844797e-03	-6.857920e-03
236           	1.283095e-03	1.812479e-20	-2.013123e-03	5.032808e-05	5.851360e-03	3.207738e-05	6.918757e-04	5.912196e-04	3.207738e-05	-3.207738e-05	4.844798e-03	-6.857921e-03
237           	1.283095e-03	1.812480e-20	-2.013124e-03	5.032810e-05	5.851361e-03	3.207738e-05	6.918758e-04	5.912196e-04	3.207738e-05	-3.207738e-05	4.844799e-03	-6.857923e-03
238           	1.283095e-03	1.812480e-20	-2.013124e-03	5.032811e-05	5.851362e-03	3.207738e-05	6.918758e-04	5.912196e-04	3.207738e-05	-3.207738e-05	4.844800e-03	-6.857924e-03
239           	1.283095e-03	1.812481e-20	-2.013125e-03	5.032812e-05	5.851363e-03	3.207738e-05	6.918758e-04	5.912196e-04	3.207738e-05	-3.207738e-05	4.844800e-03	-6.857925e-03
240           	1.283095e-03	1.812481e-20	-2.013125e-03	5.032814e-05	5.851364e-03	3.207739e-05	6.918758e-04	5.912196e-04	3.207739e-05	-3.207739e-05	4.844801e-03	-6.857927e-03
241           	1.283095e-03	1.812482e-20	-2.013126e-03	5.032815e-05	5.851365e-03	3.207739e-05	6.918759e-04	5.912196e-04	3.207739e-05	-3.207739e-05	4.844802e-03	-6.857928e-03
242           	1.283095e-03	1.812482e-20	-2.013126e-03	5.032816e-05	5.851365e-03	3.207739e-05	6.918759e-04	5.912196e-04	3.207739e-05	-3.207739e-05	4.844802e-03	-6.857929e-03
243           	1.283095e-03	1.812482e-20	-2.013127e-03	5.032817e-05	5.851366e-03	3.207739e-05	6.918759e-04	5.912196e-04	3.207739e-05	-3.207739e-05	4.844803e-03	-6.857930e-03
244           	1.283095e-03	1.812483e-20	-2.013127e-03	5.032818e-05	5.851367e-03	3.207739e-05	6.918759e-04	5.912196e-04	3.207739e-05	-3.207739e-05	4.844803e-03	-6.857931e-03
245           	1.283095e-03	1.812483e-20	-2.013127e-03	5.032819e-05	5.851368e-03	3.207739e-05	6.918759e-04	5.912195e-04	3.207739e-05	-3.207739e-05	4.844804e-03	-6.857931e-03
246           	1.283095e-03	1.812483e-20	-2.013128e-03	5.032820e-05	5.851368e-03	3.207739e-05	6.918759e-04	5.912195e-04	3.207739e-05	-3.207739e-05	4.844804e-03	-6.857932e-03
247           	1.283095e-03	1.812483e-20	-2.013128e-03	5.032820e-05	5.851369e-03	3.207739e-05	6.918759e-04	5.912195e-04	3.207739e-05	-3.207739e-05	4.844805e-03	-6.857933e-03
248           	1.283095e-03	1.812483e-20	-2.013128e-03	5.032821e-05	5.851369e-03	3.207739e-05	6.918759e-04	5.912195e-04	3.207739e-05	-3.207739e-05	4.844805e-03	-6.857934e-03
249           	1.283095e-03	1.812484e-20	-2.013129e-03	5.032822e-05	5.851370e-03	3.207739e-05	6.918760e-04	5.912195e-04	3.207739e-05	-3.207739e-05	4.844806e-03	-6.857934e-03
250           	1.283095e-03	1.812484e-20	-2.013129e-03	5.032822e-05	5.851370e-03	3.207739e-05	6.918760e-04	5.912195e-04	3.207739e-05	-3.207739e-05	4.844806e-03	-6.857935e-03
251           	1.283095e-03	1.812484e-20	-2.013129e-03	5.032823e-05	5.851371e-03	3.207739e-05	6.918760e-04	5.912195e-04	3.207739e-05	-3.207739e-05	4.844806e-03	-6.857935e-03
252           	1.283095e-03	1.812484e-20	-2.013129e-03	5.032824e-05	5.851371e-03	3.207739e-05	6.918760e-04	5.912195e-04	3.207739e-05	-3.207739e-05	4.844806e-03	-6.857936e-03
253           	1.283095e-03	1.812484e-20	-2.013130e-03	5.032824e-05	5.851371e-03	3.207739e-05	6.918760e-04	5.912195e-04	3.207739e-05	-3.207739e-05	4.844807e-03	-6.857936e-03
254           	1.283095e-03	1.812484e-20	-2.013130e-03	5.032825e-05	5.851372e-03	3.207739e-05	6.918760e-04	5.912195e-04	3.207739e-05	-3.207739e-05	4.844807e-03	-6.857937e-03
255           	1.283095e-03	1.812484e-20	-2.013130e-03	5.032825e-05	5.851372e-03	3.207739e-05	6.918760e-04	5.912195e-04	3.207739e-05	-3.207739e-05	4.844807e-03	-6.857937e-03
256           	1.283095e-03	1.812484e-20	-2.013130e-03	5.032825e-05	5.851372e-03	3.207739e-05	6.918760e-04	5.912195e-04	3.207739e-05	-3.207739e-05	4.844807e-03	-6.857937e-03
257           	1.283095e-03	1.812485e-20	-2.013130e-03	5.032826e-05	5.851373e-03	3.207739e-05	6.918760e-04	5.912195e-04	3.207739e-05	-3.207739e-05	4.844807e-03	-6.857938e-03
258           	1.283095e-03	1.812485e-20	-2.013130e-03	5.032826e-05	5.851373e-03	3.207739e-05	6.918760e-04	5.912194e-04	3.207739e-05	-3.207739e-05	4.844808e-03	-6.857938e-03
259           	1.283095e-03	1.812485e-20	-2.013131e-03	5.032826e-05	5.851373e-03	3.207739e-05	6.918760e-04	5.912194e-04	3.207739e-05	-3.207739e-05	4.844808e-03	-6.857938e-03
260           	1.283095e-03	1.812485e-20	-2.013131e-03	5.032826e-05	5.851373e-03	3.207738e-05	6.918760e-04	5.912194e-04	3.207738e-05	-3.207738e-05	4.844808e-03	-6.857938e-03
261           	1.283095e-03	1.812486e-20	-2.013131e-03	5.032827e-05	5.851373e-03	3.207738e-05	6.918760e-04	5.912194e-04	3.207738e-05	-3.207738e-05	4.844808e-03	-6.857938e-03
262           	1.283095e-03	1.812486e-20	-2.013131e-03	5.032827e-05	5.851373e-03	3.207738e-05	6.918759e-04	5.912194e-04	3.207738e-05	-3.207738e-05	4.844808e-03	-6.857939e-03
263           	1.283095e-03	1.812486e-20	-2.013131e-03	5.032827e-05	5.851373e-03	3.207738e-05	6.918759e-04	5.912194e-04	3.207738e-05	-3.207738e-05	4.844808e-03	-6.857939e-03
264           	1.283095e-03	1.812487e-20	-2.013131e-03	5.032827e-05	5.851373e-03	3.207738e-05	6.918759e-04	5.912194e-04	3.207738e-05	-3.207738e-05	4.844808e-03	-6.857939e-03
265           	1.283095e-03	1.812487e-20	-2.013131e-03	5.032827e-05	5.851373e-03	3.207738e-05	6.918759e-04	5.912194e-04	3.207738e-05	-3.207738e-05	4.844808e-03	-6.857939e-03
266           	1.283095e-03	1.812487e-20	-2.013131e-03	5.032827e-05	5.851373e-03	3.207738e-05	6.918759e-04	5.912194e-04	3.207738e-05	-3.207738e-05	4.844808e-03	-6.857939e-03
267           	1.283095e-03	1.812487e-20	-2.013131e-03	5.032827e-05	5.851373e-03	3.207738e-05	6.918759e-04	5.912194e-04	3.207738e-05	-3.207738e-05	4.844808e-03	-6.857939e-03
268           	1.283095e-03	1.812487e-20	-2.013131e-03	5.032827e-05	5.851373e-03	3.207738e-05	6.918759e-04	5.912193e-04	3.207738e-05	-3.207738e-05	4.844808e-03	-6.857939e-03
269           	1.283095e-03	1.812488e-20	-2.013131e-03	5.032827e-05	5.851373e-03	3.207738e-05	6.918759e-04	5.912193e-04	3.207738e-05	-3.207738e-05	4.844808e-03	-6.857939e-03
270           	1.283095e-03	1.812488e-20	-2.013131e-03	5.032827e-05	5.851373e-03	3.207738e-05	6.918759e-04	5.912193e-04	3.207738e-05	-3.207738e-05	4.844808e-03	-6.857939e-03
271           	1.283095e-03	1.812488e-20	-2.013131e-03	5.032827e-05	5.851373e-03	3.207738e-05	6.918759e-04	5.912193e-04	3.207738e-05	-3.207738e-05	4.844808e-03	-6.857939e-03
272           	1.283095e-03	1.812488e-20	-2.013131e-03	5.032827e-05	5.851373e-03	3.207738e-05	6.918759e-04	5.912193e-04	3.207738e-05	-3.207738e-05	4.844808e-03	-6.857939e-03
273           	1.283095e-03	1.812488e-20	-2.013131e-03	5.032827e-05	5.851373e-03	3.207738e-05	6.918758e-04	5.912193e-04	3.207738e-05	-3.207738e-05	4.844808e-03	-6.857938e-03
274           	1.283095e-03	1.812488e-20	-2.013131e-03	5.032827e-05	5.851373e-03	3.207738e-05	6.918758e-04	5.912193e-04	3.207738e-05	-3.207738e-05	4.844808e-03	-6.857938e-03
275           	1.283095e-03	1.812488e-20	-2.013131e-03	5.032827e-05	5.851373e-03	3.207738e-05	6.918758e-04	5.912193e-04	3.207738e-05	-3.207738e-05	4.844808e-03	-6.857938e-03
276           	1.283095e-03	1.812488e-20	-2.013131e-03	5.032827e-05	5.851373e-03	3.207738e-05	6.918758e-04	5.912193e-04	3.207738e-05	-3.207738e-05	4.844808e-03	-6.857938e-03
277           	1.283095e-03	1.812488e-20	-2.013131e-03	5.032827e-05	5.851373e-03	3.207738e-05	6.918758e-04	5.912193e-04	3.207738e-05	-3.207738e-05	4.844808e-03	-6.857938e-03
278           	1.283095e-03	1.812488e-20	-2.013131e-03	5.032827e-05	5.851373e-03	3.207738e-05	6.918758e-04	5.912193e-04	3.207738e-05	-3.207738e-05	4.844808e-03	-6.857938e-03
279           	1.283095e-03	1.812488e-20	-2.013131e-03	5.032827e-05	5.851373e-03	3.207738e-05	6.918758e-04	5.912193e-04	3.207738e-05	-3.207738e-05	4.844808e-03	-6.857938e-03
280           	1.283095e-03	1.812488e-20	-2.013131e-03	5.032827e-05	5.851373e-03	3.207738e-05	6.918758e-04	5.912193e-04	3.207738e-05	-3.207738e-05	4.844808e-03	-6.857938e-03
281           	1.283095e-03	1.812488e-20	-2.013131e-03	5.032827e-05	5.851373e-03	3.207738e-05	6.918758e-04	5.912193e-04	3.207738e-05	-3.207738e-05	4.844807e-03	-6.857938e-03
282           	1.283095e-03	1.812488e-20	-2.013131e-03	5.032827e-05	5.851373e-03	3.207738e-05	6.918758e-04	5.912193e-04	3.207738e-05	-3.207738e-05	4.844807e-03	-6.857938e-03
283           	1.283095e-03	1.812488e-20	-2.013131e-03	5.032827e-05	5.851373e-03	3.207738e-05	6.918758e-04	5.912193e-04	3.207738e-05	-3.207738e-05	4.844807e-03	-6.857938e-03
284           	1.283095e-03	1.812488e-20	-2.013131e-03	5.032827e-05	5.851373e-03	3.207738e-05	6.918758e-04	5.912193e-04	3.207738e-05	-3.207738e-05	4.844807e-03	-6.857938e-03
