# Force coefficients
# dragDir     : (1.000000e+00 0.000000e+00 0.000000e+00)
# sideDir     : (0.000000e+00 0.000000e+00 -1.000000e+00)
# liftDir     : (0.000000e+00 1.000000e+00 0.000000e+00)
# rollAxis    : (1.000000e+00 0.000000e+00 0.000000e+00)
# pitchAxis   : (0.000000e+00 0.000000e+00 -1.000000e+00)
# yawAxis     : (0.000000e+00 1.000000e+00 0.000000e+00)
# magUInf     : 4.000000e-02
# lRef        : 1.000000e-01
# Aref        : 1.000000e-01
# CofR        : (0.000000e+00 0.000000e+00 0.000000e+00)
#
# Time        	Cd            	Cs            	Cl            	CmRoll        	CmPitch       	CmYaw         	Cd(f)         	Cd(r)         	Cs(f)         	Cs(r)         	Cl(f)         	Cl(r)         
1             	4.799496e-04	-1.629345e-20	3.847119e-04	-9.617798e-06	2.294748e-04	1.199874e-05	2.303570e-04	2.495926e-04	1.199874e-05	-1.199874e-05	4.218307e-04	-3.711884e-05
2             	1.823750e-03	-8.544507e-20	1.406811e-03	-3.517026e-05	1.004582e-03	4.559375e-05	8.767047e-04	9.470452e-04	4.559375e-05	-4.559375e-05	1.707988e-03	-3.011770e-04
3             	1.906637e-03	-8.559434e-20	1.485345e-03	-3.713362e-05	1.029355e-03	4.766593e-05	9.161850e-04	9.904522e-04	4.766593e-05	-4.766593e-05	1.772028e-03	-2.866829e-04
4             	1.661760e-03	-2.232613e-20	1.500468e-03	-3.751169e-05	5.223161e-04	4.154400e-05	7.933683e-04	8.683917e-04	4.154400e-05	-4.154400e-05	1.272550e-03	2.279178e-04
5             	1.342074e-03	3.797833e-21	1.511675e-03	-3.779187e-05	-1.411186e-04	3.355185e-05	6.332451e-04	7.088288e-04	3.355185e-05	-3.355185e-05	6.147188e-04	8.969559e-04
6             	1.127130e-03	4.473773e-21	1.500381e-03	-3.750952e-05	-5.485134e-04	2.817826e-05	5.260557e-04	6.010747e-04	2.817826e-05	-2.817826e-05	2.016770e-04	1.298704e-03
7             	1.074209e-03	-1.053241e-21	1.464207e-03	-3.660517e-05	-5.752340e-04	2.685521e-05	5.004991e-04	5.737094e-04	2.685521e-05	-2.685521e-05	1.568694e-04	1.307337e-03
8             	1.200407e-03	-5.640286e-21	1.532971e-03	-3.832429e-05	-4.430550e-04	3.001018e-05	5.618794e-04	6.385280e-04	3.001018e-05	-3.001018e-05	3.234307e-04	1.209541e-03
9             	1.351802e-03	-8.798389e-21	1.688357e-03	-4.220894e-05	-4.273403e-04	3.379505e-05	6.336922e-04	7.181100e-04	3.379505e-05	-3.379505e-05	4.168385e-04	1.271519e-03
10            	1.466615e-03	-1.037350e-20	1.871802e-03	-4.679506e-05	-5.389549e-04	3.666539e-05	6.865127e-04	7.801028e-04	3.666539e-05	-3.666539e-05	3.969462e-04	1.474856e-03
11            	1.561689e-03	-1.103447e-20	2.068998e-03	-5.172495e-05	-7.175362e-04	3.904222e-05	7.291195e-04	8.325694e-04	3.904222e-05	-3.904222e-05	3.169628e-04	1.752035e-03
12            	1.607090e-03	-1.160844e-20	2.220094e-03	-5.550236e-05	-9.071226e-04	4.017725e-05	7.480426e-04	8.590473e-04	4.017725e-05	-4.017725e-05	2.029246e-04	2.017170e-03
13            	1.628625e-03	-1.203337e-20	2.345296e-03	-5.863241e-05	-1.095243e-03	4.071563e-05	7.556803e-04	8.729451e-04	4.071563e-05	-4.071563e-05	7.740523e-05	2.267891e-03
14            	1.637113e-03	-1.230791e-20	2.438595e-03	-6.096489e-05	-1.248913e-03	4.092783e-05	7.575917e-04	8.795214e-04	4.092783e-05	-4.092783e-05	-2.961555e-05	2.468211e-03
15            	1.638165e-03	-1.262676e-20	2.507783e-03	-6.269457e-05	-1.371839e-03	4.095411e-05	7.563877e-04	8.817769e-04	4.095411e-05	-4.095411e-05	-1.179472e-04	2.625730e-03
16            	1.636142e-03	-1.296985e-20	2.558676e-03	-6.396691e-05	-1.466661e-03	4.090356e-05	7.541042e-04	8.820381e-04	4.090356e-05	-4.090356e-05	-1.873224e-04	2.745999e-03
17            	1.633620e-03	-1.328420e-20	2.596895e-03	-6.492238e-05	-1.539033e-03	4.084051e-05	7.518877e-04	8.817325e-04	4.084051e-05	-4.084051e-05	-2.405854e-04	2.837481e-03
18            	1.631145e-03	-1.356604e-20	2.625958e-03	-6.564895e-05	-1.594599e-03	4.077862e-05	7.499234e-04	8.812213e-04	4.077862e-05	-4.077862e-05	-2.816202e-04	2.907578e-03
19            	1.628581e-03	-1.380887e-20	2.647882e-03	-6.619704e-05	-1.637414e-03	4.071452e-05	7.480934e-04	8.804874e-04	4.071452e-05	-4.071452e-05	-3.134729e-04	2.961354e-03
20            	1.625624e-03	-1.400797e-20	2.663496e-03	-6.658740e-05	-1.669576e-03	4.064059e-05	7.462244e-04	8.793992e-04	4.064059e-05	-4.064059e-05	-3.378285e-04	3.001324e-03
21            	1.622067e-03	-1.415927e-20	2.673162e-03	-6.682905e-05	-1.692085e-03	4.055168e-05	7.442046e-04	8.778627e-04	4.055168e-05	-4.055168e-05	-3.555036e-04	3.028665e-03
22            	1.617854e-03	-1.426111e-20	2.677306e-03	-6.693264e-05	-1.705778e-03	4.044636e-05	7.419946e-04	8.758599e-04	4.044636e-05	-4.044636e-05	-3.671252e-04	3.044431e-03
23            	1.613191e-03	-1.431711e-20	2.676719e-03	-6.691798e-05	-1.711688e-03	4.032978e-05	7.396776e-04	8.735135e-04	4.032978e-05	-4.032978e-05	-3.733284e-04	3.050048e-03
24            	1.608355e-03	-1.433584e-20	2.672512e-03	-6.681281e-05	-1.711327e-03	4.020887e-05	7.373646e-04	8.709902e-04	4.020887e-05	-4.020887e-05	-3.750707e-04	3.047583e-03
25            	1.603446e-03	-1.431227e-20	2.665749e-03	-6.664372e-05	-1.706484e-03	4.008614e-05	7.350791e-04	8.683666e-04	4.008614e-05	-4.008614e-05	-3.736092e-04	3.039358e-03
26            	1.598643e-03	-1.424807e-20	2.657621e-03	-6.644051e-05	-1.699046e-03	3.996607e-05	7.328809e-04	8.657620e-04	3.996607e-05	-3.996607e-05	-3.702361e-04	3.027857e-03
27            	1.594065e-03	-1.419045e-20	2.648832e-03	-6.622081e-05	-1.690083e-03	3.985163e-05	7.308118e-04	8.632534e-04	3.985163e-05	-3.985163e-05	-3.656673e-04	3.014500e-03
28            	1.589688e-03	-1.414203e-20	2.639724e-03	-6.599310e-05	-1.680256e-03	3.974221e-05	7.288510e-04	8.608372e-04	3.974221e-05	-3.974221e-05	-3.603937e-04	3.000118e-03
29            	1.585557e-03	-1.408926e-20	2.630533e-03	-6.576333e-05	-1.669897e-03	3.963892e-05	7.270150e-04	8.585416e-04	3.963892e-05	-3.963892e-05	-3.546305e-04	2.985164e-03
30            	1.581683e-03	-1.403300e-20	2.621375e-03	-6.553436e-05	-1.659174e-03	3.954208e-05	7.253072e-04	8.563759e-04	3.954208e-05	-3.954208e-05	-3.484872e-04	2.969862e-03
31            	1.578206e-03	-1.397409e-20	2.612256e-03	-6.530641e-05	-1.647791e-03	3.945516e-05	7.237967e-04	8.544095e-04	3.945516e-05	-3.945516e-05	-3.416630e-04	2.953919e-03
32            	1.574862e-03	-1.391416e-20	2.603495e-03	-6.508737e-05	-1.636912e-03	3.937155e-05	7.223437e-04	8.525184e-04	3.937155e-05	-3.937155e-05	-3.351643e-04	2.938659e-03
33            	1.571714e-03	-1.385325e-20	2.594874e-03	-6.487185e-05	-1.625961e-03	3.929285e-05	7.209852e-04	8.507289e-04	3.929285e-05	-3.929285e-05	-3.285237e-04	2.923398e-03
34            	1.568710e-03	-1.379167e-20	2.586414e-03	-6.466035e-05	-1.615081e-03	3.921776e-05	7.196948e-04	8.490155e-04	3.921776e-05	-3.921776e-05	-3.218744e-04	2.908289e-03
35            	1.565763e-03	-1.373645e-20	2.578010e-03	-6.445026e-05	-1.604247e-03	3.914407e-05	7.184310e-04	8.473316e-04	3.914407e-05	-3.914407e-05	-3.152423e-04	2.893253e-03
36            	1.563084e-03	-1.369219e-20	2.570026e-03	-6.425065e-05	-1.593732e-03	3.907710e-05	7.172914e-04	8.457927e-04	3.907710e-05	-3.907710e-05	-3.087188e-04	2.878745e-03
37            	1.560598e-03	-1.364063e-20	2.562337e-03	-6.405843e-05	-1.583441e-03	3.901496e-05	7.162407e-04	8.443575e-04	3.901496e-05	-3.901496e-05	-3.022721e-04	2.864609e-03
38            	1.558132e-03	-1.358467e-20	2.554727e-03	-6.386818e-05	-1.573303e-03	3.895329e-05	7.151976e-04	8.429340e-04	3.895329e-05	-3.895329e-05	-2.959397e-04	2.850667e-03
39            	1.555838e-03	-1.353360e-20	2.547503e-03	-6.368758e-05	-1.563605e-03	3.889596e-05	7.142316e-04	8.416068e-04	3.889596e-05	-3.889596e-05	-2.898536e-04	2.837357e-03
40            	1.553542e-03	-1.347969e-20	2.540331e-03	-6.350827e-05	-1.554051e-03	3.883855e-05	7.132628e-04	8.402794e-04	3.883855e-05	-3.883855e-05	-2.838852e-04	2.824216e-03
41            	1.551389e-03	-1.343429e-20	2.533509e-03	-6.333774e-05	-1.544927e-03	3.878472e-05	7.123566e-04	8.390321e-04	3.878472e-05	-3.878472e-05	-2.781725e-04	2.811682e-03
42            	1.549324e-03	-1.338680e-20	2.526943e-03	-6.317357e-05	-1.536155e-03	3.873309e-05	7.114882e-04	8.378354e-04	3.873309e-05	-3.873309e-05	-2.726840e-04	2.799627e-03
43            	1.547315e-03	-1.333961e-20	2.520535e-03	-6.301337e-05	-1.527613e-03	3.868288e-05	7.106442e-04	8.366710e-04	3.868288e-05	-3.868288e-05	-2.673457e-04	2.787881e-03
44            	1.545466e-03	-1.330110e-20	2.514469e-03	-6.286173e-05	-1.519448e-03	3.863665e-05	7.098713e-04	8.355947e-04	3.863665e-05	-3.863665e-05	-2.622137e-04	2.776683e-03
45            	1.543685e-03	-1.326274e-20	2.508724e-03	-6.271811e-05	-1.511792e-03	3.859213e-05	7.091245e-04	8.345608e-04	3.859213e-05	-3.859213e-05	-2.574294e-04	2.766154e-03
46            	1.541954e-03	-1.322646e-20	2.503192e-03	-6.257980e-05	-1.504489e-03	3.854884e-05	7.083970e-04	8.335566e-04	3.854884e-05	-3.854884e-05	-2.528930e-04	2.756085e-03
47            	1.540412e-03	-1.319792e-20	2.497973e-03	-6.244933e-05	-1.497433e-03	3.851029e-05	7.077565e-04	8.326552e-04	3.851029e-05	-3.851029e-05	-2.484466e-04	2.746420e-03
48            	1.539024e-03	-1.316819e-20	2.493058e-03	-6.232645e-05	-1.490677e-03	3.847559e-05	7.071854e-04	8.318383e-04	3.847559e-05	-3.847559e-05	-2.441481e-04	2.737206e-03
49            	1.537726e-03	-1.313878e-20	2.488362e-03	-6.220904e-05	-1.484183e-03	3.844314e-05	7.066538e-04	8.310719e-04	3.844314e-05	-3.844314e-05	-2.400022e-04	2.728364e-03
50            	1.536576e-03	-1.311358e-20	2.484042e-03	-6.210106e-05	-1.478136e-03	3.841439e-05	7.061868e-04	8.303889e-04	3.841439e-05	-3.841439e-05	-2.361150e-04	2.720157e-03
51            	1.535494e-03	-1.308879e-20	2.479950e-03	-6.199874e-05	-1.472405e-03	3.838736e-05	7.057485e-04	8.297460e-04	3.838736e-05	-3.838736e-05	-2.324300e-04	2.712380e-03
52            	1.534540e-03	-1.306803e-20	2.476222e-03	-6.190555e-05	-1.467136e-03	3.836349e-05	7.053643e-04	8.291754e-04	3.836349e-05	-3.836349e-05	-2.290249e-04	2.705247e-03
53            	1.533637e-03	-1.304588e-20	2.472725e-03	-6.181813e-05	-1.462219e-03	3.834092e-05	7.050003e-04	8.286365e-04	3.834092e-05	-3.834092e-05	-2.258568e-04	2.698582e-03
54            	1.532816e-03	-1.302673e-20	2.469506e-03	-6.173765e-05	-1.457683e-03	3.832039e-05	7.046702e-04	8.281455e-04	3.832039e-05	-3.832039e-05	-2.229298e-04	2.692436e-03
55            	1.532057e-03	-1.301220e-20	2.466506e-03	-6.166264e-05	-1.453451e-03	3.830143e-05	7.043659e-04	8.276912e-04	3.830143e-05	-3.830143e-05	-2.201980e-04	2.686704e-03
56            	1.531406e-03	-1.299922e-20	2.463830e-03	-6.159575e-05	-1.449635e-03	3.828515e-05	7.041073e-04	8.272988e-04	3.828515e-05	-3.828515e-05	-2.177195e-04	2.681550e-03
57            	1.530797e-03	-1.298489e-20	2.461357e-03	-6.153392e-05	-1.446128e-03	3.826993e-05	7.038647e-04	8.269326e-04	3.826993e-05	-3.826993e-05	-2.154499e-04	2.676807e-03
58            	1.530240e-03	-1.297187e-20	2.459103e-03	-6.147756e-05	-1.442944e-03	3.825601e-05	7.036427e-04	8.265978e-04	3.825601e-05	-3.825601e-05	-2.133925e-04	2.672495e-03
59            	1.529728e-03	-1.296040e-20	2.457046e-03	-6.142614e-05	-1.440055e-03	3.824319e-05	7.034376e-04	8.262899e-04	3.824319e-05	-3.824319e-05	-2.115320e-04	2.668578e-03
60            	1.529261e-03	-1.295151e-20	2.455162e-03	-6.137904e-05	-1.437410e-03	3.823151e-05	7.032513e-04	8.260093e-04	3.823151e-05	-3.823151e-05	-2.098287e-04	2.664990e-03
61            	1.528869e-03	-1.294497e-20	2.453500e-03	-6.133750e-05	-1.435044e-03	3.822172e-05	7.030969e-04	8.257719e-04	3.822172e-05	-3.822172e-05	-2.082939e-04	2.661794e-03
62            	1.528513e-03	-1.293768e-20	2.451985e-03	-6.129963e-05	-1.432891e-03	3.821281e-05	7.029566e-04	8.255559e-04	3.821281e-05	-3.821281e-05	-2.068984e-04	2.658884e-03
63            	1.528196e-03	-1.293129e-20	2.450626e-03	-6.126565e-05	-1.430958e-03	3.820490e-05	7.028324e-04	8.253637e-04	3.820490e-05	-3.820490e-05	-2.056455e-04	2.656272e-03
64            	1.527912e-03	-1.292592e-20	2.449407e-03	-6.123518e-05	-1.429231e-03	3.819781e-05	7.027210e-04	8.251914e-04	3.819781e-05	-3.819781e-05	-2.045275e-04	2.653935e-03
65            	1.527659e-03	-1.292215e-20	2.448310e-03	-6.120774e-05	-1.427677e-03	3.819147e-05	7.026217e-04	8.250372e-04	3.819147e-05	-3.819147e-05	-2.035226e-04	2.651832e-03
66            	1.527453e-03	-1.291986e-20	2.447364e-03	-6.118409e-05	-1.426320e-03	3.818633e-05	7.025425e-04	8.249107e-04	3.818633e-05	-3.818633e-05	-2.026381e-04	2.650002e-03
67            	1.527268e-03	-1.291706e-20	2.446518e-03	-6.116295e-05	-1.425113e-03	3.818170e-05	7.024711e-04	8.247970e-04	3.818170e-05	-3.818170e-05	-2.018539e-04	2.648372e-03
68            	1.527107e-03	-1.291477e-20	2.445776e-03	-6.114440e-05	-1.424057e-03	3.817767e-05	7.024091e-04	8.246979e-04	3.817767e-05	-3.817767e-05	-2.011689e-04	2.646945e-03
69            	1.526965e-03	-1.291305e-20	2.445126e-03	-6.112814e-05	-1.423139e-03	3.817412e-05	7.023543e-04	8.246106e-04	3.817412e-05	-3.817412e-05	-2.005758e-04	2.645701e-03
70            	1.526841e-03	-1.291189e-20	2.444561e-03	-6.111402e-05	-1.422348e-03	3.817102e-05	7.023064e-04	8.245344e-04	3.817102e-05	-3.817102e-05	-2.000676e-04	2.644628e-03
71            	1.526734e-03	-1.291128e-20	2.444073e-03	-6.110183e-05	-1.421670e-03	3.816836e-05	7.022653e-04	8.244690e-04	3.816836e-05	-3.816836e-05	-1.996335e-04	2.643707e-03
72            	1.526644e-03	-1.291144e-20	2.443651e-03	-6.109128e-05	-1.421084e-03	3.816610e-05	7.022308e-04	8.244133e-04	3.816610e-05	-3.816610e-05	-1.992586e-04	2.642910e-03
73            	1.526578e-03	-1.291228e-20	2.443307e-03	-6.108266e-05	-1.420598e-03	3.816445e-05	7.022064e-04	8.243717e-04	3.816445e-05	-3.816445e-05	-1.989445e-04	2.642251e-03
74            	1.526524e-03	-1.291287e-20	2.443016e-03	-6.107539e-05	-1.420190e-03	3.816310e-05	7.021866e-04	8.243373e-04	3.816310e-05	-3.816310e-05	-1.986819e-04	2.641698e-03
75            	1.526483e-03	-1.291366e-20	2.442779e-03	-6.106947e-05	-1.419858e-03	3.816207e-05	7.021720e-04	8.243109e-04	3.816207e-05	-3.816207e-05	-1.984689e-04	2.641248e-03
76            	1.526449e-03	-1.291463e-20	2.442584e-03	-6.106459e-05	-1.419591e-03	3.816122e-05	7.021597e-04	8.242889e-04	3.816122e-05	-3.816122e-05	-1.982991e-04	2.640883e-03
77            	1.526425e-03	-1.291577e-20	2.442432e-03	-6.106080e-05	-1.419386e-03	3.816062e-05	7.021516e-04	8.242732e-04	3.816062e-05	-3.816062e-05	-1.981702e-04	2.640602e-03
78            	1.526408e-03	-1.291710e-20	2.442318e-03	-6.105794e-05	-1.419238e-03	3.816020e-05	7.021461e-04	8.242620e-04	3.816020e-05	-3.816020e-05	-1.980787e-04	2.640396e-03
79            	1.526399e-03	-1.291858e-20	2.442235e-03	-6.105588e-05	-1.419133e-03	3.815997e-05	7.021435e-04	8.242552e-04	3.815997e-05	-3.815997e-05	-1.980159e-04	2.640251e-03
80            	1.526407e-03	-1.292021e-20	2.442197e-03	-6.105492e-05	-1.419080e-03	3.816017e-05	7.021484e-04	8.242583e-04	3.816017e-05	-3.816017e-05	-1.979820e-04	2.640179e-03
81            	1.526407e-03	-1.292207e-20	2.442173e-03	-6.105433e-05	-1.419068e-03	3.816018e-05	7.021493e-04	8.242579e-04	3.816018e-05	-3.816018e-05	-1.979811e-04	2.640154e-03
82            	1.526409e-03	-1.292394e-20	2.442168e-03	-6.105421e-05	-1.419087e-03	3.816023e-05	7.021504e-04	8.242588e-04	3.816023e-05	-3.816023e-05	-1.980027e-04	2.640171e-03
83            	1.526419e-03	-1.292585e-20	2.442181e-03	-6.105454e-05	-1.419124e-03	3.816047e-05	7.021549e-04	8.242639e-04	3.816047e-05	-3.816047e-05	-1.980331e-04	2.640215e-03
84            	1.526435e-03	-1.292778e-20	2.442213e-03	-6.105531e-05	-1.419181e-03	3.816088e-05	7.021622e-04	8.242728e-04	3.816088e-05	-3.816088e-05	-1.980747e-04	2.640287e-03
85            	1.526455e-03	-1.292972e-20	2.442259e-03	-6.105648e-05	-1.419259e-03	3.816138e-05	7.021711e-04	8.242840e-04	3.816138e-05	-3.816138e-05	-1.981297e-04	2.640389e-03
86            	1.526478e-03	-1.293168e-20	2.442320e-03	-6.105799e-05	-1.419357e-03	3.816194e-05	7.021809e-04	8.242969e-04	3.816194e-05	-3.816194e-05	-1.981975e-04	2.640517e-03
87            	1.526502e-03	-1.293362e-20	2.442391e-03	-6.105977e-05	-1.419471e-03	3.816256e-05	7.021914e-04	8.243109e-04	3.816256e-05	-3.816256e-05	-1.982759e-04	2.640667e-03
88            	1.526528e-03	-1.293552e-20	2.442471e-03	-6.106177e-05	-1.419599e-03	3.816320e-05	7.022022e-04	8.243257e-04	3.816320e-05	-3.816320e-05	-1.983636e-04	2.640834e-03
89            	1.526554e-03	-1.293735e-20	2.442557e-03	-6.106392e-05	-1.419735e-03	3.816386e-05	7.022133e-04	8.243411e-04	3.816386e-05	-3.816386e-05	-1.984567e-04	2.641014e-03
90            	1.526583e-03	-1.293917e-20	2.442649e-03	-6.106622e-05	-1.419878e-03	3.816457e-05	7.022252e-04	8.243576e-04	3.816457e-05	-3.816457e-05	-1.985534e-04	2.641202e-03
91            	1.526612e-03	-1.294101e-20	2.442746e-03	-6.106865e-05	-1.420028e-03	3.816530e-05	7.022373e-04	8.243746e-04	3.816530e-05	-3.816530e-05	-1.986552e-04	2.641401e-03
92            	1.526646e-03	-1.294287e-20	2.442839e-03	-6.107097e-05	-1.420158e-03	3.816615e-05	7.022521e-04	8.243940e-04	3.816615e-05	-3.816615e-05	-1.987391e-04	2.641578e-03
93            	1.526681e-03	-1.294467e-20	2.442944e-03	-6.107359e-05	-1.420309e-03	3.816703e-05	7.022671e-04	8.244143e-04	3.816703e-05	-3.816703e-05	-1.988374e-04	2.641781e-03
94            	1.526720e-03	-1.294643e-20	2.443057e-03	-6.107643e-05	-1.420468e-03	3.816800e-05	7.022836e-04	8.244364e-04	3.816800e-05	-3.816800e-05	-1.989399e-04	2.641997e-03
95            	1.526759e-03	-1.294812e-20	2.443179e-03	-6.107947e-05	-1.420641e-03	3.816898e-05	7.023002e-04	8.244591e-04	3.816898e-05	-3.816898e-05	-1.990517e-04	2.642230e-03
96            	1.526791e-03	-1.294970e-20	2.443301e-03	-6.108253e-05	-1.420828e-03	3.816979e-05	7.023132e-04	8.244783e-04	3.816979e-05	-3.816979e-05	-1.991779e-04	2.642479e-03
97            	1.526825e-03	-1.295126e-20	2.443422e-03	-6.108555e-05	-1.421009e-03	3.817062e-05	7.023269e-04	8.244979e-04	3.817062e-05	-3.817062e-05	-1.992983e-04	2.642720e-03
98            	1.526859e-03	-1.295286e-20	2.443543e-03	-6.108858e-05	-1.421188e-03	3.817148e-05	7.023411e-04	8.245183e-04	3.817148e-05	-3.817148e-05	-1.994160e-04	2.642959e-03
99            	1.526895e-03	-1.295441e-20	2.443664e-03	-6.109161e-05	-1.421363e-03	3.817238e-05	7.023559e-04	8.245391e-04	3.817238e-05	-3.817238e-05	-1.995304e-04	2.643195e-03
100           	1.526931e-03	-1.295592e-20	2.443785e-03	-6.109463e-05	-1.421535e-03	3.817328e-05	7.023710e-04	8.245603e-04	3.817328e-05	-3.817328e-05	-1.996426e-04	2.643428e-03
101           	1.526967e-03	-1.295734e-20	2.443907e-03	-6.109767e-05	-1.421709e-03	3.817419e-05	7.023861e-04	8.245814e-04	3.817419e-05	-3.817419e-05	-1.997551e-04	2.643662e-03
102           	1.527002e-03	-1.295867e-20	2.444027e-03	-6.110067e-05	-1.421880e-03	3.817506e-05	7.024005e-04	8.246018e-04	3.817506e-05	-3.817506e-05	-1.998669e-04	2.643894e-03
103           	1.527037e-03	-1.295998e-20	2.444147e-03	-6.110368e-05	-1.422053e-03	3.817592e-05	7.024147e-04	8.246221e-04	3.817592e-05	-3.817592e-05	-1.999794e-04	2.644127e-03
104           	1.527069e-03	-1.296121e-20	2.444264e-03	-6.110660e-05	-1.422222e-03	3.817673e-05	7.024281e-04	8.246412e-04	3.817673e-05	-3.817673e-05	-2.000898e-04	2.644354e-03
105           	1.527101e-03	-1.296241e-20	2.444379e-03	-6.110948e-05	-1.422388e-03	3.817753e-05	7.024412e-04	8.246601e-04	3.817753e-05	-3.817753e-05	-2.001985e-04	2.644578e-03
106           	1.527132e-03	-1.296353e-20	2.444489e-03	-6.111224e-05	-1.422548e-03	3.817829e-05	7.024536e-04	8.246780e-04	3.817829e-05	-3.817829e-05	-2.003030e-04	2.644792e-03
107           	1.527162e-03	-1.296466e-20	2.444597e-03	-6.111493e-05	-1.422702e-03	3.817904e-05	7.024659e-04	8.246957e-04	3.817904e-05	-3.817904e-05	-2.004037e-04	2.645001e-03
108           	1.527191e-03	-1.296570e-20	2.444701e-03	-6.111753e-05	-1.422851e-03	3.817976e-05	7.024777e-04	8.247128e-04	3.817976e-05	-3.817976e-05	-2.005006e-04	2.645202e-03
109           	1.527218e-03	-1.296663e-20	2.444800e-03	-6.111999e-05	-1.422991e-03	3.818046e-05	7.024892e-04	8.247292e-04	3.818046e-05	-3.818046e-05	-2.005914e-04	2.645391e-03
110           	1.527247e-03	-1.296757e-20	2.444897e-03	-6.112242e-05	-1.423127e-03	3.818117e-05	7.025009e-04	8.247458e-04	3.818117e-05	-3.818117e-05	-2.006787e-04	2.645575e-03
111           	1.527274e-03	-1.296845e-20	2.444992e-03	-6.112479e-05	-1.423260e-03	3.818186e-05	7.025123e-04	8.247619e-04	3.818186e-05	-3.818186e-05	-2.007642e-04	2.645756e-03
112           	1.527300e-03	-1.296924e-20	2.445082e-03	-6.112706e-05	-1.423388e-03	3.818249e-05	7.025227e-04	8.247769e-04	3.818249e-05	-3.818249e-05	-2.008472e-04	2.645929e-03
113           	1.527324e-03	-1.297005e-20	2.445170e-03	-6.112924e-05	-1.423512e-03	3.818310e-05	7.025328e-04	8.247913e-04	3.818310e-05	-3.818310e-05	-2.009273e-04	2.646097e-03
114           	1.527347e-03	-1.297082e-20	2.445254e-03	-6.113135e-05	-1.423631e-03	3.818368e-05	7.025424e-04	8.248050e-04	3.818368e-05	-3.818368e-05	-2.010044e-04	2.646258e-03
115           	1.527370e-03	-1.297152e-20	2.445335e-03	-6.113338e-05	-1.423747e-03	3.818424e-05	7.025515e-04	8.248182e-04	3.818424e-05	-3.818424e-05	-2.010792e-04	2.646414e-03
116           	1.527390e-03	-1.297215e-20	2.445411e-03	-6.113528e-05	-1.423856e-03	3.818475e-05	7.025596e-04	8.248302e-04	3.818475e-05	-3.818475e-05	-2.011503e-04	2.646561e-03
117           	1.527409e-03	-1.297280e-20	2.445484e-03	-6.113710e-05	-1.423960e-03	3.818523e-05	7.025676e-04	8.248418e-04	3.818523e-05	-3.818523e-05	-2.012180e-04	2.646702e-03
118           	1.527428e-03	-1.297340e-20	2.445553e-03	-6.113883e-05	-1.424059e-03	3.818570e-05	7.025751e-04	8.248528e-04	3.818570e-05	-3.818570e-05	-2.012821e-04	2.646835e-03
119           	1.527446e-03	-1.297395e-20	2.445620e-03	-6.114049e-05	-1.424153e-03	3.818615e-05	7.025824e-04	8.248634e-04	3.818615e-05	-3.818615e-05	-2.013435e-04	2.646963e-03
120           	1.527462e-03	-1.297443e-20	2.445681e-03	-6.114203e-05	-1.424242e-03	3.818655e-05	7.025890e-04	8.248730e-04	3.818655e-05	-3.818655e-05	-2.014010e-04	2.647082e-03
121           	1.527478e-03	-1.297492e-20	2.445740e-03	-6.114350e-05	-1.424325e-03	3.818694e-05	7.025953e-04	8.248823e-04	3.818694e-05	-3.818694e-05	-2.014553e-04	2.647195e-03
122           	1.527492e-03	-1.297537e-20	2.445795e-03	-6.114489e-05	-1.424404e-03	3.818731e-05	7.026013e-04	8.248910e-04	3.818731e-05	-3.818731e-05	-2.015065e-04	2.647302e-03
123           	1.527506e-03	-1.297576e-20	2.445848e-03	-6.114619e-05	-1.424478e-03	3.818765e-05	7.026068e-04	8.248992e-04	3.818765e-05	-3.818765e-05	-2.015547e-04	2.647402e-03
124           	1.527519e-03	-1.297613e-20	2.445896e-03	-6.114741e-05	-1.424548e-03	3.818797e-05	7.026120e-04	8.249069e-04	3.818797e-05	-3.818797e-05	-2.016000e-04	2.647496e-03
125           	1.527531e-03	-1.297648e-20	2.445943e-03	-6.114856e-05	-1.424614e-03	3.818828e-05	7.026170e-04	8.249141e-04	3.818828e-05	-3.818828e-05	-2.016423e-04	2.647585e-03
126           	1.527543e-03	-1.297682e-20	2.445986e-03	-6.114964e-05	-1.424675e-03	3.818856e-05	7.026216e-04	8.249209e-04	3.818856e-05	-3.818856e-05	-2.016819e-04	2.647668e-03
127           	1.527553e-03	-1.297712e-20	2.446026e-03	-6.115066e-05	-1.424732e-03	3.818883e-05	7.026260e-04	8.249273e-04	3.818883e-05	-3.818883e-05	-2.017190e-04	2.647745e-03
128           	1.527563e-03	-1.297738e-20	2.446064e-03	-6.115160e-05	-1.424786e-03	3.818908e-05	7.026300e-04	8.249332e-04	3.818908e-05	-3.818908e-05	-2.017538e-04	2.647818e-03
129           	1.527572e-03	-1.297763e-20	2.446099e-03	-6.115249e-05	-1.424836e-03	3.818931e-05	7.026338e-04	8.249387e-04	3.818931e-05	-3.818931e-05	-2.017863e-04	2.647886e-03
130           	1.527581e-03	-1.297786e-20	2.446133e-03	-6.115332e-05	-1.424883e-03	3.818953e-05	7.026373e-04	8.249439e-04	3.818953e-05	-3.818953e-05	-2.018169e-04	2.647950e-03
131           	1.527589e-03	-1.297805e-20	2.446163e-03	-6.115408e-05	-1.424927e-03	3.818972e-05	7.026404e-04	8.249485e-04	3.818972e-05	-3.818972e-05	-2.018451e-04	2.648008e-03
132           	1.527596e-03	-1.297825e-20	2.446192e-03	-6.115479e-05	-1.424967e-03	3.818991e-05	7.026433e-04	8.249529e-04	3.818991e-05	-3.818991e-05	-2.018713e-04	2.648063e-03
133           	1.527603e-03	-1.297844e-20	2.446218e-03	-6.115545e-05	-1.425005e-03	3.819008e-05	7.026461e-04	8.249570e-04	3.819008e-05	-3.819008e-05	-2.018956e-04	2.648114e-03
134           	1.527609e-03	-1.297861e-20	2.446243e-03	-6.115607e-05	-1.425039e-03	3.819024e-05	7.026487e-04	8.249608e-04	3.819024e-05	-3.819024e-05	-2.019180e-04	2.648161e-03
135           	1.527616e-03	-1.297875e-20	2.446266e-03	-6.115665e-05	-1.425072e-03	3.819039e-05	7.026511e-04	8.249644e-04	3.819039e-05	-3.819039e-05	-2.019390e-04	2.648205e-03
136           	1.527621e-03	-1.297887e-20	2.446286e-03	-6.115716e-05	-1.425101e-03	3.819052e-05	7.026532e-04	8.249675e-04	3.819052e-05	-3.819052e-05	-2.019581e-04	2.648245e-03
137           	1.527626e-03	-1.297899e-20	2.446306e-03	-6.115765e-05	-1.425129e-03	3.819064e-05	7.026552e-04	8.249705e-04	3.819064e-05	-3.819064e-05	-2.019758e-04	2.648282e-03
138           	1.527630e-03	-1.297910e-20	2.446324e-03	-6.115809e-05	-1.425154e-03	3.819075e-05	7.026570e-04	8.249732e-04	3.819075e-05	-3.819075e-05	-2.019922e-04	2.648316e-03
139           	1.527634e-03	-1.297919e-20	2.446340e-03	-6.115851e-05	-1.425178e-03	3.819086e-05	7.026587e-04	8.249757e-04	3.819086e-05	-3.819086e-05	-2.020074e-04	2.648348e-03
140           	1.527638e-03	-1.297926e-20	2.446355e-03	-6.115888e-05	-1.425199e-03	3.819095e-05	7.026601e-04	8.249779e-04	3.819095e-05	-3.819095e-05	-2.020211e-04	2.648376e-03
141           	1.527641e-03	-1.297934e-20	2.446369e-03	-6.115922e-05	-1.425218e-03	3.819104e-05	7.026615e-04	8.249799e-04	3.819104e-05	-3.819104e-05	-2.020336e-04	2.648402e-03
142           	1.527645e-03	-1.297941e-20	2.446381e-03	-6.115953e-05	-1.425236e-03	3.819111e-05	7.026628e-04	8.249818e-04	3.819111e-05	-3.819111e-05	-2.020450e-04	2.648426e-03
143           	1.527647e-03	-1.297948e-20	2.446393e-03	-6.115982e-05	-1.425252e-03	3.819119e-05	7.026639e-04	8.249836e-04	3.819119e-05	-3.819119e-05	-2.020553e-04	2.648448e-03
144           	1.527650e-03	-1.297953e-20	2.446403e-03	-6.116008e-05	-1.425266e-03	3.819125e-05	7.026650e-04	8.249852e-04	3.819125e-05	-3.819125e-05	-2.020647e-04	2.648468e-03
145           	1.527653e-03	-1.297957e-20	2.446413e-03	-6.116032e-05	-1.425280e-03	3.819132e-05	7.026660e-04	8.249866e-04	3.819132e-05	-3.819132e-05	-2.020733e-04	2.648486e-03
146           	1.527655e-03	-1.297960e-20	2.446421e-03	-6.116053e-05	-1.425292e-03	3.819137e-05	7.026668e-04	8.249879e-04	3.819137e-05	-3.819137e-05	-2.020810e-04	2.648502e-03
147           	1.527657e-03	-1.297964e-20	2.446429e-03	-6.116073e-05	-1.425303e-03	3.819142e-05	7.026676e-04	8.249891e-04	3.819142e-05	-3.819142e-05	-2.020880e-04	2.648517e-03
148           	1.527658e-03	-1.297967e-20	2.446436e-03	-6.116090e-05	-1.425312e-03	3.819146e-05	7.026683e-04	8.249901e-04	3.819146e-05	-3.819146e-05	-2.020943e-04	2.648530e-03
149           	1.527660e-03	-1.297969e-20	2.446442e-03	-6.116106e-05	-1.425321e-03	3.819150e-05	7.026689e-04	8.249911e-04	3.819150e-05	-3.819150e-05	-2.020999e-04	2.648542e-03
150           	1.527661e-03	-1.297971e-20	2.446448e-03	-6.116120e-05	-1.425329e-03	3.819154e-05	7.026695e-04	8.249919e-04	3.819154e-05	-3.819154e-05	-2.021048e-04	2.648553e-03
151           	1.527663e-03	-1.297973e-20	2.446453e-03	-6.116133e-05	-1.425336e-03	3.819157e-05	7.026700e-04	8.249927e-04	3.819157e-05	-3.819157e-05	-2.021092e-04	2.648562e-03
152           	1.527664e-03	-1.297973e-20	2.446458e-03	-6.116144e-05	-1.425342e-03	3.819160e-05	7.026705e-04	8.249934e-04	3.819160e-05	-3.819160e-05	-2.021130e-04	2.648571e-03
153           	1.527665e-03	-1.297973e-20	2.446462e-03	-6.116154e-05	-1.425347e-03	3.819162e-05	7.026709e-04	8.249940e-04	3.819162e-05	-3.819162e-05	-2.021162e-04	2.648578e-03
154           	1.527666e-03	-1.297973e-20	2.446465e-03	-6.116163e-05	-1.425352e-03	3.819165e-05	7.026713e-04	8.249946e-04	3.819165e-05	-3.819165e-05	-2.021190e-04	2.648584e-03
155           	1.527666e-03	-1.297974e-20	2.446466e-03	-6.116166e-05	-1.425354e-03	3.819165e-05	7.026713e-04	8.249946e-04	3.819165e-05	-3.819165e-05	-2.021206e-04	2.648587e-03
156           	1.527667e-03	-1.297972e-20	2.446470e-03	-6.116176e-05	-1.425359e-03	3.819168e-05	7.026718e-04	8.249953e-04	3.819168e-05	-3.819168e-05	-2.021238e-04	2.648594e-03
157           	1.527667e-03	-1.297973e-20	2.446471e-03	-6.116177e-05	-1.425360e-03	3.819167e-05	7.026717e-04	8.249952e-04	3.819167e-05	-3.819167e-05	-2.021246e-04	2.648596e-03
158           	1.527668e-03	-1.297972e-20	2.446474e-03	-6.116185e-05	-1.425364e-03	3.819169e-05	7.026719e-04	8.249956e-04	3.819169e-05	-3.819169e-05	-2.021272e-04	2.648601e-03
159           	1.527668e-03	-1.297972e-20	2.446474e-03	-6.116185e-05	-1.425365e-03	3.819169e-05	7.026719e-04	8.249956e-04	3.819169e-05	-3.819169e-05	-2.021274e-04	2.648602e-03
160           	1.527668e-03	-1.297970e-20	2.446476e-03	-6.116191e-05	-1.425367e-03	3.819170e-05	7.026721e-04	8.249960e-04	3.819170e-05	-3.819170e-05	-2.021291e-04	2.648605e-03
161           	1.527669e-03	-1.297970e-20	2.446477e-03	-6.116193e-05	-1.425368e-03	3.819171e-05	7.026724e-04	8.249962e-04	3.819171e-05	-3.819171e-05	-2.021295e-04	2.648607e-03
162           	1.527669e-03	-1.297969e-20	2.446478e-03	-6.116196e-05	-1.425369e-03	3.819172e-05	7.026725e-04	8.249964e-04	3.819172e-05	-3.819172e-05	-2.021300e-04	2.648608e-03
163           	1.527669e-03	-1.297968e-20	2.446479e-03	-6.116198e-05	-1.425370e-03	3.819173e-05	7.026726e-04	8.249966e-04	3.819173e-05	-3.819173e-05	-2.021304e-04	2.648609e-03
164           	1.527669e-03	-1.297968e-20	2.446479e-03	-6.116198e-05	-1.425370e-03	3.819173e-05	7.026726e-04	8.249966e-04	3.819173e-05	-3.819173e-05	-2.021306e-04	2.648610e-03
165           	1.527669e-03	-1.297966e-20	2.446480e-03	-6.116201e-05	-1.425371e-03	3.819174e-05	7.026727e-04	8.249967e-04	3.819174e-05	-3.819174e-05	-2.021313e-04	2.648612e-03
166           	1.527670e-03	-1.297966e-20	2.446480e-03	-6.116201e-05	-1.425371e-03	3.819174e-05	7.026728e-04	8.249968e-04	3.819174e-05	-3.819174e-05	-2.021311e-04	2.648612e-03
167           	1.527669e-03	-1.297964e-20	2.446481e-03	-6.116202e-05	-1.425372e-03	3.819174e-05	7.026727e-04	8.249968e-04	3.819174e-05	-3.819174e-05	-2.021317e-04	2.648613e-03
168           	1.527670e-03	-1.297963e-20	2.446481e-03	-6.116203e-05	-1.425372e-03	3.819174e-05	7.026728e-04	8.249968e-04	3.819174e-05	-3.819174e-05	-2.021314e-04	2.648612e-03
169           	1.527669e-03	-1.297962e-20	2.446481e-03	-6.116203e-05	-1.425372e-03	3.819174e-05	7.026727e-04	8.249968e-04	3.819174e-05	-3.819174e-05	-2.021316e-04	2.648613e-03
170           	1.527670e-03	-1.297961e-20	2.446481e-03	-6.116203e-05	-1.425372e-03	3.819174e-05	7.026728e-04	8.249968e-04	3.819174e-05	-3.819174e-05	-2.021312e-04	2.648612e-03
171           	1.527669e-03	-1.297959e-20	2.446481e-03	-6.116203e-05	-1.425372e-03	3.819174e-05	7.026727e-04	8.249968e-04	3.819174e-05	-3.819174e-05	-2.021312e-04	2.648612e-03
172           	1.527670e-03	-1.297959e-20	2.446481e-03	-6.116202e-05	-1.425371e-03	3.819174e-05	7.026728e-04	8.249968e-04	3.819174e-05	-3.819174e-05	-2.021306e-04	2.648612e-03
173           	1.527669e-03	-1.297957e-20	2.446481e-03	-6.116202e-05	-1.425371e-03	3.819174e-05	7.026727e-04	8.249967e-04	3.819174e-05	-3.819174e-05	-2.021304e-04	2.648611e-03
174           	1.527670e-03	-1.297956e-20	2.446481e-03	-6.116201e-05	-1.425370e-03	3.819174e-05	7.026728e-04	8.249968e-04	3.819174e-05	-3.819174e-05	-2.021300e-04	2.648611e-03
175           	1.527669e-03	-1.297955e-20	2.446480e-03	-6.116200e-05	-1.425370e-03	3.819173e-05	7.026727e-04	8.249967e-04	3.819173e-05	-3.819173e-05	-2.021296e-04	2.648610e-03
176           	1.527670e-03	-1.297954e-20	2.446480e-03	-6.116200e-05	-1.425369e-03	3.819174e-05	7.026727e-04	8.249968e-04	3.819174e-05	-3.819174e-05	-2.021291e-04	2.648609e-03
177           	1.527669e-03	-1.297953e-20	2.446480e-03	-6.116199e-05	-1.425369e-03	3.819173e-05	7.026726e-04	8.249966e-04	3.819173e-05	-3.819173e-05	-2.021288e-04	2.648608e-03
178           	1.527669e-03	-1.297952e-20	2.446479e-03	-6.116199e-05	-1.425368e-03	3.819173e-05	7.026727e-04	8.249967e-04	3.819173e-05	-3.819173e-05	-2.021283e-04	2.648608e-03
179           	1.527669e-03	-1.297951e-20	2.446479e-03	-6.116197e-05	-1.425367e-03	3.819173e-05	7.026726e-04	8.249965e-04	3.819173e-05	-3.819173e-05	-2.021279e-04	2.648607e-03
180           	1.527669e-03	-1.297950e-20	2.446479e-03	-6.116197e-05	-1.425367e-03	3.819173e-05	7.026726e-04	8.249966e-04	3.819173e-05	-3.819173e-05	-2.021274e-04	2.648606e-03
181           	1.527669e-03	-1.297949e-20	2.446478e-03	-6.116195e-05	-1.425366e-03	3.819172e-05	7.026725e-04	8.249964e-04	3.819172e-05	-3.819172e-05	-2.021269e-04	2.648605e-03
182           	1.527669e-03	-1.297948e-20	2.446478e-03	-6.116194e-05	-1.425365e-03	3.819172e-05	7.026725e-04	8.249964e-04	3.819172e-05	-3.819172e-05	-2.021263e-04	2.648604e-03
183           	1.527669e-03	-1.297947e-20	2.446477e-03	-6.116192e-05	-1.425364e-03	3.819172e-05	7.026724e-04	8.249962e-04	3.819172e-05	-3.819172e-05	-2.021256e-04	2.648603e-03
184           	1.527668e-03	-1.297946e-20	2.446476e-03	-6.116191e-05	-1.425363e-03	3.819171e-05	7.026723e-04	8.249961e-04	3.819171e-05	-3.819171e-05	-2.021250e-04	2.648601e-03
185           	1.527668e-03	-1.297945e-20	2.446476e-03	-6.116189e-05	-1.425362e-03	3.819171e-05	7.026722e-04	8.249960e-04	3.819171e-05	-3.819171e-05	-2.021244e-04	2.648600e-03
186           	1.527668e-03	-1.297944e-20	2.446475e-03	-6.116188e-05	-1.425361e-03	3.819170e-05	7.026722e-04	8.249959e-04	3.819170e-05	-3.819170e-05	-2.021237e-04	2.648599e-03
187           	1.527668e-03	-1.297943e-20	2.446474e-03	-6.116186e-05	-1.425360e-03	3.819170e-05	7.026721e-04	8.249958e-04	3.819170e-05	-3.819170e-05	-2.021231e-04	2.648598e-03
188           	1.527668e-03	-1.297943e-20	2.446474e-03	-6.116185e-05	-1.425359e-03	3.819169e-05	7.026720e-04	8.249957e-04	3.819169e-05	-3.819169e-05	-2.021225e-04	2.648596e-03
189           	1.527668e-03	-1.297942e-20	2.446473e-03	-6.116183e-05	-1.425359e-03	3.819169e-05	7.026720e-04	8.249957e-04	3.819169e-05	-3.819169e-05	-2.021219e-04	2.648595e-03
190           	1.527667e-03	-1.297941e-20	2.446473e-03	-6.116182e-05	-1.425358e-03	3.819169e-05	7.026719e-04	8.249956e-04	3.819169e-05	-3.819169e-05	-2.021214e-04	2.648594e-03
191           	1.527667e-03	-1.297941e-20	2.446472e-03	-6.116181e-05	-1.425357e-03	3.819168e-05	7.026719e-04	8.249955e-04	3.819168e-05	-3.819168e-05	-2.021208e-04	2.648593e-03
192           	1.527667e-03	-1.297940e-20	2.446472e-03	-6.116179e-05	-1.425356e-03	3.819168e-05	7.026718e-04	8.249954e-04	3.819168e-05	-3.819168e-05	-2.021203e-04	2.648592e-03
193           	1.527667e-03	-1.297939e-20	2.446471e-03	-6.116178e-05	-1.425356e-03	3.819168e-05	7.026718e-04	8.249953e-04	3.819168e-05	-3.819168e-05	-2.021200e-04	2.648591e-03
194           	1.527667e-03	-1.297939e-20	2.446471e-03	-6.116177e-05	-1.425355e-03	3.819167e-05	7.026717e-04	8.249952e-04	3.819167e-05	-3.819167e-05	-2.021195e-04	2.648590e-03
195           	1.527667e-03	-1.297938e-20	2.446470e-03	-6.116176e-05	-1.425354e-03	3.819167e-05	7.026716e-04	8.249951e-04	3.819167e-05	-3.819167e-05	-2.021189e-04	2.648589e-03
196           	1.527667e-03	-1.297938e-20	2.446470e-03	-6.116174e-05	-1.425353e-03	3.819167e-05	7.026716e-04	8.249951e-04	3.819167e-05	-3.819167e-05	-2.021184e-04	2.648588e-03
197           	1.527666e-03	-1.297937e-20	2.446469e-03	-6.116173e-05	-1.425352e-03	3.819166e-05	7.026715e-04	8.249950e-04	3.819166e-05	-3.819166e-05	-2.021179e-04	2.648587e-03
198           	1.527666e-03	-1.297936e-20	2.446469e-03	-6.116172e-05	-1.425352e-03	3.819166e-05	7.026714e-04	8.249949e-04	3.819166e-05	-3.819166e-05	-2.021174e-04	2.648586e-03
