# Force coefficients
# dragDir     : (1.000000e+00 0.000000e+00 0.000000e+00)
# sideDir     : (0.000000e+00 0.000000e+00 -1.000000e+00)
# liftDir     : (0.000000e+00 1.000000e+00 0.000000e+00)
# rollAxis    : (1.000000e+00 0.000000e+00 0.000000e+00)
# pitchAxis   : (0.000000e+00 0.000000e+00 -1.000000e+00)
# yawAxis     : (0.000000e+00 1.000000e+00 0.000000e+00)
# magUInf     : 6.000000e-02
# lRef        : 1.000000e-01
# Aref        : 1.000000e-01
# CofR        : (0.000000e+00 0.000000e+00 0.000000e+00)
#
# Time        	Cd            	Cs            	Cl            	CmRoll        	CmPitch       	CmYaw         	Cd(f)         	Cd(r)         	Cs(f)         	Cs(r)         	Cl(f)         	Cl(r)         
1             	4.920684e-04	-8.774041e-20	-2.527668e-04	6.319170e-06	1.588327e-03	1.230171e-05	2.523534e-04	2.397150e-04	1.230171e-05	-1.230171e-05	1.461943e-03	-1.714710e-03
2             	2.075844e-03	-1.509193e-19	-7.450016e-04	1.862504e-05	6.048582e-03	5.189609e-05	1.056547e-03	1.019297e-03	5.189609e-05	-5.189609e-05	5.676081e-03	-6.421083e-03
3             	1.959057e-03	-5.453534e-20	-2.210594e-04	5.526486e-06	4.715422e-03	4.897641e-05	9.850548e-04	9.740018e-04	4.897641e-05	-4.897641e-05	4.604892e-03	-4.825952e-03
4             	1.399697e-03	-1.342874e-20	3.965263e-04	-9.913156e-06	2.209696e-03	3.499243e-05	6.899353e-04	7.097617e-04	3.499243e-05	-3.499243e-05	2.407959e-03	-2.011433e-03
5             	1.052747e-03	2.554382e-20	2.284665e-04	-5.711663e-06	1.812879e-03	2.631867e-05	5.206617e-04	5.320850e-04	2.631867e-05	-2.631867e-05	1.927112e-03	-1.698645e-03
6             	9.934331e-04	1.768568e-20	-2.415914e-04	6.039784e-06	2.672318e-03	2.483583e-05	5.027563e-04	4.906768e-04	2.483583e-05	-2.483583e-05	2.551522e-03	-2.793114e-03
7             	1.086531e-03	1.249164e-20	-5.210846e-04	1.302711e-05	3.475654e-03	2.716328e-05	5.562928e-04	5.302385e-04	2.716328e-05	-2.716328e-05	3.215112e-03	-3.736196e-03
8             	1.289721e-03	-5.465955e-21	-5.202108e-04	1.300527e-05	3.937890e-03	3.224303e-05	6.578658e-04	6.318553e-04	3.224303e-05	-3.224303e-05	3.677785e-03	-4.197995e-03
9             	1.447012e-03	-1.348490e-20	-2.980921e-04	7.452303e-06	3.862217e-03	3.617530e-05	7.309582e-04	7.160536e-04	3.617530e-05	-3.617530e-05	3.713171e-03	-4.011263e-03
10            	1.516784e-03	-1.829031e-20	6.146600e-06	-1.536650e-07	3.443626e-03	3.791959e-05	7.582382e-04	7.585455e-04	3.791959e-05	-3.791959e-05	3.446699e-03	-3.440552e-03
11            	1.536272e-03	-1.845257e-20	2.732209e-04	-6.830524e-06	3.004971e-03	3.840680e-05	7.613054e-04	7.749665e-04	3.840680e-05	-3.840680e-05	3.141582e-03	-2.868361e-03
12            	1.537359e-03	-1.793082e-20	4.750278e-04	-1.187570e-05	2.660554e-03	3.843397e-05	7.568038e-04	7.805552e-04	3.843397e-05	-3.843397e-05	2.898068e-03	-2.423040e-03
13            	1.535152e-03	-1.701331e-20	6.273328e-04	-1.568332e-05	2.405070e-03	3.837881e-05	7.518928e-04	7.832594e-04	3.837881e-05	-3.837881e-05	2.718736e-03	-2.091404e-03
14            	1.529869e-03	-1.701661e-20	7.256980e-04	-1.814245e-05	2.241447e-03	3.824673e-05	7.467921e-04	7.830770e-04	3.824673e-05	-3.824673e-05	2.604296e-03	-1.878598e-03
15            	1.528519e-03	-1.672663e-20	8.276630e-04	-2.069157e-05	2.071177e-03	3.821298e-05	7.435681e-04	7.849512e-04	3.821298e-05	-3.821298e-05	2.485008e-03	-1.657345e-03
16            	1.524484e-03	-1.713320e-20	9.246195e-04	-2.311549e-05	1.896830e-03	3.811210e-05	7.391266e-04	7.853576e-04	3.811210e-05	-3.811210e-05	2.359140e-03	-1.434520e-03
17            	1.516611e-03	-1.754164e-20	1.017237e-03	-2.543094e-05	1.717319e-03	3.791527e-05	7.328744e-04	7.837363e-04	3.791527e-05	-3.791527e-05	2.225938e-03	-1.208701e-03
18            	1.508220e-03	-1.788467e-20	1.104488e-03	-2.761220e-05	1.543861e-03	3.770551e-05	7.264980e-04	7.817224e-04	3.770551e-05	-3.770551e-05	2.096105e-03	-9.916166e-04
19            	1.499983e-03	-1.821257e-20	1.187352e-03	-2.968380e-05	1.376519e-03	3.749957e-05	7.203076e-04	7.796752e-04	3.749957e-05	-3.749957e-05	1.970194e-03	-7.828426e-04
20            	1.492525e-03	-1.852921e-20	1.265459e-03	-3.163647e-05	1.218379e-03	3.731313e-05	7.146261e-04	7.778990e-04	3.731313e-05	-3.731313e-05	1.851108e-03	-5.856493e-04
21            	1.489783e-03	-1.924682e-20	1.361021e-03	-3.402552e-05	1.035361e-03	3.724457e-05	7.108659e-04	7.789169e-04	3.724457e-05	-3.724457e-05	1.715872e-03	-3.548509e-04
22            	1.484419e-03	-1.927423e-20	1.419136e-03	-3.547839e-05	9.188783e-04	3.711048e-05	7.067313e-04	7.776881e-04	3.711048e-05	-3.711048e-05	1.628446e-03	-2.093105e-04
23            	1.483868e-03	-1.967206e-20	1.495382e-03	-3.738454e-05	7.768330e-04	3.709671e-05	7.045496e-04	7.793187e-04	3.709671e-05	-3.709671e-05	1.524524e-03	-2.914226e-05
24            	1.480588e-03	-1.972946e-20	1.549504e-03	-3.873760e-05	6.704877e-04	3.701469e-05	7.015562e-04	7.790314e-04	3.701469e-05	-3.701469e-05	1.445240e-03	1.042642e-04
25            	1.479390e-03	-1.985681e-20	1.605031e-03	-4.012577e-05	5.650737e-04	3.698474e-05	6.995690e-04	7.798206e-04	3.698474e-05	-3.698474e-05	1.367589e-03	2.374417e-04
26            	1.477221e-03	-1.995432e-20	1.659911e-03	-4.149777e-05	4.573029e-04	3.693052e-05	6.971126e-04	7.801081e-04	3.693052e-05	-3.693052e-05	1.287258e-03	3.726525e-04
27            	1.474312e-03	-1.996700e-20	1.712203e-03	-4.280509e-05	3.527342e-04	3.685779e-05	6.943507e-04	7.799609e-04	3.685779e-05	-3.685779e-05	1.208836e-03	5.033676e-04
28            	1.470935e-03	-1.998058e-20	1.758783e-03	-4.396957e-05	2.580980e-04	3.677337e-05	6.914979e-04	7.794370e-04	3.677337e-05	-3.677337e-05	1.137489e-03	6.212935e-04
29            	1.467785e-03	-2.002756e-20	1.800228e-03	-4.500569e-05	1.738537e-04	3.669462e-05	6.888867e-04	7.788981e-04	3.669462e-05	-3.669462e-05	1.073968e-03	7.262602e-04
30            	1.465366e-03	-2.004673e-20	1.838016e-03	-4.595039e-05	9.796221e-05	3.663416e-05	6.867328e-04	7.786336e-04	3.663416e-05	-3.663416e-05	1.016970e-03	8.210457e-04
31            	1.463553e-03	-2.000390e-20	1.873404e-03	-4.683509e-05	2.773195e-05	3.658883e-05	6.849414e-04	7.786116e-04	3.658883e-05	-3.658883e-05	9.644338e-04	9.089699e-04
32            	1.462026e-03	-2.001345e-20	1.903607e-03	-4.759018e-05	-3.205697e-05	3.655065e-05	6.834227e-04	7.786031e-04	3.655065e-05	-3.655065e-05	9.197467e-04	9.838607e-04
33            	1.460709e-03	-1.999836e-20	1.930623e-03	-4.826558e-05	-8.547848e-05	3.651773e-05	6.820889e-04	7.786201e-04	3.651773e-05	-3.651773e-05	8.798331e-04	1.050790e-03
34            	1.459147e-03	-1.994271e-20	1.955645e-03	-4.889113e-05	-1.358880e-04	3.647868e-05	6.806824e-04	7.784647e-04	3.647868e-05	-3.647868e-05	8.419345e-04	1.113711e-03
35            	1.457253e-03	-1.992701e-20	1.976483e-03	-4.941208e-05	-1.791068e-04	3.643133e-05	6.792144e-04	7.780386e-04	3.643133e-05	-3.643133e-05	8.091348e-04	1.167348e-03
36            	1.455305e-03	-1.989683e-20	1.994547e-03	-4.986367e-05	-2.172395e-04	3.638263e-05	6.777890e-04	7.775163e-04	3.638263e-05	-3.638263e-05	7.800339e-04	1.214513e-03
37            	1.453314e-03	-1.986368e-20	2.010208e-03	-5.025520e-05	-2.510208e-04	3.633285e-05	6.764018e-04	7.769122e-04	3.633285e-05	-3.633285e-05	7.540831e-04	1.256125e-03
38            	1.451413e-03	-1.982906e-20	2.023437e-03	-5.058592e-05	-2.800361e-04	3.628533e-05	6.751207e-04	7.762926e-04	3.628533e-05	-3.628533e-05	7.316822e-04	1.291754e-03
39            	1.449689e-03	-1.979209e-20	2.034510e-03	-5.086276e-05	-3.046235e-04	3.624222e-05	6.739815e-04	7.757071e-04	3.624222e-05	-3.624222e-05	7.126317e-04	1.321879e-03
40            	1.448130e-03	-1.975317e-20	2.043675e-03	-5.109188e-05	-3.252704e-04	3.620324e-05	6.729730e-04	7.751568e-04	3.620324e-05	-3.620324e-05	6.965672e-04	1.347108e-03
41            	1.446696e-03	-1.971239e-20	2.051211e-03	-5.128027e-05	-3.426038e-04	3.616739e-05	6.720675e-04	7.746280e-04	3.616739e-05	-3.616739e-05	6.830016e-04	1.368209e-03
42            	1.445307e-03	-1.966968e-20	2.057367e-03	-5.143417e-05	-3.572847e-04	3.613266e-05	6.712191e-04	7.740875e-04	3.613266e-05	-3.613266e-05	6.713987e-04	1.385968e-03
43            	1.444002e-03	-1.964525e-20	2.062408e-03	-5.156020e-05	-3.697655e-04	3.610006e-05	6.704410e-04	7.735614e-04	3.610006e-05	-3.610006e-05	6.614384e-04	1.400970e-03
44            	1.442705e-03	-1.961446e-20	2.066257e-03	-5.165644e-05	-3.799703e-04	3.606762e-05	6.696960e-04	7.730089e-04	3.606762e-05	-3.606762e-05	6.531585e-04	1.413099e-03
45            	1.441387e-03	-1.957947e-20	2.069043e-03	-5.172608e-05	-3.882134e-04	3.603469e-05	6.689676e-04	7.724198e-04	3.603469e-05	-3.603469e-05	6.463082e-04	1.422735e-03
46            	1.440078e-03	-1.953932e-20	2.070940e-03	-5.177351e-05	-3.947691e-04	3.600194e-05	6.682653e-04	7.718123e-04	3.600194e-05	-3.600194e-05	6.407010e-04	1.430239e-03
47            	1.438787e-03	-1.949509e-20	2.071981e-03	-5.179953e-05	-3.996698e-04	3.596968e-05	6.675942e-04	7.711932e-04	3.596968e-05	-3.596968e-05	6.363208e-04	1.435660e-03
48            	1.437527e-03	-1.944107e-20	2.072317e-03	-5.180792e-05	-4.031941e-04	3.593816e-05	6.669554e-04	7.705712e-04	3.593816e-05	-3.593816e-05	6.329642e-04	1.439352e-03
49            	1.436320e-03	-1.939117e-20	2.072058e-03	-5.180145e-05	-4.054800e-04	3.590799e-05	6.663584e-04	7.699613e-04	3.590799e-05	-3.590799e-05	6.305490e-04	1.441509e-03
50            	1.435150e-03	-1.934071e-20	2.071274e-03	-5.178186e-05	-4.067068e-04	3.587876e-05	6.657934e-04	7.693571e-04	3.587876e-05	-3.587876e-05	6.289303e-04	1.442344e-03
51            	1.434018e-03	-1.929196e-20	2.070211e-03	-5.175527e-05	-4.073315e-04	3.585044e-05	6.652536e-04	7.687641e-04	3.585044e-05	-3.585044e-05	6.277738e-04	1.442437e-03
52            	1.432882e-03	-1.924284e-20	2.068790e-03	-5.171974e-05	-4.073218e-04	3.582206e-05	6.647214e-04	7.681609e-04	3.582206e-05	-3.582206e-05	6.270731e-04	1.441717e-03
53            	1.431752e-03	-1.919253e-20	2.066899e-03	-5.167248e-05	-4.064429e-04	3.579381e-05	6.642038e-04	7.675487e-04	3.579381e-05	-3.579381e-05	6.270067e-04	1.439892e-03
54            	1.430709e-03	-1.914524e-20	2.064640e-03	-5.161600e-05	-4.046828e-04	3.576773e-05	6.637385e-04	7.669705e-04	3.576773e-05	-3.576773e-05	6.276372e-04	1.437003e-03
55            	1.429724e-03	-1.909939e-20	2.062103e-03	-5.155257e-05	-4.022820e-04	3.574310e-05	6.633093e-04	7.664145e-04	3.574310e-05	-3.574310e-05	6.287693e-04	1.433333e-03
56            	1.428782e-03	-1.906069e-20	2.059333e-03	-5.148332e-05	-3.993541e-04	3.571955e-05	6.629078e-04	7.658744e-04	3.571955e-05	-3.571955e-05	6.303124e-04	1.429021e-03
57            	1.427951e-03	-1.901537e-20	2.056439e-03	-5.141099e-05	-3.959548e-04	3.569877e-05	6.625643e-04	7.653863e-04	3.569877e-05	-3.569877e-05	6.322649e-04	1.424175e-03
58            	1.427156e-03	-1.897804e-20	2.053374e-03	-5.133435e-05	-3.921577e-04	3.567890e-05	6.622437e-04	7.649124e-04	3.567890e-05	-3.567890e-05	6.345293e-04	1.418845e-03
59            	1.426431e-03	-1.893906e-20	2.050252e-03	-5.125630e-05	-3.880988e-04	3.566079e-05	6.619594e-04	7.644720e-04	3.566079e-05	-3.566079e-05	6.370271e-04	1.413225e-03
60            	1.425755e-03	-1.889908e-20	2.047116e-03	-5.117791e-05	-3.839148e-04	3.564387e-05	6.616995e-04	7.640553e-04	3.564387e-05	-3.564387e-05	6.396434e-04	1.407473e-03
61            	1.425094e-03	-1.886388e-20	2.043893e-03	-5.109732e-05	-3.795249e-04	3.562736e-05	6.614498e-04	7.636445e-04	3.562736e-05	-3.562736e-05	6.424215e-04	1.401471e-03
62            	1.424485e-03	-1.882639e-20	2.040699e-03	-5.101747e-05	-3.750624e-04	3.561213e-05	6.612252e-04	7.632601e-04	3.561213e-05	-3.561213e-05	6.452869e-04	1.395412e-03
63            	1.423900e-03	-1.879492e-20	2.037438e-03	-5.093594e-05	-3.704156e-04	3.559750e-05	6.610140e-04	7.628859e-04	3.559750e-05	-3.559750e-05	6.483032e-04	1.389134e-03
64            	1.423361e-03	-1.876403e-20	2.034320e-03	-5.085799e-05	-3.659294e-04	3.558402e-05	6.608225e-04	7.625385e-04	3.558402e-05	-3.558402e-05	6.512303e-04	1.383089e-03
65            	1.422870e-03	-1.873320e-20	2.031190e-03	-5.077976e-05	-3.613161e-04	3.557176e-05	6.606555e-04	7.622150e-04	3.557176e-05	-3.557176e-05	6.542791e-04	1.376911e-03
66            	1.422413e-03	-1.870156e-20	2.028137e-03	-5.070343e-05	-3.567574e-04	3.556031e-05	6.605028e-04	7.619097e-04	3.556031e-05	-3.556031e-05	6.573112e-04	1.370826e-03
67            	1.421971e-03	-1.867534e-20	2.025109e-03	-5.062771e-05	-3.522047e-04	3.554927e-05	6.603576e-04	7.616131e-04	3.554927e-05	-3.554927e-05	6.603496e-04	1.364759e-03
68            	1.421568e-03	-1.864909e-20	2.022180e-03	-5.055451e-05	-3.477471e-04	3.553920e-05	6.602296e-04	7.613386e-04	3.553920e-05	-3.553920e-05	6.633430e-04	1.358837e-03
69            	1.421195e-03	-1.862186e-20	2.019345e-03	-5.048361e-05	-3.433929e-04	3.552988e-05	6.601141e-04	7.610813e-04	3.552988e-05	-3.552988e-05	6.662794e-04	1.353065e-03
70            	1.420839e-03	-1.859995e-20	2.016570e-03	-5.041426e-05	-3.391087e-04	3.552099e-05	6.600055e-04	7.608340e-04	3.552099e-05	-3.552099e-05	6.691764e-04	1.347394e-03
71            	1.420525e-03	-1.857790e-20	2.013896e-03	-5.034739e-05	-3.349124e-04	3.551313e-05	6.599152e-04	7.606100e-04	3.551313e-05	-3.551313e-05	6.720355e-04	1.341860e-03
72            	1.420237e-03	-1.855486e-20	2.011323e-03	-5.028308e-05	-3.308453e-04	3.550593e-05	6.598354e-04	7.604016e-04	3.550593e-05	-3.550593e-05	6.748162e-04	1.336507e-03
73            	1.419965e-03	-1.853652e-20	2.008822e-03	-5.022055e-05	-3.268689e-04	3.549912e-05	6.597619e-04	7.602030e-04	3.549912e-05	-3.549912e-05	6.775422e-04	1.331280e-03
74            	1.419726e-03	-1.851584e-20	2.006427e-03	-5.016068e-05	-3.230133e-04	3.549314e-05	6.597021e-04	7.600234e-04	3.549314e-05	-3.549314e-05	6.802004e-04	1.326227e-03
75            	1.419501e-03	-1.849925e-20	2.004105e-03	-5.010263e-05	-3.192567e-04	3.548752e-05	6.596478e-04	7.598530e-04	3.548752e-05	-3.548752e-05	6.827960e-04	1.321309e-03
76            	1.419305e-03	-1.848105e-20	2.001918e-03	-5.004796e-05	-3.156849e-04	3.548263e-05	6.596046e-04	7.597005e-04	3.548263e-05	-3.548263e-05	6.852743e-04	1.316644e-03
77            	1.419107e-03	-1.846479e-20	1.999828e-03	-4.999570e-05	-3.122912e-04	3.547767e-05	6.595577e-04	7.595491e-04	3.547767e-05	-3.547767e-05	6.876229e-04	1.312205e-03
78            	1.418932e-03	-1.845166e-20	1.997843e-03	-4.994607e-05	-3.090397e-04	3.547330e-05	6.595198e-04	7.594120e-04	3.547330e-05	-3.547330e-05	6.898816e-04	1.307961e-03
79            	1.418779e-03	-1.843698e-20	1.995968e-03	-4.989919e-05	-3.059413e-04	3.546949e-05	6.594906e-04	7.592889e-04	3.546949e-05	-3.546949e-05	6.920426e-04	1.303925e-03
80            	1.418638e-03	-1.842386e-20	1.994185e-03	-4.985463e-05	-3.029894e-04	3.546594e-05	6.594642e-04	7.591735e-04	3.546594e-05	-3.546594e-05	6.941033e-04	1.300082e-03
81            	1.418512e-03	-1.841333e-20	1.992486e-03	-4.981216e-05	-3.001523e-04	3.546280e-05	6.594439e-04	7.590682e-04	3.546280e-05	-3.546280e-05	6.960909e-04	1.296396e-03
82            	1.418408e-03	-1.840150e-20	1.990899e-03	-4.977247e-05	-2.974740e-04	3.546019e-05	6.594313e-04	7.589762e-04	3.546019e-05	-3.546019e-05	6.979753e-04	1.292923e-03
83            	1.418310e-03	-1.839095e-20	1.989403e-03	-4.973506e-05	-2.949492e-04	3.545775e-05	6.594199e-04	7.588900e-04	3.545775e-05	-3.545775e-05	6.997521e-04	1.289650e-03
84            	1.418221e-03	-1.838117e-20	1.987997e-03	-4.969992e-05	-2.925701e-04	3.545553e-05	6.594107e-04	7.588105e-04	3.545553e-05	-3.545553e-05	7.014283e-04	1.286569e-03
85            	1.418141e-03	-1.837216e-20	1.986676e-03	-4.966689e-05	-2.903270e-04	3.545352e-05	6.594035e-04	7.587373e-04	3.545352e-05	-3.545352e-05	7.030108e-04	1.283665e-03
86            	1.418069e-03	-1.836386e-20	1.985437e-03	-4.963593e-05	-2.882183e-04	3.545171e-05	6.593983e-04	7.586702e-04	3.545171e-05	-3.545171e-05	7.045004e-04	1.280937e-03
87            	1.418004e-03	-1.835736e-20	1.984268e-03	-4.960669e-05	-2.862177e-04	3.545010e-05	6.593952e-04	7.586086e-04	3.545010e-05	-3.545010e-05	7.059162e-04	1.278352e-03
88            	1.417953e-03	-1.834998e-20	1.983195e-03	-4.957988e-05	-2.843667e-04	3.544882e-05	6.593964e-04	7.585562e-04	3.544882e-05	-3.544882e-05	7.072308e-04	1.275964e-03
89            	1.417904e-03	-1.834350e-20	1.982192e-03	-4.955479e-05	-2.826386e-04	3.544759e-05	6.593970e-04	7.585065e-04	3.544759e-05	-3.544759e-05	7.084573e-04	1.273734e-03
90            	1.417859e-03	-1.833762e-20	1.981254e-03	-4.953135e-05	-2.810192e-04	3.544647e-05	6.593981e-04	7.584608e-04	3.544647e-05	-3.544647e-05	7.096078e-04	1.271646e-03
91            	1.417819e-03	-1.833314e-20	1.980371e-03	-4.950927e-05	-2.794893e-04	3.544547e-05	6.594002e-04	7.584187e-04	3.544547e-05	-3.544547e-05	7.106962e-04	1.269675e-03
92            	1.417790e-03	-1.832803e-20	1.979574e-03	-4.948935e-05	-2.780962e-04	3.544475e-05	6.594056e-04	7.583843e-04	3.544475e-05	-3.544475e-05	7.116908e-04	1.267883e-03
93            	1.417762e-03	-1.832371e-20	1.978842e-03	-4.947105e-05	-2.768207e-04	3.544406e-05	6.594101e-04	7.583522e-04	3.544406e-05	-3.544406e-05	7.126003e-04	1.266242e-03
94            	1.417737e-03	-1.832049e-20	1.978145e-03	-4.945362e-05	-2.756012e-04	3.544342e-05	6.594148e-04	7.583221e-04	3.544342e-05	-3.544342e-05	7.134712e-04	1.264674e-03
95            	1.417721e-03	-1.831687e-20	1.977534e-03	-4.943835e-05	-2.745239e-04	3.544301e-05	6.594219e-04	7.582986e-04	3.544301e-05	-3.544301e-05	7.142430e-04	1.263291e-03
96            	1.417707e-03	-1.831381e-20	1.976966e-03	-4.942415e-05	-2.735198e-04	3.544267e-05	6.594292e-04	7.582775e-04	3.544267e-05	-3.544267e-05	7.149632e-04	1.262003e-03
97            	1.417696e-03	-1.831109e-20	1.976449e-03	-4.941123e-05	-2.726013e-04	3.544240e-05	6.594368e-04	7.582593e-04	3.544240e-05	-3.544240e-05	7.156233e-04	1.260826e-03
98            	1.417688e-03	-1.830937e-20	1.975962e-03	-4.939906e-05	-2.717324e-04	3.544219e-05	6.594447e-04	7.582428e-04	3.544219e-05	-3.544219e-05	7.162488e-04	1.259714e-03
99            	1.417689e-03	-1.830720e-20	1.975541e-03	-4.938852e-05	-2.709626e-04	3.544222e-05	6.594560e-04	7.582330e-04	3.544222e-05	-3.544222e-05	7.168077e-04	1.258733e-03
100           	1.417690e-03	-1.830545e-20	1.975156e-03	-4.937891e-05	-2.702630e-04	3.544224e-05	6.594659e-04	7.582237e-04	3.544224e-05	-3.544224e-05	7.173152e-04	1.257841e-03
101           	1.417693e-03	-1.830394e-20	1.974809e-03	-4.937022e-05	-2.696245e-04	3.544232e-05	6.594761e-04	7.582166e-04	3.544232e-05	-3.544232e-05	7.177799e-04	1.257029e-03
102           	1.417698e-03	-1.830268e-20	1.974495e-03	-4.936237e-05	-2.690430e-04	3.544245e-05	6.594866e-04	7.582113e-04	3.544245e-05	-3.544245e-05	7.182044e-04	1.256290e-03
103           	1.417705e-03	-1.830164e-20	1.974214e-03	-4.935535e-05	-2.685176e-04	3.544263e-05	6.594972e-04	7.582079e-04	3.544263e-05	-3.544263e-05	7.185893e-04	1.255625e-03
104           	1.417714e-03	-1.830080e-20	1.973963e-03	-4.934909e-05	-2.680446e-04	3.544285e-05	6.595078e-04	7.582060e-04	3.544285e-05	-3.544285e-05	7.189371e-04	1.255026e-03
105           	1.417724e-03	-1.830016e-20	1.973741e-03	-4.934353e-05	-2.676201e-04	3.544310e-05	6.595185e-04	7.582055e-04	3.544310e-05	-3.544310e-05	7.192505e-04	1.254491e-03
106           	1.417736e-03	-1.829969e-20	1.973545e-03	-4.933863e-05	-2.672406e-04	3.544339e-05	6.595291e-04	7.582064e-04	3.544339e-05	-3.544339e-05	7.195320e-04	1.254013e-03
107           	1.417752e-03	-1.829949e-20	1.973376e-03	-4.933439e-05	-2.669006e-04	3.544380e-05	6.595416e-04	7.582103e-04	3.544380e-05	-3.544380e-05	7.197872e-04	1.253588e-03
108           	1.417766e-03	-1.829936e-20	1.973227e-03	-4.933068e-05	-2.666029e-04	3.544415e-05	6.595523e-04	7.582137e-04	3.544415e-05	-3.544415e-05	7.200107e-04	1.253216e-03
109           	1.417781e-03	-1.829934e-20	1.973099e-03	-4.932748e-05	-2.663417e-04	3.544451e-05	6.595628e-04	7.582177e-04	3.544451e-05	-3.544451e-05	7.202078e-04	1.252891e-03
110           	1.417795e-03	-1.829942e-20	1.972992e-03	-4.932480e-05	-2.661177e-04	3.544489e-05	6.595729e-04	7.582225e-04	3.544489e-05	-3.544489e-05	7.203782e-04	1.252614e-03
111           	1.417811e-03	-1.829963e-20	1.972905e-03	-4.932263e-05	-2.659295e-04	3.544528e-05	6.595829e-04	7.582282e-04	3.544528e-05	-3.544528e-05	7.205231e-04	1.252382e-03
112           	1.417827e-03	-1.829992e-20	1.972835e-03	-4.932087e-05	-2.657694e-04	3.544569e-05	6.595929e-04	7.582346e-04	3.544569e-05	-3.544569e-05	7.206479e-04	1.252187e-03
113           	1.417844e-03	-1.830030e-20	1.972779e-03	-4.931948e-05	-2.656367e-04	3.544610e-05	6.596026e-04	7.582416e-04	3.544610e-05	-3.544610e-05	7.207530e-04	1.252026e-03
114           	1.417861e-03	-1.830074e-20	1.972738e-03	-4.931845e-05	-2.655293e-04	3.544652e-05	6.596120e-04	7.582489e-04	3.544652e-05	-3.544652e-05	7.208398e-04	1.251898e-03
115           	1.417878e-03	-1.830124e-20	1.972709e-03	-4.931773e-05	-2.654441e-04	3.544695e-05	6.596213e-04	7.582568e-04	3.544695e-05	-3.544695e-05	7.209105e-04	1.251799e-03
116           	1.417895e-03	-1.830180e-20	1.972692e-03	-4.931729e-05	-2.653790e-04	3.544738e-05	6.596304e-04	7.582650e-04	3.544738e-05	-3.544738e-05	7.209668e-04	1.251725e-03
117           	1.417911e-03	-1.830235e-20	1.972683e-03	-4.931708e-05	-2.653337e-04	3.544778e-05	6.596385e-04	7.582727e-04	3.544778e-05	-3.544778e-05	7.210080e-04	1.251675e-03
118           	1.417928e-03	-1.830287e-20	1.972683e-03	-4.931708e-05	-2.653013e-04	3.544820e-05	6.596469e-04	7.582810e-04	3.544820e-05	-3.544820e-05	7.210403e-04	1.251643e-03
119           	1.417945e-03	-1.830342e-20	1.972690e-03	-4.931724e-05	-2.652802e-04	3.544863e-05	6.596553e-04	7.582898e-04	3.544863e-05	-3.544863e-05	7.210647e-04	1.251625e-03
120           	1.417962e-03	-1.830398e-20	1.972703e-03	-4.931759e-05	-2.652721e-04	3.544906e-05	6.596636e-04	7.582987e-04	3.544906e-05	-3.544906e-05	7.210796e-04	1.251624e-03
121           	1.417980e-03	-1.830458e-20	1.972724e-03	-4.931810e-05	-2.652762e-04	3.544949e-05	6.596717e-04	7.583079e-04	3.544949e-05	-3.544949e-05	7.210858e-04	1.251638e-03
122           	1.417997e-03	-1.830522e-20	1.972750e-03	-4.931875e-05	-2.652909e-04	3.544992e-05	6.596796e-04	7.583171e-04	3.544992e-05	-3.544992e-05	7.210841e-04	1.251666e-03
123           	1.418013e-03	-1.830590e-20	1.972781e-03	-4.931953e-05	-2.653150e-04	3.545034e-05	6.596872e-04	7.583262e-04	3.545034e-05	-3.545034e-05	7.210756e-04	1.251705e-03
124           	1.418030e-03	-1.830662e-20	1.972816e-03	-4.932041e-05	-2.653467e-04	3.545076e-05	6.596947e-04	7.583355e-04	3.545076e-05	-3.545076e-05	7.210615e-04	1.251755e-03
125           	1.418047e-03	-1.830743e-20	1.972856e-03	-4.932140e-05	-2.653865e-04	3.545117e-05	6.597021e-04	7.583449e-04	3.545117e-05	-3.545117e-05	7.210416e-04	1.251815e-03
126           	1.418063e-03	-1.830821e-20	1.972899e-03	-4.932248e-05	-2.654329e-04	3.545158e-05	6.597092e-04	7.583542e-04	3.545158e-05	-3.545158e-05	7.210168e-04	1.251883e-03
127           	1.418080e-03	-1.830892e-20	1.972946e-03	-4.932364e-05	-2.654850e-04	3.545200e-05	6.597163e-04	7.583636e-04	3.545200e-05	-3.545200e-05	7.209879e-04	1.251958e-03
128           	1.418096e-03	-1.830974e-20	1.972995e-03	-4.932487e-05	-2.655425e-04	3.545240e-05	6.597231e-04	7.583728e-04	3.545240e-05	-3.545240e-05	7.209548e-04	1.252040e-03
129           	1.418112e-03	-1.831053e-20	1.973046e-03	-4.932614e-05	-2.656041e-04	3.545279e-05	6.597297e-04	7.583819e-04	3.545279e-05	-3.545279e-05	7.209187e-04	1.252127e-03
130           	1.418127e-03	-1.831124e-20	1.973099e-03	-4.932748e-05	-2.656698e-04	3.545319e-05	6.597362e-04	7.583912e-04	3.545319e-05	-3.545319e-05	7.208797e-04	1.252219e-03
131           	1.418143e-03	-1.831199e-20	1.973154e-03	-4.932885e-05	-2.657392e-04	3.545357e-05	6.597425e-04	7.584002e-04	3.545357e-05	-3.545357e-05	7.208378e-04	1.252316e-03
132           	1.418158e-03	-1.831278e-20	1.973210e-03	-4.933024e-05	-2.658107e-04	3.545394e-05	6.597485e-04	7.584090e-04	3.545394e-05	-3.545394e-05	7.207941e-04	1.252415e-03
133           	1.418172e-03	-1.831348e-20	1.973267e-03	-4.933167e-05	-2.658855e-04	3.545430e-05	6.597544e-04	7.584178e-04	3.545430e-05	-3.545430e-05	7.207480e-04	1.252519e-03
134           	1.418186e-03	-1.831419e-20	1.973325e-03	-4.933312e-05	-2.659628e-04	3.545466e-05	6.597600e-04	7.584263e-04	3.545466e-05	-3.545466e-05	7.206997e-04	1.252625e-03
135           	1.418200e-03	-1.831493e-20	1.973383e-03	-4.933458e-05	-2.660417e-04	3.545499e-05	6.597653e-04	7.584344e-04	3.545499e-05	-3.545499e-05	7.206499e-04	1.252733e-03
136           	1.418213e-03	-1.831559e-20	1.973442e-03	-4.933605e-05	-2.661225e-04	3.545532e-05	6.597703e-04	7.584424e-04	3.545532e-05	-3.545532e-05	7.205985e-04	1.252844e-03
137           	1.418225e-03	-1.831625e-20	1.973501e-03	-4.933752e-05	-2.662046e-04	3.545563e-05	6.597750e-04	7.584501e-04	3.545563e-05	-3.545563e-05	7.205459e-04	1.252955e-03
138           	1.418237e-03	-1.831690e-20	1.973559e-03	-4.933898e-05	-2.662869e-04	3.545592e-05	6.597794e-04	7.584574e-04	3.545592e-05	-3.545592e-05	7.204927e-04	1.253066e-03
139           	1.418248e-03	-1.831758e-20	1.973617e-03	-4.934042e-05	-2.663686e-04	3.545620e-05	6.597836e-04	7.584645e-04	3.545620e-05	-3.545620e-05	7.204398e-04	1.253177e-03
140           	1.418259e-03	-1.831817e-20	1.973675e-03	-4.934187e-05	-2.664517e-04	3.545648e-05	6.597877e-04	7.584714e-04	3.545648e-05	-3.545648e-05	7.203856e-04	1.253289e-03
141           	1.418269e-03	-1.831876e-20	1.973731e-03	-4.934329e-05	-2.665344e-04	3.545673e-05	6.597914e-04	7.584779e-04	3.545673e-05	-3.545673e-05	7.203314e-04	1.253400e-03
142           	1.418279e-03	-1.831938e-20	1.973787e-03	-4.934468e-05	-2.666158e-04	3.545697e-05	6.597948e-04	7.584842e-04	3.545697e-05	-3.545697e-05	7.202777e-04	1.253509e-03
143           	1.418288e-03	-1.831991e-20	1.973842e-03	-4.934606e-05	-2.666971e-04	3.545721e-05	6.597981e-04	7.584902e-04	3.545721e-05	-3.545721e-05	7.202240e-04	1.253618e-03
144           	1.418297e-03	-1.832048e-20	1.973896e-03	-4.934739e-05	-2.667767e-04	3.545743e-05	6.598011e-04	7.584959e-04	3.545743e-05	-3.545743e-05	7.201711e-04	1.253725e-03
145           	1.418305e-03	-1.832098e-20	1.973948e-03	-4.934871e-05	-2.668556e-04	3.545764e-05	6.598040e-04	7.585014e-04	3.545764e-05	-3.545764e-05	7.201187e-04	1.253830e-03
146           	1.418313e-03	-1.832150e-20	1.973999e-03	-4.934998e-05	-2.669321e-04	3.545783e-05	6.598066e-04	7.585066e-04	3.545783e-05	-3.545783e-05	7.200675e-04	1.253932e-03
147           	1.418321e-03	-1.832196e-20	1.974049e-03	-4.935123e-05	-2.670078e-04	3.545802e-05	6.598092e-04	7.585116e-04	3.545802e-05	-3.545802e-05	7.200169e-04	1.254032e-03
148           	1.418328e-03	-1.832245e-20	1.974097e-03	-4.935244e-05	-2.670810e-04	3.545819e-05	6.598115e-04	7.585163e-04	3.545819e-05	-3.545819e-05	7.199677e-04	1.254130e-03
149           	1.418335e-03	-1.832286e-20	1.974145e-03	-4.935362e-05	-2.671531e-04	3.545836e-05	6.598136e-04	7.585209e-04	3.545836e-05	-3.545836e-05	7.199192e-04	1.254225e-03
150           	1.418341e-03	-1.832332e-20	1.974190e-03	-4.935474e-05	-2.672225e-04	3.545852e-05	6.598156e-04	7.585251e-04	3.545852e-05	-3.545852e-05	7.198723e-04	1.254317e-03
151           	1.418347e-03	-1.832369e-20	1.974234e-03	-4.935585e-05	-2.672908e-04	3.545867e-05	6.598175e-04	7.585292e-04	3.545867e-05	-3.545867e-05	7.198261e-04	1.254408e-03
152           	1.418352e-03	-1.832411e-20	1.974276e-03	-4.935689e-05	-2.673561e-04	3.545880e-05	6.598191e-04	7.585329e-04	3.545880e-05	-3.545880e-05	7.197818e-04	1.254494e-03
153           	1.418357e-03	-1.832445e-20	1.974317e-03	-4.935792e-05	-2.674200e-04	3.545893e-05	6.598207e-04	7.585365e-04	3.545893e-05	-3.545893e-05	7.197383e-04	1.254578e-03
154           	1.418362e-03	-1.832482e-20	1.974356e-03	-4.935889e-05	-2.674809e-04	3.545905e-05	6.598221e-04	7.585399e-04	3.545905e-05	-3.545905e-05	7.196968e-04	1.254659e-03
155           	1.418367e-03	-1.832514e-20	1.974393e-03	-4.935983e-05	-2.675403e-04	3.545916e-05	6.598234e-04	7.585431e-04	3.545916e-05	-3.545916e-05	7.196564e-04	1.254737e-03
156           	1.418371e-03	-1.832547e-20	1.974429e-03	-4.936072e-05	-2.675966e-04	3.545927e-05	6.598246e-04	7.585461e-04	3.545927e-05	-3.545927e-05	7.196178e-04	1.254811e-03
157           	1.418375e-03	-1.832575e-20	1.974464e-03	-4.936159e-05	-2.676513e-04	3.545937e-05	6.598258e-04	7.585489e-04	3.545937e-05	-3.545937e-05	7.195804e-04	1.254883e-03
158           	1.418378e-03	-1.832606e-20	1.974496e-03	-4.936240e-05	-2.677029e-04	3.545946e-05	6.598267e-04	7.585515e-04	3.545946e-05	-3.545946e-05	7.195450e-04	1.254951e-03
159           	1.418382e-03	-1.832633e-20	1.974527e-03	-4.936318e-05	-2.677526e-04	3.545955e-05	6.598277e-04	7.585541e-04	3.545955e-05	-3.545955e-05	7.195109e-04	1.255016e-03
160           	1.418385e-03	-1.832657e-20	1.974557e-03	-4.936393e-05	-2.678006e-04	3.545963e-05	6.598286e-04	7.585565e-04	3.545963e-05	-3.545963e-05	7.194780e-04	1.255079e-03
161           	1.418388e-03	-1.832683e-20	1.974585e-03	-4.936463e-05	-2.678455e-04	3.545970e-05	6.598294e-04	7.585586e-04	3.545970e-05	-3.545970e-05	7.194470e-04	1.255138e-03
162           	1.418391e-03	-1.832706e-20	1.974612e-03	-4.936530e-05	-2.678885e-04	3.545977e-05	6.598301e-04	7.585607e-04	3.545977e-05	-3.545977e-05	7.194175e-04	1.255194e-03
163           	1.418393e-03	-1.832725e-20	1.974638e-03	-4.936594e-05	-2.679297e-04	3.545984e-05	6.598308e-04	7.585627e-04	3.545984e-05	-3.545984e-05	7.193891e-04	1.255249e-03
164           	1.418396e-03	-1.832747e-20	1.974661e-03	-4.936653e-05	-2.679682e-04	3.545989e-05	6.598313e-04	7.585644e-04	3.545989e-05	-3.545989e-05	7.193624e-04	1.255299e-03
165           	1.418398e-03	-1.832766e-20	1.974684e-03	-4.936710e-05	-2.680046e-04	3.545995e-05	6.598318e-04	7.585660e-04	3.545995e-05	-3.545995e-05	7.193373e-04	1.255347e-03
166           	1.418400e-03	-1.832784e-20	1.974705e-03	-4.936763e-05	-2.680392e-04	3.546000e-05	6.598323e-04	7.585676e-04	3.546000e-05	-3.546000e-05	7.193134e-04	1.255392e-03
167           	1.418402e-03	-1.832799e-20	1.974726e-03	-4.936814e-05	-2.680724e-04	3.546005e-05	6.598328e-04	7.585691e-04	3.546005e-05	-3.546005e-05	7.192904e-04	1.255435e-03
168           	1.418403e-03	-1.832816e-20	1.974744e-03	-4.936861e-05	-2.681030e-04	3.546009e-05	6.598331e-04	7.585703e-04	3.546009e-05	-3.546009e-05	7.192691e-04	1.255475e-03
169           	1.418405e-03	-1.832831e-20	1.974762e-03	-4.936905e-05	-2.681318e-04	3.546013e-05	6.598335e-04	7.585716e-04	3.546013e-05	-3.546013e-05	7.192492e-04	1.255513e-03
170           	1.418406e-03	-1.832845e-20	1.974778e-03	-4.936946e-05	-2.681588e-04	3.546016e-05	6.598338e-04	7.585727e-04	3.546016e-05	-3.546016e-05	7.192304e-04	1.255548e-03
171           	1.418408e-03	-1.832858e-20	1.974794e-03	-4.936985e-05	-2.681843e-04	3.546019e-05	6.598340e-04	7.585737e-04	3.546019e-05	-3.546019e-05	7.192127e-04	1.255581e-03
172           	1.418409e-03	-1.832870e-20	1.974808e-03	-4.937021e-05	-2.682081e-04	3.546022e-05	6.598343e-04	7.585747e-04	3.546022e-05	-3.546022e-05	7.191961e-04	1.255612e-03
173           	1.418410e-03	-1.832881e-20	1.974822e-03	-4.937055e-05	-2.682303e-04	3.546025e-05	6.598345e-04	7.585756e-04	3.546025e-05	-3.546025e-05	7.191806e-04	1.255641e-03
174           	1.418411e-03	-1.832891e-20	1.974834e-03	-4.937086e-05	-2.682511e-04	3.546028e-05	6.598347e-04	7.585764e-04	3.546028e-05	-3.546028e-05	7.191661e-04	1.255668e-03
175           	1.418412e-03	-1.832900e-20	1.974846e-03	-4.937115e-05	-2.682704e-04	3.546030e-05	6.598348e-04	7.585771e-04	3.546030e-05	-3.546030e-05	7.191526e-04	1.255694e-03
176           	1.418413e-03	-1.832909e-20	1.974857e-03	-4.937142e-05	-2.682885e-04	3.546032e-05	6.598349e-04	7.585778e-04	3.546032e-05	-3.546032e-05	7.191400e-04	1.255717e-03
177           	1.418413e-03	-1.832917e-20	1.974867e-03	-4.937168e-05	-2.683052e-04	3.546034e-05	6.598350e-04	7.585784e-04	3.546034e-05	-3.546034e-05	7.191283e-04	1.255739e-03
178           	1.418414e-03	-1.832924e-20	1.974876e-03	-4.937191e-05	-2.683207e-04	3.546035e-05	6.598351e-04	7.585789e-04	3.546035e-05	-3.546035e-05	7.191174e-04	1.255759e-03
179           	1.418415e-03	-1.832931e-20	1.974885e-03	-4.937212e-05	-2.683351e-04	3.546036e-05	6.598352e-04	7.585794e-04	3.546036e-05	-3.546036e-05	7.191073e-04	1.255778e-03
180           	1.418415e-03	-1.832937e-20	1.974893e-03	-4.937232e-05	-2.683484e-04	3.546038e-05	6.598352e-04	7.585798e-04	3.546038e-05	-3.546038e-05	7.190980e-04	1.255795e-03
181           	1.418415e-03	-1.832942e-20	1.974900e-03	-4.937250e-05	-2.683606e-04	3.546039e-05	6.598352e-04	7.585802e-04	3.546039e-05	-3.546039e-05	7.190894e-04	1.255811e-03
182           	1.418416e-03	-1.832947e-20	1.974907e-03	-4.937266e-05	-2.683718e-04	3.546039e-05	6.598352e-04	7.585805e-04	3.546039e-05	-3.546039e-05	7.190815e-04	1.255825e-03
183           	1.418416e-03	-1.832952e-20	1.974913e-03	-4.937281e-05	-2.683821e-04	3.546040e-05	6.598352e-04	7.585808e-04	3.546040e-05	-3.546040e-05	7.190742e-04	1.255838e-03
184           	1.418416e-03	-1.832956e-20	1.974918e-03	-4.937295e-05	-2.683915e-04	3.546041e-05	6.598352e-04	7.585811e-04	3.546041e-05	-3.546041e-05	7.190675e-04	1.255851e-03
185           	1.418416e-03	-1.832960e-20	1.974923e-03	-4.937308e-05	-2.684001e-04	3.546041e-05	6.598351e-04	7.585813e-04	3.546041e-05	-3.546041e-05	7.190614e-04	1.255862e-03
186           	1.418417e-03	-1.832963e-20	1.974928e-03	-4.937319e-05	-2.684079e-04	3.546042e-05	6.598351e-04	7.585815e-04	3.546042e-05	-3.546042e-05	7.190559e-04	1.255872e-03
187           	1.418417e-03	-1.832966e-20	1.974932e-03	-4.937329e-05	-2.684149e-04	3.546042e-05	6.598351e-04	7.585816e-04	3.546042e-05	-3.546042e-05	7.190509e-04	1.255881e-03
188           	1.418417e-03	-1.832968e-20	1.974935e-03	-4.937338e-05	-2.684212e-04	3.546042e-05	6.598350e-04	7.585818e-04	3.546042e-05	-3.546042e-05	7.190464e-04	1.255889e-03
189           	1.418417e-03	-1.832971e-20	1.974938e-03	-4.937346e-05	-2.684269e-04	3.546042e-05	6.598350e-04	7.585819e-04	3.546042e-05	-3.546042e-05	7.190424e-04	1.255896e-03
190           	1.418417e-03	-1.832973e-20	1.974941e-03	-4.937353e-05	-2.684320e-04	3.546042e-05	6.598349e-04	7.585820e-04	3.546042e-05	-3.546042e-05	7.190387e-04	1.255903e-03
191           	1.418417e-03	-1.832974e-20	1.974944e-03	-4.937360e-05	-2.684365e-04	3.546042e-05	6.598348e-04	7.585820e-04	3.546042e-05	-3.546042e-05	7.190355e-04	1.255908e-03
192           	1.418417e-03	-1.832976e-20	1.974946e-03	-4.937365e-05	-2.684405e-04	3.546042e-05	6.598348e-04	7.585821e-04	3.546042e-05	-3.546042e-05	7.190326e-04	1.255914e-03
193           	1.418417e-03	-1.832977e-20	1.974948e-03	-4.937370e-05	-2.684440e-04	3.546042e-05	6.598347e-04	7.585821e-04	3.546042e-05	-3.546042e-05	7.190300e-04	1.255918e-03
194           	1.418417e-03	-1.832977e-20	1.974950e-03	-4.937374e-05	-2.684470e-04	3.546042e-05	6.598346e-04	7.585821e-04	3.546042e-05	-3.546042e-05	7.190278e-04	1.255922e-03
195           	1.418417e-03	-1.832978e-20	1.974951e-03	-4.937378e-05	-2.684496e-04	3.546041e-05	6.598345e-04	7.585821e-04	3.546041e-05	-3.546041e-05	7.190259e-04	1.255925e-03
196           	1.418417e-03	-1.832979e-20	1.974952e-03	-4.937381e-05	-2.684518e-04	3.546041e-05	6.598344e-04	7.585821e-04	3.546041e-05	-3.546041e-05	7.190243e-04	1.255928e-03
197           	1.418416e-03	-1.832979e-20	1.974953e-03	-4.937383e-05	-2.684537e-04	3.546041e-05	6.598344e-04	7.585820e-04	3.546041e-05	-3.546041e-05	7.190228e-04	1.255930e-03
198           	1.418416e-03	-1.832979e-20	1.974954e-03	-4.937385e-05	-2.684554e-04	3.546041e-05	6.598343e-04	7.585820e-04	3.546041e-05	-3.546041e-05	7.190216e-04	1.255932e-03
199           	1.418416e-03	-1.832980e-20	1.974955e-03	-4.937387e-05	-2.684567e-04	3.546040e-05	6.598342e-04	7.585819e-04	3.546040e-05	-3.546040e-05	7.190206e-04	1.255934e-03
200           	1.418416e-03	-1.832980e-20	1.974955e-03	-4.937388e-05	-2.684577e-04	3.546040e-05	6.598341e-04	7.585819e-04	3.546040e-05	-3.546040e-05	7.190198e-04	1.255935e-03
201           	1.418416e-03	-1.832979e-20	1.974955e-03	-4.937388e-05	-2.684585e-04	3.546040e-05	6.598341e-04	7.585818e-04	3.546040e-05	-3.546040e-05	7.190192e-04	1.255936e-03
202           	1.418416e-03	-1.832979e-20	1.974956e-03	-4.937389e-05	-2.684590e-04	3.546039e-05	6.598340e-04	7.585818e-04	3.546039e-05	-3.546039e-05	7.190188e-04	1.255937e-03
203           	1.418416e-03	-1.832979e-20	1.974956e-03	-4.937389e-05	-2.684594e-04	3.546039e-05	6.598339e-04	7.585817e-04	3.546039e-05	-3.546039e-05	7.190184e-04	1.255937e-03
204           	1.418415e-03	-1.832979e-20	1.974956e-03	-4.937389e-05	-2.684596e-04	3.546039e-05	6.598338e-04	7.585816e-04	3.546039e-05	-3.546039e-05	7.190182e-04	1.255937e-03
205           	1.418415e-03	-1.832978e-20	1.974955e-03	-4.937389e-05	-2.684596e-04	3.546038e-05	6.598337e-04	7.585815e-04	3.546038e-05	-3.546038e-05	7.190181e-04	1.255937e-03
206           	1.418415e-03	-1.832978e-20	1.974955e-03	-4.937388e-05	-2.684595e-04	3.546038e-05	6.598337e-04	7.585814e-04	3.546038e-05	-3.546038e-05	7.190182e-04	1.255937e-03
207           	1.418415e-03	-1.832977e-20	1.974955e-03	-4.937388e-05	-2.684592e-04	3.546037e-05	6.598336e-04	7.585813e-04	3.546037e-05	-3.546037e-05	7.190183e-04	1.255937e-03
208           	1.418415e-03	-1.832976e-20	1.974954e-03	-4.937386e-05	-2.684587e-04	3.546037e-05	6.598335e-04	7.585812e-04	3.546037e-05	-3.546037e-05	7.190186e-04	1.255936e-03
209           	1.418415e-03	-1.832976e-20	1.974954e-03	-4.937385e-05	-2.684581e-04	3.546037e-05	6.598335e-04	7.585812e-04	3.546037e-05	-3.546037e-05	7.190189e-04	1.255935e-03
210           	1.418414e-03	-1.832975e-20	1.974954e-03	-4.937384e-05	-2.684576e-04	3.546036e-05	6.598334e-04	7.585811e-04	3.546036e-05	-3.546036e-05	7.190192e-04	1.255934e-03
211           	1.418414e-03	-1.832974e-20	1.974953e-03	-4.937383e-05	-2.684571e-04	3.546036e-05	6.598333e-04	7.585810e-04	3.546036e-05	-3.546036e-05	7.190195e-04	1.255934e-03
212           	1.418414e-03	-1.832973e-20	1.974953e-03	-4.937382e-05	-2.684564e-04	3.546035e-05	6.598332e-04	7.585809e-04	3.546035e-05	-3.546035e-05	7.190199e-04	1.255933e-03
213           	1.418414e-03	-1.832972e-20	1.974952e-03	-4.937380e-05	-2.684556e-04	3.546035e-05	6.598332e-04	7.585808e-04	3.546035e-05	-3.546035e-05	7.190204e-04	1.255932e-03
214           	1.418414e-03	-1.832972e-20	1.974951e-03	-4.937379e-05	-2.684548e-04	3.546034e-05	6.598331e-04	7.585807e-04	3.546034e-05	-3.546034e-05	7.190209e-04	1.255931e-03
215           	1.418414e-03	-1.832971e-20	1.974951e-03	-4.937377e-05	-2.684540e-04	3.546034e-05	6.598330e-04	7.585806e-04	3.546034e-05	-3.546034e-05	7.190215e-04	1.255929e-03
216           	1.418413e-03	-1.832970e-20	1.974950e-03	-4.937375e-05	-2.684531e-04	3.546034e-05	6.598330e-04	7.585805e-04	3.546034e-05	-3.546034e-05	7.190220e-04	1.255928e-03
217           	1.418413e-03	-1.832969e-20	1.974950e-03	-4.937374e-05	-2.684522e-04	3.546033e-05	6.598329e-04	7.585804e-04	3.546033e-05	-3.546033e-05	7.190226e-04	1.255927e-03
218           	1.418413e-03	-1.832968e-20	1.974949e-03	-4.937372e-05	-2.684514e-04	3.546033e-05	6.598328e-04	7.585803e-04	3.546033e-05	-3.546033e-05	7.190231e-04	1.255926e-03
219           	1.418413e-03	-1.832968e-20	1.974948e-03	-4.937371e-05	-2.684506e-04	3.546032e-05	6.598327e-04	7.585802e-04	3.546032e-05	-3.546032e-05	7.190235e-04	1.255925e-03
220           	1.418413e-03	-1.832967e-20	1.974948e-03	-4.937369e-05	-2.684498e-04	3.546032e-05	6.598327e-04	7.585801e-04	3.546032e-05	-3.546032e-05	7.190240e-04	1.255924e-03
221           	1.418413e-03	-1.832966e-20	1.974947e-03	-4.937367e-05	-2.684487e-04	3.546031e-05	6.598326e-04	7.585800e-04	3.546031e-05	-3.546031e-05	7.190247e-04	1.255922e-03
222           	1.418412e-03	-1.832965e-20	1.974946e-03	-4.937365e-05	-2.684476e-04	3.546031e-05	6.598326e-04	7.585799e-04	3.546031e-05	-3.546031e-05	7.190255e-04	1.255921e-03
223           	1.418412e-03	-1.832965e-20	1.974945e-03	-4.937363e-05	-2.684464e-04	3.546031e-05	6.598325e-04	7.585798e-04	3.546031e-05	-3.546031e-05	7.190263e-04	1.255919e-03
224           	1.418412e-03	-1.832964e-20	1.974945e-03	-4.937362e-05	-2.684453e-04	3.546030e-05	6.598325e-04	7.585797e-04	3.546030e-05	-3.546030e-05	7.190270e-04	1.255918e-03
225           	1.418412e-03	-1.832963e-20	1.974944e-03	-4.937360e-05	-2.684442e-04	3.546030e-05	6.598324e-04	7.585796e-04	3.546030e-05	-3.546030e-05	7.190277e-04	1.255916e-03
226           	1.418412e-03	-1.832963e-20	1.974943e-03	-4.937358e-05	-2.684431e-04	3.546030e-05	6.598324e-04	7.585795e-04	3.546030e-05	-3.546030e-05	7.190285e-04	1.255915e-03
227           	1.418412e-03	-1.832962e-20	1.974942e-03	-4.937356e-05	-2.684420e-04	3.546029e-05	6.598323e-04	7.585794e-04	3.546029e-05	-3.546029e-05	7.190292e-04	1.255913e-03
