# Force coefficients
# dragDir     : (1.000000e+00 0.000000e+00 0.000000e+00)
# sideDir     : (0.000000e+00 0.000000e+00 -1.000000e+00)
# liftDir     : (0.000000e+00 1.000000e+00 0.000000e+00)
# rollAxis    : (1.000000e+00 0.000000e+00 0.000000e+00)
# pitchAxis   : (0.000000e+00 0.000000e+00 -1.000000e+00)
# yawAxis     : (0.000000e+00 1.000000e+00 0.000000e+00)
# magUInf     : 2.000000e-02
# lRef        : 1.000000e-01
# Aref        : 1.000000e-01
# CofR        : (0.000000e+00 0.000000e+00 0.000000e+00)
#
# Time        	Cd            	Cs            	Cl            	CmRoll        	CmPitch       	CmYaw         	Cd(f)         	Cd(r)         	Cs(f)         	Cs(r)         	Cl(f)         	Cl(r)         
1             	2.875128e-03	1.020686e-19	-3.283898e-03	8.209745e-05	1.282024e-02	7.187820e-05	1.519662e-03	1.355467e-03	7.187820e-05	-7.187820e-05	1.117829e-02	-1.446219e-02
2             	6.378353e-03	1.644134e-19	-4.807659e-03	1.201915e-04	2.297340e-02	1.594588e-04	3.309368e-03	3.068985e-03	1.594588e-04	-1.594588e-04	2.056957e-02	-2.537723e-02
3             	5.266352e-03	9.750883e-20	-1.829537e-03	4.573843e-05	1.425626e-02	1.316588e-04	2.678915e-03	2.587438e-03	1.316588e-04	-1.316588e-04	1.334149e-02	-1.517103e-02
4             	4.697338e-03	2.568280e-20	-1.507970e-03	3.769926e-05	1.225068e-02	1.174335e-04	2.386368e-03	2.310970e-03	1.174335e-04	-1.174335e-04	1.149669e-02	-1.300466e-02
5             	4.621700e-03	-2.816764e-20	-2.009985e-03	5.024963e-05	1.307523e-02	1.155425e-04	2.361100e-03	2.260600e-03	1.155425e-04	-1.155425e-04	1.207023e-02	-1.408022e-02
6             	4.774532e-03	-4.927760e-20	-2.722483e-03	6.806207e-05	1.488683e-02	1.193633e-04	2.455328e-03	2.319204e-03	1.193633e-04	-1.193633e-04	1.352559e-02	-1.624808e-02
7             	4.851829e-03	-5.226404e-20	-3.036761e-03	7.591903e-05	1.573899e-02	1.212957e-04	2.501833e-03	2.349995e-03	1.212957e-04	-1.212957e-04	1.422061e-02	-1.725737e-02
8             	4.820154e-03	-4.733255e-20	-3.028454e-03	7.571136e-05	1.568224e-02	1.205039e-04	2.485789e-03	2.334366e-03	1.205039e-04	-1.205039e-04	1.416802e-02	-1.719647e-02
9             	4.701698e-03	-4.073005e-20	-2.872169e-03	7.180423e-05	1.511623e-02	1.175424e-04	2.422653e-03	2.279045e-03	1.175424e-04	-1.175424e-04	1.368014e-02	-1.655231e-02
10            	4.552212e-03	-3.695733e-20	-2.677776e-03	6.694441e-05	1.440581e-02	1.138053e-04	2.343050e-03	2.209161e-03	1.138053e-04	-1.138053e-04	1.306692e-02	-1.574470e-02
11            	4.421813e-03	-3.499291e-20	-2.478952e-03	6.197381e-05	1.373257e-02	1.105453e-04	2.272880e-03	2.148933e-03	1.105453e-04	-1.105453e-04	1.249309e-02	-1.497204e-02
12            	4.320568e-03	-3.413072e-20	-2.263329e-03	5.658323e-05	1.309235e-02	1.080142e-04	2.216867e-03	2.103701e-03	1.080142e-04	-1.080142e-04	1.196068e-02	-1.422401e-02
13            	4.232097e-03	-3.352061e-20	-2.011781e-03	5.029453e-05	1.240818e-02	1.058024e-04	2.166343e-03	2.065754e-03	1.058024e-04	-1.058024e-04	1.140229e-02	-1.341407e-02
14            	4.149351e-03	-3.244612e-20	-1.737984e-03	4.344959e-05	1.169133e-02	1.037338e-04	2.118125e-03	2.031226e-03	1.037338e-04	-1.037338e-04	1.082234e-02	-1.256032e-02
15            	4.067531e-03	-3.086142e-20	-1.454607e-03	3.636518e-05	1.095597e-02	1.016883e-04	2.070131e-03	1.997400e-03	1.016883e-04	-1.016883e-04	1.022866e-02	-1.168327e-02
16            	3.987274e-03	-2.902429e-20	-1.179262e-03	2.948154e-05	1.023853e-02	9.968186e-05	2.023119e-03	1.964156e-03	9.968186e-05	-9.968186e-05	9.648900e-03	-1.082816e-02
17            	3.911245e-03	-2.710902e-20	-9.263281e-04	2.315820e-05	9.573660e-03	9.778112e-05	1.978781e-03	1.932464e-03	9.778112e-05	-9.778112e-05	9.110496e-03	-1.003682e-02
18            	3.841906e-03	-2.528494e-20	-7.073926e-04	1.768481e-05	8.989425e-03	9.604766e-05	1.938638e-03	1.903268e-03	9.604766e-05	-9.604766e-05	8.635729e-03	-9.343121e-03
19            	3.782401e-03	-2.367639e-20	-5.327152e-04	1.331788e-05	8.513508e-03	9.456003e-05	1.904519e-03	1.877883e-03	9.456003e-05	-9.456003e-05	8.247150e-03	-8.779865e-03
20            	3.733614e-03	-2.232603e-20	-4.020087e-04	1.005022e-05	8.147074e-03	9.334034e-05	1.876857e-03	1.856757e-03	9.334034e-05	-9.334034e-05	7.946070e-03	-8.348078e-03
21            	3.696460e-03	-2.127119e-20	-3.153184e-04	7.882960e-06	7.892287e-03	9.241150e-05	1.856113e-03	1.840347e-03	9.241150e-05	-9.241150e-05	7.734627e-03	-8.049946e-03
22            	3.670013e-03	-2.056449e-20	-2.675725e-04	6.689314e-06	7.737530e-03	9.175032e-05	1.841696e-03	1.828317e-03	9.175032e-05	-9.175032e-05	7.603744e-03	-7.871317e-03
23            	3.654036e-03	-2.017761e-20	-2.538114e-04	6.345286e-06	7.672903e-03	9.135090e-05	1.833363e-03	1.820673e-03	9.135090e-05	-9.135090e-05	7.545997e-03	-7.799808e-03
24            	3.646845e-03	-2.003476e-20	-2.661124e-04	6.652809e-06	7.679449e-03	9.117112e-05	1.830075e-03	1.816770e-03	9.117112e-05	-9.117112e-05	7.546393e-03	-7.812505e-03
25            	3.647146e-03	-2.005244e-20	-2.981815e-04	7.454537e-06	7.741809e-03	9.117866e-05	1.831028e-03	1.816119e-03	9.117866e-05	-9.117866e-05	7.592719e-03	-7.890900e-03
26            	3.652759e-03	-2.013592e-20	-3.429473e-04	8.573682e-06	7.841298e-03	9.131898e-05	1.834953e-03	1.817806e-03	9.131898e-05	-9.131898e-05	7.669825e-03	-8.012772e-03
27            	3.662492e-03	-2.028098e-20	-3.953624e-04	9.884060e-06	7.965264e-03	9.156229e-05	1.841130e-03	1.821362e-03	9.156229e-05	-9.156229e-05	7.767583e-03	-8.162945e-03
28            	3.674010e-03	-2.047818e-20	-4.486829e-04	1.121707e-05	8.095055e-03	9.185024e-05	1.848222e-03	1.825788e-03	9.185024e-05	-9.185024e-05	7.870713e-03	-8.319396e-03
29            	3.686645e-03	-2.065537e-20	-5.000647e-04	1.250162e-05	8.223379e-03	9.216612e-05	1.855824e-03	1.830821e-03	9.216612e-05	-9.216612e-05	7.973346e-03	-8.473411e-03
30            	3.698492e-03	-2.078807e-20	-5.455886e-04	1.363972e-05	8.338133e-03	9.246229e-05	1.862886e-03	1.835606e-03	9.246229e-05	-9.246229e-05	8.065338e-03	-8.610927e-03
31            	3.708316e-03	-2.090190e-20	-5.842566e-04	1.460641e-05	8.434666e-03	9.270789e-05	1.868764e-03	1.839551e-03	9.270789e-05	-9.270789e-05	8.142538e-03	-8.726795e-03
32            	3.715798e-03	-2.101473e-20	-6.171333e-04	1.542833e-05	8.514535e-03	9.289494e-05	1.873327e-03	1.842470e-03	9.289494e-05	-9.289494e-05	8.205968e-03	-8.823102e-03
33            	3.721937e-03	-2.110670e-20	-6.469611e-04	1.617403e-05	8.585568e-03	9.304842e-05	1.877142e-03	1.844794e-03	9.304842e-05	-9.304842e-05	8.262087e-03	-8.909048e-03
34            	3.726828e-03	-2.118524e-20	-6.747854e-04	1.686963e-05	8.650308e-03	9.317071e-05	1.880284e-03	1.846544e-03	9.317071e-05	-9.317071e-05	8.312916e-03	-8.987701e-03
35            	3.731053e-03	-2.125297e-20	-7.019616e-04	1.754904e-05	8.712811e-03	9.327632e-05	1.883075e-03	1.847977e-03	9.327632e-05	-9.327632e-05	8.361830e-03	-9.063792e-03
36            	3.735504e-03	-2.132376e-20	-7.299779e-04	1.824945e-05	8.778160e-03	9.338759e-05	1.886001e-03	1.849502e-03	9.338759e-05	-9.338759e-05	8.413171e-03	-9.143149e-03
37            	3.740724e-03	-2.140929e-20	-7.587080e-04	1.896770e-05	8.847353e-03	9.351810e-05	1.889330e-03	1.851394e-03	9.351810e-05	-9.351810e-05	8.467999e-03	-9.226707e-03
38            	3.745154e-03	-2.153814e-20	-7.825352e-04	1.956338e-05	8.905502e-03	9.362884e-05	1.892140e-03	1.853013e-03	9.362884e-05	-9.362884e-05	8.514234e-03	-9.296769e-03
39            	3.753047e-03	-2.162410e-20	-8.118580e-04	2.029645e-05	8.982949e-03	9.382616e-05	1.896820e-03	1.856227e-03	9.382616e-05	-9.382616e-05	8.577020e-03	-9.388878e-03
40            	3.758794e-03	-2.172595e-20	-8.298258e-04	2.074565e-05	9.033411e-03	9.396986e-05	1.900143e-03	1.858651e-03	9.396986e-05	-9.396986e-05	8.618498e-03	-9.448324e-03
41            	3.766008e-03	-2.184039e-20	-8.464873e-04	2.116218e-05	9.084039e-03	9.415019e-05	1.904166e-03	1.861842e-03	9.415019e-05	-9.415019e-05	8.660796e-03	-9.507283e-03
42            	3.770691e-03	-2.192705e-20	-8.532384e-04	2.133096e-05	9.109363e-03	9.426728e-05	1.906677e-03	1.864015e-03	9.426728e-05	-9.426728e-05	8.682744e-03	-9.535982e-03
43            	3.775576e-03	-2.200104e-20	-8.547586e-04	2.136897e-05	9.123890e-03	9.438941e-05	1.909157e-03	1.866419e-03	9.438941e-05	-9.438941e-05	8.696511e-03	-9.551269e-03
44            	3.776612e-03	-2.202619e-20	-8.480853e-04	2.120213e-05	9.113023e-03	9.441529e-05	1.909508e-03	1.867104e-03	9.441529e-05	-9.441529e-05	8.688980e-03	-9.537066e-03
45            	3.776676e-03	-2.203299e-20	-8.373955e-04	2.093489e-05	9.091489e-03	9.441691e-05	1.909273e-03	1.867403e-03	9.441691e-05	-9.441691e-05	8.672792e-03	-9.510187e-03
46            	3.772789e-03	-2.197973e-20	-8.220991e-04	2.055248e-05	9.051496e-03	9.431972e-05	1.906947e-03	1.865842e-03	9.431972e-05	-9.431972e-05	8.640447e-03	-9.462546e-03
47            	3.769137e-03	-2.190675e-20	-8.111850e-04	2.027962e-05	9.021117e-03	9.422842e-05	1.904848e-03	1.864289e-03	9.422842e-05	-9.422842e-05	8.615525e-03	-9.426710e-03
48            	3.764854e-03	-2.180827e-20	-8.018966e-04	2.004742e-05	8.992766e-03	9.412134e-05	1.902474e-03	1.862379e-03	9.412134e-05	-9.412134e-05	8.591818e-03	-9.393714e-03
49            	3.761656e-03	-2.173977e-20	-7.973274e-04	1.993318e-05	8.976571e-03	9.404140e-05	1.900761e-03	1.860895e-03	9.404140e-05	-9.404140e-05	8.577908e-03	-9.375235e-03
50            	3.759054e-03	-2.168979e-20	-7.955499e-04	1.988875e-05	8.967629e-03	9.397635e-05	1.899416e-03	1.859638e-03	9.397635e-05	-9.397635e-05	8.569854e-03	-9.365404e-03
51            	3.757953e-03	-2.164596e-20	-7.973502e-04	1.993375e-05	8.969504e-03	9.394882e-05	1.898910e-03	1.859043e-03	9.394882e-05	-9.394882e-05	8.570828e-03	-9.368179e-03
52            	3.758230e-03	-2.161582e-20	-8.008115e-04	2.002029e-05	8.978039e-03	9.395575e-05	1.899135e-03	1.859095e-03	9.395575e-05	-9.395575e-05	8.577633e-03	-9.378445e-03
53            	3.759600e-03	-2.160874e-20	-8.042237e-04	2.010559e-05	8.988958e-03	9.399001e-05	1.899906e-03	1.859695e-03	9.399001e-05	-9.399001e-05	8.586846e-03	-9.391070e-03
54            	3.762064e-03	-2.162283e-20	-8.068335e-04	2.017084e-05	9.000518e-03	9.405160e-05	1.901203e-03	1.860861e-03	9.405160e-05	-9.405160e-05	8.597101e-03	-9.403935e-03
55            	3.764079e-03	-2.164564e-20	-8.053814e-04	2.013454e-05	9.002624e-03	9.410197e-05	1.902174e-03	1.861905e-03	9.410197e-05	-9.410197e-05	8.599933e-03	-9.405315e-03
56            	3.764426e-03	-2.171480e-20	-7.991865e-04	1.997966e-05	8.991054e-03	9.411065e-05	1.902193e-03	1.862233e-03	9.411065e-05	-9.411065e-05	8.591460e-03	-9.390647e-03
57            	3.764416e-03	-2.173777e-20	-7.923217e-04	1.980804e-05	8.977025e-03	9.411040e-05	1.902016e-03	1.862400e-03	9.411040e-05	-9.411040e-05	8.580864e-03	-9.373186e-03
58            	3.763353e-03	-2.172330e-20	-7.834069e-04	1.958517e-05	8.956282e-03	9.408383e-05	1.901262e-03	1.862091e-03	9.408383e-05	-9.408383e-05	8.564578e-03	-9.347985e-03
59            	3.760036e-03	-2.170263e-20	-7.720458e-04	1.930114e-05	8.925234e-03	9.400091e-05	1.899319e-03	1.860717e-03	9.400091e-05	-9.400091e-05	8.539211e-03	-9.311257e-03
60            	3.757105e-03	-2.166510e-20	-7.657767e-04	1.914442e-05	8.905288e-03	9.392761e-05	1.897697e-03	1.859408e-03	9.392761e-05	-9.392761e-05	8.522400e-03	-9.288176e-03
61            	3.753942e-03	-2.160503e-20	-7.619098e-04	1.904774e-05	8.889994e-03	9.384855e-05	1.896019e-03	1.857923e-03	9.384855e-05	-9.384855e-05	8.509039e-03	-9.270949e-03
62            	3.751911e-03	-2.156203e-20	-7.625250e-04	1.906313e-05	8.886438e-03	9.379777e-05	1.895019e-03	1.856892e-03	9.379777e-05	-9.379777e-05	8.505175e-03	-9.267701e-03
63            	3.751485e-03	-2.150999e-20	-7.677653e-04	1.919413e-05	8.896160e-03	9.378713e-05	1.894937e-03	1.856548e-03	9.378713e-05	-9.378713e-05	8.512277e-03	-9.280042e-03
64            	3.752269e-03	-2.149992e-20	-7.737699e-04	1.934425e-05	8.910432e-03	9.380672e-05	1.895479e-03	1.856790e-03	9.380672e-05	-9.380672e-05	8.523547e-03	-9.297317e-03
65            	3.753480e-03	-2.151618e-20	-7.805292e-04	1.951323e-05	8.927179e-03	9.383699e-05	1.896253e-03	1.857227e-03	9.383699e-05	-9.383699e-05	8.536914e-03	-9.317444e-03
66            	3.755991e-03	-2.154745e-20	-7.868588e-04	1.967147e-05	8.946161e-03	9.389977e-05	1.897667e-03	1.858324e-03	9.389977e-05	-9.389977e-05	8.552732e-03	-9.339591e-03
67            	3.758531e-03	-2.160041e-20	-7.907029e-04	1.976757e-05	8.959947e-03	9.396327e-05	1.899033e-03	1.859498e-03	9.396327e-05	-9.396327e-05	8.564595e-03	-9.355298e-03
68            	3.760856e-03	-2.164071e-20	-7.916088e-04	1.979022e-05	8.967182e-03	9.402140e-05	1.900218e-03	1.860638e-03	9.402140e-05	-9.402140e-05	8.571378e-03	-9.362986e-03
69            	3.761417e-03	-2.169232e-20	-7.873651e-04	1.968413e-05	8.959762e-03	9.403543e-05	1.900393e-03	1.861025e-03	9.403543e-05	-9.403543e-05	8.566079e-03	-9.353444e-03
70            	3.760771e-03	-2.170514e-20	-7.820996e-04	1.955249e-05	8.947258e-03	9.401928e-05	1.899938e-03	1.860833e-03	9.401928e-05	-9.401928e-05	8.556209e-03	-9.338308e-03
71            	3.759865e-03	-2.169360e-20	-7.764203e-04	1.941051e-05	8.933271e-03	9.399661e-05	1.899343e-03	1.860522e-03	9.399661e-05	-9.399661e-05	8.545061e-03	-9.321481e-03
72            	3.757111e-03	-2.166307e-20	-7.697958e-04	1.924489e-05	8.913099e-03	9.392777e-05	1.897800e-03	1.859310e-03	9.392777e-05	-9.392777e-05	8.528201e-03	-9.297997e-03
73            	3.755006e-03	-2.162085e-20	-7.672372e-04	1.918093e-05	8.902786e-03	9.387514e-05	1.896684e-03	1.858322e-03	9.387514e-05	-9.387514e-05	8.519168e-03	-9.286405e-03
74            	3.753421e-03	-2.158911e-20	-7.673756e-04	1.918439e-05	8.899237e-03	9.383553e-05	1.895895e-03	1.857526e-03	9.383553e-05	-9.383553e-05	8.515549e-03	-9.282925e-03
75            	3.752821e-03	-2.154441e-20	-7.708270e-04	1.927068e-05	8.904830e-03	9.382052e-05	1.895681e-03	1.857140e-03	9.382052e-05	-9.382052e-05	8.519417e-03	-9.290244e-03
76            	3.753077e-03	-2.153323e-20	-7.752720e-04	1.938180e-05	8.914632e-03	9.382692e-05	1.895920e-03	1.857157e-03	9.382692e-05	-9.382692e-05	8.526996e-03	-9.302268e-03
77            	3.753811e-03	-2.154119e-20	-7.809763e-04	1.952441e-05	8.928120e-03	9.384528e-05	1.896430e-03	1.857381e-03	9.384528e-05	-9.384528e-05	8.537632e-03	-9.318608e-03
78            	3.756166e-03	-2.156804e-20	-7.876528e-04	1.969132e-05	8.947388e-03	9.390415e-05	1.897774e-03	1.858392e-03	9.390415e-05	-9.390415e-05	8.553562e-03	-9.341214e-03
79            	3.758155e-03	-2.160767e-20	-7.911022e-04	1.977756e-05	8.959186e-03	9.395388e-05	1.898855e-03	1.859300e-03	9.395388e-05	-9.395388e-05	8.563635e-03	-9.354737e-03
80            	3.759962e-03	-2.163845e-20	-7.923435e-04	1.980859e-05	8.965995e-03	9.399904e-05	1.899789e-03	1.860172e-03	9.399904e-05	-9.399904e-05	8.569823e-03	-9.362167e-03
81            	3.760859e-03	-2.168695e-20	-7.902332e-04	1.975583e-05	8.963783e-03	9.402148e-05	1.900185e-03	1.860674e-03	9.402148e-05	-9.402148e-05	8.568666e-03	-9.358899e-03
82            	3.760728e-03	-2.170257e-20	-7.863809e-04	1.965952e-05	8.955551e-03	9.401819e-05	1.900023e-03	1.860704e-03	9.401819e-05	-9.401819e-05	8.562360e-03	-9.348741e-03
83            	3.760253e-03	-2.170021e-20	-7.815103e-04	1.953776e-05	8.944332e-03	9.400634e-05	1.899664e-03	1.860589e-03	9.400634e-05	-9.400634e-05	8.553577e-03	-9.335087e-03
84            	3.758229e-03	-2.167899e-20	-7.754925e-04	1.938731e-05	8.927170e-03	9.395571e-05	1.898502e-03	1.859727e-03	9.395571e-05	-9.395571e-05	8.539424e-03	-9.314916e-03
85            	3.756455e-03	-2.164602e-20	-7.721589e-04	1.930397e-05	8.916099e-03	9.391138e-05	1.897532e-03	1.858924e-03	9.391138e-05	-9.391138e-05	8.530020e-03	-9.302179e-03
86            	3.754745e-03	-2.160334e-20	-7.707461e-04	1.926865e-05	8.909165e-03	9.386863e-05	1.896641e-03	1.858104e-03	9.386863e-05	-9.386863e-05	8.523792e-03	-9.294538e-03
87            	3.753849e-03	-2.158240e-20	-7.718812e-04	1.929703e-05	8.909357e-03	9.384622e-05	1.896221e-03	1.857627e-03	9.384622e-05	-9.384622e-05	8.523416e-03	-9.295297e-03
88            	3.753678e-03	-2.155800e-20	-7.753756e-04	1.938439e-05	8.916144e-03	9.384195e-05	1.896223e-03	1.857455e-03	9.384195e-05	-9.384195e-05	8.528457e-03	-9.303832e-03
89            	3.754289e-03	-2.155577e-20	-7.793744e-04	1.948436e-05	8.925897e-03	9.385723e-05	1.896629e-03	1.857660e-03	9.385723e-05	-9.385723e-05	8.536210e-03	-9.315585e-03
90            	3.755184e-03	-2.156882e-20	-7.837380e-04	1.959345e-05	8.937026e-03	9.387960e-05	1.897185e-03	1.857999e-03	9.387960e-05	-9.387960e-05	8.545157e-03	-9.328895e-03
91            	3.757248e-03	-2.159691e-20	-7.883635e-04	1.970909e-05	8.951399e-03	9.393119e-05	1.898333e-03	1.858915e-03	9.393119e-05	-9.393119e-05	8.557217e-03	-9.345581e-03
92            	3.758706e-03	-2.163100e-20	-7.898187e-04	1.974547e-05	8.957855e-03	9.396764e-05	1.899098e-03	1.859607e-03	9.396764e-05	-9.396764e-05	8.562945e-03	-9.352764e-03
93            	3.759925e-03	-2.165327e-20	-7.896822e-04	1.974205e-05	8.960434e-03	9.399812e-05	1.899704e-03	1.860220e-03	9.399812e-05	-9.399812e-05	8.565593e-03	-9.355275e-03
94            	3.760182e-03	-2.168240e-20	-7.865412e-04	1.966353e-05	8.954630e-03	9.400454e-05	1.899754e-03	1.860427e-03	9.400454e-05	-9.400454e-05	8.561359e-03	-9.347901e-03
95            	3.759449e-03	-2.168861e-20	-7.822065e-04	1.955516e-05	8.943953e-03	9.398622e-05	1.899280e-03	1.860169e-03	9.398622e-05	-9.398622e-05	8.552850e-03	-9.335057e-03
96            	3.758645e-03	-2.167627e-20	-7.785059e-04	1.946265e-05	8.934396e-03	9.396613e-05	1.898785e-03	1.859860e-03	9.396613e-05	-9.396613e-05	8.545143e-03	-9.323649e-03
97            	3.757076e-03	-2.165136e-20	-7.745970e-04	1.936492e-05	8.922661e-03	9.392690e-05	1.897903e-03	1.859173e-03	9.392690e-05	-9.392690e-05	8.535362e-03	-9.309959e-03
98            	3.755629e-03	-2.161895e-20	-7.726783e-04	1.931696e-05	8.915286e-03	9.389073e-05	1.897132e-03	1.858498e-03	9.389073e-05	-9.389073e-05	8.528947e-03	-9.301625e-03
99            	3.754661e-03	-2.158846e-20	-7.729668e-04	1.932417e-05	8.913568e-03	9.386653e-05	1.896655e-03	1.858006e-03	9.386653e-05	-9.386653e-05	8.527085e-03	-9.300052e-03
100           	3.754297e-03	-2.157100e-20	-7.750810e-04	1.937702e-05	8.917046e-03	9.385742e-05	1.896526e-03	1.857771e-03	9.385742e-05	-9.385742e-05	8.529505e-03	-9.304586e-03
101           	3.754574e-03	-2.156874e-20	-7.783905e-04	1.945976e-05	8.924541e-03	9.386434e-05	1.896747e-03	1.857827e-03	9.386434e-05	-9.386434e-05	8.535345e-03	-9.313736e-03
102           	3.755336e-03	-2.157785e-20	-7.820933e-04	1.955233e-05	8.933989e-03	9.388340e-05	1.897220e-03	1.858116e-03	9.388340e-05	-9.388340e-05	8.542942e-03	-9.325035e-03
103           	3.756623e-03	-2.159576e-20	-7.856532e-04	1.964133e-05	8.944359e-03	9.391557e-05	1.897953e-03	1.858670e-03	9.391557e-05	-9.391557e-05	8.551533e-03	-9.337186e-03
104           	3.758028e-03	-2.162024e-20	-7.878948e-04	1.969737e-05	8.952284e-03	9.395069e-05	1.898711e-03	1.859316e-03	9.395069e-05	-9.395069e-05	8.558337e-03	-9.346232e-03
105           	3.759101e-03	-2.164739e-20	-7.881485e-04	1.970371e-05	8.955343e-03	9.397753e-05	1.899254e-03	1.859847e-03	9.397753e-05	-9.397753e-05	8.561269e-03	-9.349417e-03
106           	3.759511e-03	-2.166010e-20	-7.866224e-04	1.966556e-05	8.953207e-03	9.398777e-05	1.899421e-03	1.860090e-03	9.398777e-05	-9.398777e-05	8.559896e-03	-9.346518e-03
107           	3.759437e-03	-2.167254e-20	-7.835848e-04	1.958962e-05	8.946761e-03	9.398593e-05	1.899308e-03	1.860129e-03	9.398593e-05	-9.398593e-05	8.554969e-03	-9.338554e-03
108           	3.758552e-03	-2.166992e-20	-7.798192e-04	1.949548e-05	8.936900e-03	9.396379e-05	1.898771e-03	1.859780e-03	9.396379e-05	-9.396379e-05	8.546990e-03	-9.326810e-03
109           	3.757569e-03	-2.165563e-20	-7.768641e-04	1.942160e-05	8.928475e-03	9.393924e-05	1.898206e-03	1.859363e-03	9.393924e-05	-9.393924e-05	8.540043e-03	-9.316907e-03
110           	3.756204e-03	-2.162999e-20	-7.744720e-04	1.936180e-05	8.920352e-03	9.390509e-05	1.897464e-03	1.858740e-03	9.390509e-05	-9.390509e-05	8.533116e-03	-9.307588e-03
111           	3.755312e-03	-2.160279e-20	-7.742106e-04	1.935527e-05	8.917680e-03	9.388280e-05	1.897011e-03	1.858301e-03	9.388280e-05	-9.388280e-05	8.530575e-03	-9.304785e-03
112           	3.754801e-03	-2.158315e-20	-7.753775e-04	1.938444e-05	8.918877e-03	9.387003e-05	1.896785e-03	1.858016e-03	9.387003e-05	-9.387003e-05	8.531188e-03	-9.306566e-03
113           	3.754790e-03	-2.158047e-20	-7.774641e-04	1.943660e-05	8.923155e-03	9.386974e-05	1.896831e-03	1.857958e-03	9.386974e-05	-9.386974e-05	8.534423e-03	-9.311887e-03
114           	3.755139e-03	-2.158144e-20	-7.804478e-04	1.951119e-05	8.930163e-03	9.387847e-05	1.897081e-03	1.858058e-03	9.387847e-05	-9.387847e-05	8.539939e-03	-9.320386e-03
115           	3.756294e-03	-2.159294e-20	-7.838924e-04	1.959731e-05	8.939971e-03	9.390734e-05	1.897744e-03	1.858550e-03	9.390734e-05	-9.390734e-05	8.548025e-03	-9.331917e-03
116           	3.757302e-03	-2.161034e-20	-7.858574e-04	1.964644e-05	8.946410e-03	9.393255e-05	1.898297e-03	1.859004e-03	9.393255e-05	-9.393255e-05	8.553481e-03	-9.339339e-03
117           	3.758320e-03	-2.163371e-20	-7.867595e-04	1.966899e-05	8.950654e-03	9.395799e-05	1.898829e-03	1.859491e-03	9.395799e-05	-9.395799e-05	8.557275e-03	-9.344034e-03
118           	3.758943e-03	-2.164657e-20	-7.862097e-04	1.965524e-05	8.950996e-03	9.397356e-05	1.899127e-03	1.859816e-03	9.397356e-05	-9.397356e-05	8.557892e-03	-9.344101e-03
119           	3.759011e-03	-2.166109e-20	-7.839228e-04	1.959807e-05	8.946470e-03	9.397528e-05	1.899104e-03	1.859907e-03	9.397528e-05	-9.397528e-05	8.554509e-03	-9.338431e-03
120           	3.758453e-03	-2.166352e-20	-7.810133e-04	1.952533e-05	8.939143e-03	9.396132e-05	1.898752e-03	1.859701e-03	9.396132e-05	-9.396132e-05	8.548636e-03	-9.329649e-03
121           	3.757798e-03	-2.165430e-20	-7.785418e-04	1.946355e-05	8.932482e-03	9.394494e-05	1.898362e-03	1.859435e-03	9.394494e-05	-9.394494e-05	8.543211e-03	-9.321753e-03
122           	3.756742e-03	-2.163659e-20	-7.762407e-04	1.940602e-05	8.925259e-03	9.391855e-05	1.897777e-03	1.858965e-03	9.391855e-05	-9.391855e-05	8.537139e-03	-9.313380e-03
123           	3.755866e-03	-2.161466e-20	-7.754022e-04	1.938505e-05	8.921449e-03	9.389664e-05	1.897318e-03	1.858548e-03	9.389664e-05	-9.389664e-05	8.533748e-03	-9.309150e-03
124           	3.755332e-03	-2.159565e-20	-7.759205e-04	1.939801e-05	8.921249e-03	9.388329e-05	1.897064e-03	1.858268e-03	9.388329e-05	-9.388329e-05	8.533289e-03	-9.309209e-03
125           	3.755172e-03	-2.158649e-20	-7.775271e-04	1.943818e-05	8.924179e-03	9.387929e-05	1.897024e-03	1.858148e-03	9.387929e-05	-9.387929e-05	8.535416e-03	-9.312943e-03
126           	3.755474e-03	-2.158749e-20	-7.798995e-04	1.949749e-05	8.929795e-03	9.388685e-05	1.897234e-03	1.858240e-03	9.388685e-05	-9.388685e-05	8.539846e-03	-9.319745e-03
127           	3.756090e-03	-2.159534e-20	-7.823661e-04	1.955915e-05	8.936344e-03	9.390226e-05	1.897604e-03	1.858486e-03	9.390226e-05	-9.390226e-05	8.545161e-03	-9.327527e-03
128           	3.756986e-03	-2.160910e-20	-7.845201e-04	1.961300e-05	8.942893e-03	9.392464e-05	1.898106e-03	1.858880e-03	9.392464e-05	-9.392464e-05	8.550633e-03	-9.335153e-03
129           	3.757868e-03	-2.162674e-20	-7.856321e-04	1.964080e-05	8.947265e-03	9.394671e-05	1.898575e-03	1.859293e-03	9.394671e-05	-9.394671e-05	8.554449e-03	-9.340081e-03
130           	3.758481e-03	-2.164397e-20	-7.854253e-04	1.963563e-05	8.948286e-03	9.396203e-05	1.898876e-03	1.859605e-03	9.396203e-05	-9.396203e-05	8.555573e-03	-9.340998e-03
131           	3.758596e-03	-2.165307e-20	-7.838987e-04	1.959747e-05	8.945435e-03	9.396491e-05	1.898896e-03	1.859701e-03	9.396491e-05	-9.396491e-05	8.553486e-03	-9.337384e-03
132           	3.758383e-03	-2.165447e-20	-7.818669e-04	1.954667e-05	8.940725e-03	9.395957e-05	1.898738e-03	1.859645e-03	9.395957e-05	-9.395957e-05	8.549791e-03	-9.331658e-03
133           	3.757862e-03	-2.164839e-20	-7.796242e-04	1.949061e-05	8.934873e-03	9.394656e-05	1.898422e-03	1.859441e-03	9.394656e-05	-9.394656e-05	8.545061e-03	-9.324686e-03
134           	3.757070e-03	-2.163721e-20	-7.775928e-04	1.943982e-05	8.928818e-03	9.392676e-05	1.897975e-03	1.859095e-03	9.392676e-05	-9.392676e-05	8.540021e-03	-9.317614e-03
135           	3.756251e-03	-2.162139e-20	-7.764290e-04	1.941073e-05	8.924492e-03	9.390627e-05	1.897536e-03	1.858715e-03	9.390627e-05	-9.390627e-05	8.536278e-03	-9.312707e-03
136           	3.755725e-03	-2.160529e-20	-7.765422e-04	1.941355e-05	8.923474e-03	9.389312e-05	1.897276e-03	1.858449e-03	9.389312e-05	-9.389312e-05	8.535202e-03	-9.311745e-03
137           	3.755495e-03	-2.159519e-20	-7.775997e-04	1.943999e-05	8.925104e-03	9.388739e-05	1.897188e-03	1.858308e-03	9.388739e-05	-9.388739e-05	8.536304e-03	-9.313904e-03
138           	3.755644e-03	-2.159329e-20	-7.793765e-04	1.948441e-05	8.929123e-03	9.389109e-05	1.897306e-03	1.858337e-03	9.389109e-05	-9.389109e-05	8.539435e-03	-9.318811e-03
139           	3.756032e-03	-2.159766e-20	-7.813377e-04	1.953344e-05	8.934094e-03	9.390080e-05	1.897549e-03	1.858483e-03	9.390080e-05	-9.390080e-05	8.543425e-03	-9.324763e-03
140           	3.756710e-03	-2.160699e-20	-7.832578e-04	1.958145e-05	8.939653e-03	9.391775e-05	1.897937e-03	1.858774e-03	9.391775e-05	-9.391775e-05	8.548024e-03	-9.331282e-03
141           	3.757470e-03	-2.162023e-20	-7.844968e-04	1.961242e-05	8.943992e-03	9.393676e-05	1.898348e-03	1.859123e-03	9.393676e-05	-9.393676e-05	8.551744e-03	-9.336241e-03
142           	3.757979e-03	-2.163505e-20	-7.845954e-04	1.961488e-05	8.945400e-03	9.394948e-05	1.898605e-03	1.859375e-03	9.394948e-05	-9.394948e-05	8.553102e-03	-9.337698e-03
143           	3.758301e-03	-2.164552e-20	-7.838765e-04	1.959691e-05	8.944682e-03	9.395752e-05	1.898747e-03	1.859553e-03	9.395752e-05	-9.395752e-05	8.552744e-03	-9.336621e-03
144           	3.758181e-03	-2.164815e-20	-7.822549e-04	1.955637e-05	8.941061e-03	9.395451e-05	1.898647e-03	1.859534e-03	9.395451e-05	-9.395451e-05	8.549934e-03	-9.332189e-03
145           	3.757880e-03	-2.164606e-20	-7.805310e-04	1.951328e-05	8.936786e-03	9.394701e-05	1.898453e-03	1.859427e-03	9.394701e-05	-9.394701e-05	8.546520e-03	-9.327051e-03
146           	3.757288e-03	-2.163849e-20	-7.787357e-04	1.946839e-05	8.931689e-03	9.393221e-05	1.898113e-03	1.859176e-03	9.393221e-05	-9.393221e-05	8.542322e-03	-9.321057e-03
147           	3.756625e-03	-2.162678e-20	-7.775246e-04	1.943811e-05	8.927627e-03	9.391562e-05	1.897751e-03	1.858874e-03	9.391562e-05	-9.391562e-05	8.538865e-03	-9.316390e-03
148           	3.756078e-03	-2.161300e-20	-7.772149e-04	1.943037e-05	8.925697e-03	9.390195e-05	1.897469e-03	1.858609e-03	9.390195e-05	-9.390195e-05	8.537090e-03	-9.314305e-03
149           	3.755776e-03	-2.160220e-20	-7.778124e-04	1.944531e-05	8.926209e-03	9.389440e-05	1.897333e-03	1.858443e-03	9.389440e-05	-9.389440e-05	8.537303e-03	-9.315115e-03
150           	3.755844e-03	-2.159881e-20	-7.791982e-04	1.947996e-05	8.929221e-03	9.389611e-05	1.897402e-03	1.858442e-03	9.389611e-05	-9.389611e-05	8.539622e-03	-9.318820e-03
151           	3.756071e-03	-2.160000e-20	-7.807193e-04	1.951798e-05	8.932910e-03	9.390177e-05	1.897553e-03	1.858518e-03	9.390177e-05	-9.390177e-05	8.542550e-03	-9.323270e-03
152           	3.756590e-03	-2.160642e-20	-7.823956e-04	1.955989e-05	8.937589e-03	9.391476e-05	1.897855e-03	1.858735e-03	9.391476e-05	-9.391476e-05	8.546391e-03	-9.328787e-03
153           	3.757190e-03	-2.161686e-20	-7.835806e-04	1.958951e-05	8.941448e-03	9.392975e-05	1.898185e-03	1.859006e-03	9.392975e-05	-9.392975e-05	8.549658e-03	-9.333239e-03
154           	3.757690e-03	-2.162930e-20	-7.839661e-04	1.959915e-05	8.943428e-03	9.394226e-05	1.898444e-03	1.859246e-03	9.394226e-05	-9.394226e-05	8.551445e-03	-9.335411e-03
155           	3.758019e-03	-2.163960e-20	-7.835726e-04	1.958932e-05	8.943394e-03	9.395049e-05	1.898599e-03	1.859420e-03	9.395049e-05	-9.395049e-05	8.551608e-03	-9.335181e-03
156           	3.757990e-03	-2.164305e-20	-7.823559e-04	1.955890e-05	8.940831e-03	9.394975e-05	1.898554e-03	1.859436e-03	9.394975e-05	-9.394975e-05	8.549653e-03	-9.332009e-03
157           	3.757816e-03	-2.164261e-20	-7.809903e-04	1.952476e-05	8.937590e-03	9.394541e-05	1.898433e-03	1.859383e-03	9.394541e-05	-9.394541e-05	8.547095e-03	-9.328085e-03
158           	3.757368e-03	-2.163717e-20	-7.794332e-04	1.948583e-05	8.933323e-03	9.393419e-05	1.898170e-03	1.859198e-03	9.393419e-05	-9.393419e-05	8.543607e-03	-9.323040e-03
159           	3.756828e-03	-2.162840e-20	-7.782726e-04	1.945681e-05	8.929654e-03	9.392069e-05	1.897871e-03	1.858957e-03	9.392069e-05	-9.392069e-05	8.540518e-03	-9.318790e-03
160           	3.756326e-03	-2.161741e-20	-7.777691e-04	1.944423e-05	8.927433e-03	9.390815e-05	1.897607e-03	1.858719e-03	9.390815e-05	-9.390815e-05	8.538548e-03	-9.316317e-03
161           	3.756008e-03	-2.160748e-20	-7.780509e-04	1.945127e-05	8.927262e-03	9.390021e-05	1.897455e-03	1.858553e-03	9.390021e-05	-9.390021e-05	8.538236e-03	-9.316287e-03
162           	3.755973e-03	-2.160291e-20	-7.790437e-04	1.947609e-05	8.929216e-03	9.389933e-05	1.897463e-03	1.858511e-03	9.389933e-05	-9.389933e-05	8.539694e-03	-9.318738e-03
163           	3.756140e-03	-2.160323e-20	-7.803161e-04	1.950790e-05	8.932245e-03	9.390350e-05	1.897578e-03	1.858562e-03	9.390350e-05	-9.390350e-05	8.542087e-03	-9.322403e-03
164           	3.756491e-03	-2.160761e-20	-7.816676e-04	1.954169e-05	8.935859e-03	9.391229e-05	1.897787e-03	1.858704e-03	9.391229e-05	-9.391229e-05	8.545026e-03	-9.326693e-03
165           	3.756979e-03	-2.161508e-20	-7.828164e-04	1.957041e-05	8.939376e-03	9.392446e-05	1.898060e-03	1.858919e-03	9.392446e-05	-9.392446e-05	8.547968e-03	-9.330784e-03
166           	3.757450e-03	-2.162464e-20	-7.833896e-04	1.958474e-05	8.941669e-03	9.393624e-05	1.898310e-03	1.859140e-03	9.393624e-05	-9.393624e-05	8.549974e-03	-9.333364e-03
167           	3.757777e-03	-2.163387e-20	-7.832495e-04	1.958124e-05	8.942153e-03	9.394443e-05	1.898470e-03	1.859307e-03	9.394443e-05	-9.394443e-05	8.550528e-03	-9.333778e-03
168           	3.757838e-03	-2.163880e-20	-7.824121e-04	1.956030e-05	8.940582e-03	9.394595e-05	1.898479e-03	1.859359e-03	9.394595e-05	-9.394595e-05	8.549376e-03	-9.331788e-03
169           	3.757715e-03	-2.163938e-20	-7.812948e-04	1.953237e-05	8.937981e-03	9.394288e-05	1.898390e-03	1.859325e-03	9.394288e-05	-9.394288e-05	8.547333e-03	-9.328628e-03
170           	3.757428e-03	-2.163597e-20	-7.800712e-04	1.950178e-05	8.934779e-03	9.393569e-05	1.898216e-03	1.859212e-03	9.393569e-05	-9.393569e-05	8.544743e-03	-9.324814e-03
171           	3.756993e-03	-2.162985e-20	-7.789677e-04	1.947419e-05	8.931479e-03	9.392483e-05	1.897971e-03	1.859022e-03	9.392483e-05	-9.392483e-05	8.541996e-03	-9.320963e-03
172           	3.756547e-03	-2.162121e-20	-7.783448e-04	1.945862e-05	8.929147e-03	9.391369e-05	1.897732e-03	1.858815e-03	9.391369e-05	-9.391369e-05	8.539974e-03	-9.318319e-03
173           	3.756269e-03	-2.161247e-20	-7.784225e-04	1.946056e-05	8.928643e-03	9.390672e-05	1.897595e-03	1.858674e-03	9.390672e-05	-9.390672e-05	8.539432e-03	-9.317854e-03
174           	3.756138e-03	-2.160702e-20	-7.789953e-04	1.947488e-05	8.929510e-03	9.390344e-05	1.897544e-03	1.858594e-03	9.390344e-05	-9.390344e-05	8.540013e-03	-9.319008e-03
175           	3.756226e-03	-2.160613e-20	-7.799876e-04	1.949969e-05	8.931767e-03	9.390566e-05	1.897613e-03	1.858613e-03	9.390566e-05	-9.390566e-05	8.541774e-03	-9.321761e-03
176           	3.756441e-03	-2.160856e-20	-7.810632e-04	1.952658e-05	8.934498e-03	9.391103e-05	1.897747e-03	1.858694e-03	9.391103e-05	-9.391103e-05	8.543967e-03	-9.325030e-03
177           	3.756815e-03	-2.161371e-20	-7.821167e-04	1.955292e-05	8.937553e-03	9.392039e-05	1.897961e-03	1.858855e-03	9.392039e-05	-9.392039e-05	8.546495e-03	-9.328611e-03
178           	3.757233e-03	-2.162093e-20	-7.827918e-04	1.956979e-05	8.939925e-03	9.393083e-05	1.898186e-03	1.859047e-03	9.393083e-05	-9.393083e-05	8.548529e-03	-9.331321e-03
179           	3.757515e-03	-2.162900e-20	-7.828431e-04	1.957108e-05	8.940698e-03	9.393788e-05	1.898329e-03	1.859186e-03	9.393788e-05	-9.393788e-05	8.549276e-03	-9.332119e-03
180           	3.757684e-03	-2.163474e-20	-7.824356e-04	1.956089e-05	8.940260e-03	9.394211e-05	1.898403e-03	1.859281e-03	9.394211e-05	-9.394211e-05	8.549042e-03	-9.331478e-03
181           	3.757620e-03	-2.163620e-20	-7.815519e-04	1.953880e-05	8.938288e-03	9.394049e-05	1.898349e-03	1.859271e-03	9.394049e-05	-9.394049e-05	8.547512e-03	-9.329064e-03
182           	3.757453e-03	-2.163495e-20	-7.806052e-04	1.951513e-05	8.935936e-03	9.393633e-05	1.898242e-03	1.859211e-03	9.393633e-05	-9.393633e-05	8.545634e-03	-9.326239e-03
183           	3.757129e-03	-2.163077e-20	-7.796254e-04	1.949064e-05	8.933151e-03	9.392822e-05	1.898055e-03	1.859074e-03	9.392822e-05	-9.392822e-05	8.543338e-03	-9.322964e-03
184           	3.756765e-03	-2.162440e-20	-7.789659e-04	1.947415e-05	8.930934e-03	9.391912e-05	1.897857e-03	1.858908e-03	9.391912e-05	-9.391912e-05	8.541451e-03	-9.320416e-03
185           	3.756467e-03	-2.161691e-20	-7.788015e-04	1.947004e-05	8.929891e-03	9.391167e-05	1.897704e-03	1.858763e-03	9.391167e-05	-9.391167e-05	8.540490e-03	-9.319292e-03
186           	3.756282e-03	-2.161310e-20	-7.790448e-04	1.947612e-05	8.929955e-03	9.390705e-05	1.897617e-03	1.858665e-03	9.390705e-05	-9.390705e-05	8.540432e-03	-9.319477e-03
187           	3.756292e-03	-2.160918e-20	-7.798559e-04	1.949640e-05	8.931646e-03	9.390731e-05	1.897643e-03	1.858650e-03	9.390731e-05	-9.390731e-05	8.541718e-03	-9.321574e-03
188           	3.756499e-03	-2.160901e-20	-7.808241e-04	1.952060e-05	8.934135e-03	9.391248e-05	1.897770e-03	1.858729e-03	9.391248e-05	-9.391248e-05	8.543723e-03	-9.324547e-03
189           	3.756738e-03	-2.161235e-20	-7.816254e-04	1.954063e-05	8.936355e-03	9.391845e-05	1.897910e-03	1.858828e-03	9.391845e-05	-9.391845e-05	8.545543e-03	-9.327168e-03
190           	3.757088e-03	-2.161863e-20	-7.823204e-04	1.955801e-05	8.938609e-03	9.392720e-05	1.898102e-03	1.858986e-03	9.392720e-05	-9.392720e-05	8.547449e-03	-9.329769e-03
191           	3.757347e-03	-2.162587e-20	-7.824968e-04	1.956242e-05	8.939591e-03	9.393368e-05	1.898236e-03	1.859111e-03	9.393368e-05	-9.393368e-05	8.548343e-03	-9.330839e-03
192           	3.757531e-03	-2.163182e-20	-7.822892e-04	1.955723e-05	8.939598e-03	9.393828e-05	1.898323e-03	1.859208e-03	9.393828e-05	-9.393828e-05	8.548453e-03	-9.330743e-03
193           	3.757513e-03	-2.163366e-20	-7.816164e-04	1.954041e-05	8.938177e-03	9.393783e-05	1.898297e-03	1.859216e-03	9.393783e-05	-9.393783e-05	8.547369e-03	-9.328986e-03
194           	3.757422e-03	-2.163335e-20	-7.808715e-04	1.952179e-05	8.936417e-03	9.393556e-05	1.898233e-03	1.859189e-03	9.393556e-05	-9.393556e-05	8.545981e-03	-9.326853e-03
195           	3.757174e-03	-2.163030e-20	-7.800095e-04	1.950024e-05	8.934056e-03	9.392934e-05	1.898087e-03	1.859087e-03	9.392934e-05	-9.392934e-05	8.544051e-03	-9.324060e-03
196           	3.756877e-03	-2.162540e-20	-7.793720e-04	1.948430e-05	8.932040e-03	9.392192e-05	1.897923e-03	1.858954e-03	9.392192e-05	-9.392192e-05	8.542354e-03	-9.321726e-03
197           	3.756603e-03	-2.161928e-20	-7.790979e-04	1.947745e-05	8.930828e-03	9.391507e-05	1.897779e-03	1.858824e-03	9.391507e-05	-9.391507e-05	8.541279e-03	-9.320377e-03
198           	3.756427e-03	-2.161384e-20	-7.792518e-04	1.948130e-05	8.930731e-03	9.391069e-05	1.897695e-03	1.858732e-03	9.391069e-05	-9.391069e-05	8.541105e-03	-9.320356e-03
199           	3.756410e-03	-2.161138e-20	-7.798011e-04	1.949503e-05	8.931815e-03	9.391024e-05	1.897700e-03	1.858710e-03	9.391024e-05	-9.391024e-05	8.541914e-03	-9.321716e-03
200           	3.756502e-03	-2.161158e-20	-7.805007e-04	1.951252e-05	8.933481e-03	9.391254e-05	1.897763e-03	1.858738e-03	9.391254e-05	-9.391254e-05	8.543231e-03	-9.323732e-03
201           	3.756696e-03	-2.161400e-20	-7.812445e-04	1.953111e-05	8.935472e-03	9.391740e-05	1.897879e-03	1.858817e-03	9.391740e-05	-9.391740e-05	8.544850e-03	-9.326095e-03
202           	3.756964e-03	-2.161813e-20	-7.818743e-04	1.954686e-05	8.937403e-03	9.392410e-05	1.898029e-03	1.858935e-03	9.392410e-05	-9.392410e-05	8.546466e-03	-9.328340e-03
203           	3.757223e-03	-2.162339e-20	-7.821865e-04	1.955466e-05	8.938657e-03	9.393057e-05	1.898166e-03	1.859057e-03	9.393057e-05	-9.393057e-05	8.547564e-03	-9.329750e-03
204           	3.757401e-03	-2.162846e-20	-7.821054e-04	1.955263e-05	8.938910e-03	9.393503e-05	1.898253e-03	1.859148e-03	9.393503e-05	-9.393503e-05	8.547858e-03	-9.329963e-03
205           	3.757434e-03	-2.163116e-20	-7.816451e-04	1.954113e-05	8.938045e-03	9.393585e-05	1.898258e-03	1.859176e-03	9.393585e-05	-9.393585e-05	8.547223e-03	-9.328868e-03
206           	3.757366e-03	-2.163145e-20	-7.810309e-04	1.952577e-05	8.936613e-03	9.393414e-05	1.898209e-03	1.859157e-03	9.393414e-05	-9.393414e-05	8.546098e-03	-9.327129e-03
207           	3.757207e-03	-2.162956e-20	-7.803597e-04	1.950899e-05	8.934855e-03	9.393019e-05	1.898113e-03	1.859095e-03	9.393019e-05	-9.393019e-05	8.544675e-03	-9.325035e-03
208           	3.756969e-03	-2.162619e-20	-7.797552e-04	1.949388e-05	8.933046e-03	9.392422e-05	1.897978e-03	1.858990e-03	9.392422e-05	-9.392422e-05	8.543168e-03	-9.322923e-03
209           	3.756724e-03	-2.162162e-20	-7.794114e-04	1.948529e-05	8.931762e-03	9.391809e-05	1.897847e-03	1.858877e-03	9.391809e-05	-9.391809e-05	8.542056e-03	-9.321467e-03
210           	3.756571e-03	-2.161686e-20	-7.794487e-04	1.948622e-05	8.931475e-03	9.391428e-05	1.897772e-03	1.858799e-03	9.391428e-05	-9.391428e-05	8.541751e-03	-9.321199e-03
211           	3.756495e-03	-2.161374e-20	-7.797593e-04	1.949398e-05	8.931933e-03	9.391237e-05	1.897741e-03	1.858753e-03	9.391237e-05	-9.391237e-05	8.542053e-03	-9.321812e-03
212           	3.756545e-03	-2.161319e-20	-7.803121e-04	1.950780e-05	8.933191e-03	9.391362e-05	1.897780e-03	1.858765e-03	9.391362e-05	-9.391362e-05	8.543035e-03	-9.323347e-03
213           	3.756666e-03	-2.161435e-20	-7.809093e-04	1.952273e-05	8.934711e-03	9.391664e-05	1.897856e-03	1.858810e-03	9.391664e-05	-9.391664e-05	8.544257e-03	-9.325166e-03
214           	3.756876e-03	-2.161716e-20	-7.814941e-04	1.953735e-05	8.936411e-03	9.392189e-05	1.897975e-03	1.858901e-03	9.392189e-05	-9.392189e-05	8.545664e-03	-9.327158e-03
215           	3.757105e-03	-2.162135e-20	-7.818635e-04	1.954659e-05	8.937712e-03	9.392763e-05	1.898099e-03	1.859006e-03	9.392763e-05	-9.392763e-05	8.546780e-03	-9.328643e-03
216           	3.757259e-03	-2.162594e-20	-7.818886e-04	1.954721e-05	8.938128e-03	9.393148e-05	1.898177e-03	1.859082e-03	9.393148e-05	-9.393148e-05	8.547184e-03	-9.329072e-03
217           	3.757350e-03	-2.162909e-20	-7.816624e-04	1.954156e-05	8.937879e-03	9.393376e-05	1.898217e-03	1.859134e-03	9.393376e-05	-9.393376e-05	8.547048e-03	-9.328710e-03
218           	3.757317e-03	-2.162985e-20	-7.811807e-04	1.952952e-05	8.936808e-03	9.393292e-05	1.898188e-03	1.859129e-03	9.393292e-05	-9.393292e-05	8.546217e-03	-9.327398e-03
219           	3.757225e-03	-2.162911e-20	-7.806583e-04	1.951646e-05	8.935510e-03	9.393062e-05	1.898129e-03	1.859096e-03	9.393062e-05	-9.393062e-05	8.545180e-03	-9.325839e-03
220           	3.757045e-03	-2.162678e-20	-7.801185e-04	1.950296e-05	8.933973e-03	9.392613e-05	1.898026e-03	1.859020e-03	9.392613e-05	-9.392613e-05	8.543914e-03	-9.324032e-03
221           	3.756845e-03	-2.162323e-20	-7.797571e-04	1.949393e-05	8.932755e-03	9.392112e-05	1.897916e-03	1.858928e-03	9.392112e-05	-9.392112e-05	8.542876e-03	-9.322633e-03
222           	3.756682e-03	-2.161908e-20	-7.796700e-04	1.949175e-05	8.932191e-03	9.391705e-05	1.897833e-03	1.858849e-03	9.391705e-05	-9.391705e-05	8.542356e-03	-9.322026e-03
223           	3.756589e-03	-2.161596e-20	-7.798580e-04	1.949645e-05	8.932358e-03	9.391473e-05	1.897791e-03	1.858798e-03	9.391473e-05	-9.391473e-05	8.542429e-03	-9.322287e-03
224           	3.756612e-03	-2.161483e-20	-7.802826e-04	1.950706e-05	8.933287e-03	9.391531e-05	1.897813e-03	1.858799e-03	9.391531e-05	-9.391531e-05	8.543146e-03	-9.323428e-03
225           	3.756687e-03	-2.161521e-20	-7.807495e-04	1.951874e-05	8.934429e-03	9.391717e-05	1.897862e-03	1.858825e-03	9.391717e-05	-9.391717e-05	8.544054e-03	-9.324804e-03
226           	3.756844e-03	-2.161721e-20	-7.812500e-04	1.953125e-05	8.935833e-03	9.392111e-05	1.897953e-03	1.858891e-03	9.392111e-05	-9.392111e-05	8.545208e-03	-9.326458e-03
227           	3.757026e-03	-2.162042e-20	-7.815997e-04	1.953999e-05	8.936983e-03	9.392565e-05	1.898053e-03	1.858973e-03	9.392565e-05	-9.392565e-05	8.546183e-03	-9.327783e-03
228           	3.757177e-03	-2.162423e-20	-7.817036e-04	1.954259e-05	8.937555e-03	9.392944e-05	1.898131e-03	1.859046e-03	9.392944e-05	-9.392944e-05	8.546704e-03	-9.328407e-03
229           	3.757270e-03	-2.162734e-20	-7.815659e-04	1.953915e-05	8.937490e-03	9.393174e-05	1.898174e-03	1.859096e-03	9.393174e-05	-9.393174e-05	8.546707e-03	-9.328273e-03
230           	3.757257e-03	-2.162833e-20	-7.811926e-04	1.952982e-05	8.936694e-03	9.393142e-05	1.898158e-03	1.859099e-03	9.393142e-05	-9.393142e-05	8.546098e-03	-9.327291e-03
231           	3.757200e-03	-2.162808e-20	-7.807764e-04	1.951941e-05	8.935698e-03	9.393001e-05	1.898120e-03	1.859081e-03	9.393001e-05	-9.393001e-05	8.545310e-03	-9.326086e-03
232           	3.757062e-03	-2.162638e-20	-7.803086e-04	1.950771e-05	8.934408e-03	9.392655e-05	1.898039e-03	1.859023e-03	9.392655e-05	-9.392655e-05	8.544253e-03	-9.324562e-03
233           	3.756898e-03	-2.162365e-20	-7.799667e-04	1.949917e-05	8.933316e-03	9.392245e-05	1.897948e-03	1.858950e-03	9.392245e-05	-9.392245e-05	8.543332e-03	-9.323299e-03
234           	3.756751e-03	-2.162030e-20	-7.798309e-04	1.949577e-05	8.932689e-03	9.391878e-05	1.897871e-03	1.858880e-03	9.391878e-05	-9.391878e-05	8.542774e-03	-9.322605e-03
235           	3.756657e-03	-2.161735e-20	-7.799257e-04	1.949814e-05	8.932662e-03	9.391644e-05	1.897827e-03	1.858831e-03	9.391644e-05	-9.391644e-05	8.542700e-03	-9.322625e-03
236           	3.756660e-03	-2.161621e-20	-7.802456e-04	1.950614e-05	8.933324e-03	9.391650e-05	1.897836e-03	1.858824e-03	9.391650e-05	-9.391650e-05	8.543201e-03	-9.323447e-03
237           	3.756699e-03	-2.161617e-20	-7.806090e-04	1.951522e-05	8.934170e-03	9.391748e-05	1.897865e-03	1.858834e-03	9.391748e-05	-9.391748e-05	8.543865e-03	-9.324474e-03
238           	3.756817e-03	-2.161757e-20	-7.810404e-04	1.952601e-05	8.935337e-03	9.392043e-05	1.897935e-03	1.858883e-03	9.392043e-05	-9.392043e-05	8.544817e-03	-9.325857e-03
239           	3.756963e-03	-2.161989e-20	-7.813727e-04	1.953432e-05	8.936368e-03	9.392408e-05	1.898016e-03	1.858947e-03	9.392408e-05	-9.392408e-05	8.545682e-03	-9.327054e-03
240           	3.757106e-03	-2.162289e-20	-7.815364e-04	1.953841e-05	8.937042e-03	9.392766e-05	1.898092e-03	1.859015e-03	9.392766e-05	-9.392766e-05	8.546274e-03	-9.327810e-03
241           	3.757202e-03	-2.162569e-20	-7.814814e-04	1.953703e-05	8.937154e-03	9.393004e-05	1.898138e-03	1.859064e-03	9.393004e-05	-9.393004e-05	8.546413e-03	-9.327894e-03
242           	3.757215e-03	-2.162706e-20	-7.812171e-04	1.953043e-05	8.936645e-03	9.393038e-05	1.898138e-03	1.859077e-03	9.393038e-05	-9.393038e-05	8.546036e-03	-9.327253e-03
243           	3.757175e-03	-2.162715e-20	-7.808746e-04	1.952187e-05	8.935839e-03	9.392936e-05	1.898109e-03	1.859065e-03	9.392936e-05	-9.392936e-05	8.545402e-03	-9.326277e-03
244           	3.757083e-03	-2.162604e-20	-7.805035e-04	1.951259e-05	8.934859e-03	9.392708e-05	1.898054e-03	1.859029e-03	9.392708e-05	-9.392708e-05	8.544607e-03	-9.325111e-03
245           	3.756951e-03	-2.162405e-20	-7.801783e-04	1.950446e-05	8.933876e-03	9.392378e-05	1.897980e-03	1.858971e-03	9.392378e-05	-9.392378e-05	8.543787e-03	-9.323965e-03
246           	3.756821e-03	-2.162158e-20	-7.800056e-04	1.950014e-05	8.933212e-03	9.392052e-05	1.897910e-03	1.858910e-03	9.392052e-05	-9.392052e-05	8.543210e-03	-9.323215e-03
247           	3.756726e-03	-2.161905e-20	-7.800261e-04	1.950065e-05	8.933030e-03	9.391814e-05	1.897863e-03	1.858862e-03	9.391814e-05	-9.391814e-05	8.543017e-03	-9.323043e-03
248           	3.756703e-03	-2.161738e-20	-7.802422e-04	1.950606e-05	8.933419e-03	9.391757e-05	1.897857e-03	1.858845e-03	9.391757e-05	-9.391757e-05	8.543298e-03	-9.323540e-03
249           	3.756730e-03	-2.161707e-20	-7.805419e-04	1.951355e-05	8.934102e-03	9.391824e-05	1.897878e-03	1.858851e-03	9.391824e-05	-9.391824e-05	8.543831e-03	-9.324373e-03
250           	3.756805e-03	-2.161795e-20	-7.808810e-04	1.952203e-05	8.934979e-03	9.392011e-05	1.897924e-03	1.858880e-03	9.392011e-05	-9.392011e-05	8.544538e-03	-9.325420e-03
251           	3.756923e-03	-2.161959e-20	-7.811943e-04	1.952986e-05	8.935903e-03	9.392307e-05	1.897991e-03	1.858931e-03	9.392307e-05	-9.392307e-05	8.545306e-03	-9.326500e-03
252           	3.757049e-03	-2.162192e-20	-7.813834e-04	1.953458e-05	8.936590e-03	9.392622e-05	1.898059e-03	1.858990e-03	9.392622e-05	-9.392622e-05	8.545898e-03	-9.327281e-03
253           	3.757129e-03	-2.162437e-20	-7.813772e-04	1.953443e-05	8.936767e-03	9.392823e-05	1.898099e-03	1.859030e-03	9.392823e-05	-9.392823e-05	8.546079e-03	-9.327456e-03
254           	3.757175e-03	-2.162600e-20	-7.812372e-04	1.953093e-05	8.936587e-03	9.392936e-05	1.898118e-03	1.859056e-03	9.392936e-05	-9.392936e-05	8.545968e-03	-9.327206e-03
255           	3.757151e-03	-2.162630e-20	-7.809594e-04	1.952399e-05	8.935958e-03	9.392876e-05	1.898099e-03	1.859051e-03	9.392876e-05	-9.392876e-05	8.545479e-03	-9.326438e-03
256           	3.757094e-03	-2.162580e-20	-7.806640e-04	1.951660e-05	8.935215e-03	9.392736e-05	1.898064e-03	1.859031e-03	9.392736e-05	-9.392736e-05	8.544883e-03	-9.325547e-03
257           	3.756992e-03	-2.162445e-20	-7.803670e-04	1.950918e-05	8.934361e-03	9.392479e-05	1.898005e-03	1.858987e-03	9.392479e-05	-9.392479e-05	8.544177e-03	-9.324544e-03
258           	3.756880e-03	-2.162244e-20	-7.801749e-04	1.950437e-05	8.933702e-03	9.392200e-05	1.897944e-03	1.858936e-03	9.392200e-05	-9.392200e-05	8.543614e-03	-9.323789e-03
259           	3.756793e-03	-2.162015e-20	-7.801387e-04	1.950347e-05	8.933421e-03	9.391982e-05	1.897900e-03	1.858893e-03	9.391982e-05	-9.391982e-05	8.543352e-03	-9.323490e-03
260           	3.756745e-03	-2.161848e-20	-7.802518e-04	1.950630e-05	8.933541e-03	9.391863e-05	1.897879e-03	1.858866e-03	9.391863e-05	-9.391863e-05	8.543415e-03	-9.323666e-03
261           	3.756760e-03	-2.161793e-20	-7.804913e-04	1.951228e-05	8.934069e-03	9.391900e-05	1.897892e-03	1.858868e-03	9.391900e-05	-9.391900e-05	8.543823e-03	-9.324315e-03
262           	3.756805e-03	-2.161821e-20	-7.807552e-04	1.951888e-05	8.934720e-03	9.392011e-05	1.897921e-03	1.858883e-03	9.392011e-05	-9.392011e-05	8.544343e-03	-9.325098e-03
263           	3.756895e-03	-2.161937e-20	-7.810314e-04	1.952579e-05	8.935502e-03	9.392237e-05	1.897973e-03	1.858922e-03	9.392237e-05	-9.392237e-05	8.544987e-03	-9.326018e-03
264           	3.756996e-03	-2.162117e-20	-7.812193e-04	1.953048e-05	8.936129e-03	9.392490e-05	1.898029e-03	1.858968e-03	9.392490e-05	-9.392490e-05	8.545520e-03	-9.326739e-03
265           	3.757079e-03	-2.162329e-20	-7.812686e-04	1.953172e-05	8.936427e-03	9.392698e-05	1.898071e-03	1.859008e-03	9.392698e-05	-9.392698e-05	8.545793e-03	-9.327062e-03
266           	3.757128e-03	-2.162498e-20	-7.811835e-04	1.952959e-05	8.936367e-03	9.392820e-05	1.898094e-03	1.859034e-03	9.392820e-05	-9.392820e-05	8.545775e-03	-9.326959e-03
267           	3.757118e-03	-2.162548e-20	-7.809710e-04	1.952427e-05	8.935908e-03	9.392795e-05	1.898083e-03	1.859035e-03	9.392795e-05	-9.392795e-05	8.545422e-03	-9.326393e-03
268           	3.757084e-03	-2.162528e-20	-7.807369e-04	1.951842e-05	8.935343e-03	9.392711e-05	1.898061e-03	1.859024e-03	9.392711e-05	-9.392711e-05	8.544974e-03	-9.325711e-03
269           	3.757005e-03	-2.162430e-20	-7.804775e-04	1.951194e-05	8.934621e-03	9.392512e-05	1.898014e-03	1.858991e-03	9.392512e-05	-9.392512e-05	8.544382e-03	-9.324860e-03
270           	3.756913e-03	-2.162276e-20	-7.802931e-04	1.950733e-05	8.934024e-03	9.392283e-05	1.897964e-03	1.858949e-03	9.392283e-05	-9.392283e-05	8.543878e-03	-9.324171e-03
271           	3.756833e-03	-2.162089e-20	-7.802269e-04	1.950567e-05	8.933699e-03	9.392083e-05	1.897922e-03	1.858911e-03	9.392083e-05	-9.392083e-05	8.543585e-03	-9.323812e-03
272           	3.756783e-03	-2.161928e-20	-7.802867e-04	1.950717e-05	8.933703e-03	9.391957e-05	1.897899e-03	1.858884e-03	9.391957e-05	-9.391957e-05	8.543559e-03	-9.323846e-03
273           	3.756786e-03	-2.161869e-20	-7.804699e-04	1.951175e-05	8.934086e-03	9.391966e-05	1.897905e-03	1.858881e-03	9.391966e-05	-9.391966e-05	8.543851e-03	-9.324321e-03
274           	3.756811e-03	-2.161872e-20	-7.806773e-04	1.951693e-05	8.934575e-03	9.392028e-05	1.897922e-03	1.858889e-03	9.392028e-05	-9.392028e-05	8.544236e-03	-9.324913e-03
275           	3.756879e-03	-2.161954e-20	-7.809171e-04	1.952293e-05	8.935229e-03	9.392197e-05	1.897962e-03	1.858916e-03	9.392197e-05	-9.392197e-05	8.544770e-03	-9.325687e-03
276           	3.756961e-03	-2.162086e-20	-7.810988e-04	1.952747e-05	8.935798e-03	9.392403e-05	1.898008e-03	1.858953e-03	9.392403e-05	-9.392403e-05	8.545249e-03	-9.326348e-03
277           	3.757039e-03	-2.162254e-20	-7.811820e-04	1.952955e-05	8.936154e-03	9.392599e-05	1.898049e-03	1.858990e-03	9.392599e-05	-9.392599e-05	8.545563e-03	-9.326745e-03
278           	3.757091e-03	-2.162408e-20	-7.811447e-04	1.952862e-05	8.936198e-03	9.392727e-05	1.898074e-03	1.859017e-03	9.392727e-05	-9.392727e-05	8.545626e-03	-9.326771e-03
279           	3.757097e-03	-2.162481e-20	-7.809928e-04	1.952482e-05	8.935901e-03	9.392742e-05	1.898073e-03	1.859024e-03	9.392742e-05	-9.392742e-05	8.545405e-03	-9.326397e-03
280           	3.757072e-03	-2.162481e-20	-7.807986e-04	1.951996e-05	8.935441e-03	9.392680e-05	1.898056e-03	1.859016e-03	9.392680e-05	-9.392680e-05	8.545041e-03	-9.325840e-03
281           	3.757019e-03	-2.162416e-20	-7.805907e-04	1.951477e-05	8.934888e-03	9.392548e-05	1.898024e-03	1.858995e-03	9.392548e-05	-9.392548e-05	8.544592e-03	-9.325183e-03
282           	3.756945e-03	-2.162302e-20	-7.804117e-04	1.951029e-05	8.934342e-03	9.392361e-05	1.897983e-03	1.858962e-03	9.392361e-05	-9.392361e-05	8.544136e-03	-9.324548e-03
283           	3.756871e-03	-2.162154e-20	-7.803201e-04	1.950800e-05	8.933980e-03	9.392178e-05	1.897944e-03	1.858928e-03	9.392178e-05	-9.392178e-05	8.543820e-03	-9.324140e-03
284           	3.756829e-03	-2.162013e-20	-7.803447e-04	1.950862e-05	8.933931e-03	9.392072e-05	1.897923e-03	1.858906e-03	9.392072e-05	-9.392072e-05	8.543758e-03	-9.324103e-03
285           	3.756805e-03	-2.161926e-20	-7.804412e-04	1.951103e-05	8.934073e-03	9.392012e-05	1.897913e-03	1.858891e-03	9.392012e-05	-9.392012e-05	8.543852e-03	-9.324294e-03
286           	3.756826e-03	-2.161924e-20	-7.806227e-04	1.951557e-05	8.934496e-03	9.392064e-05	1.897928e-03	1.858897e-03	9.392064e-05	-9.392064e-05	8.544185e-03	-9.324808e-03
287           	3.756865e-03	-2.161971e-20	-7.808054e-04	1.952014e-05	8.934968e-03	9.392163e-05	1.897953e-03	1.858912e-03	9.392163e-05	-9.392163e-05	8.544565e-03	-9.325370e-03
288           	3.756931e-03	-2.162062e-20	-7.809801e-04	1.952450e-05	8.935482e-03	9.392327e-05	1.897990e-03	1.858941e-03	9.392327e-05	-9.392327e-05	8.544992e-03	-9.325972e-03
289           	3.757000e-03	-2.162180e-20	-7.810850e-04	1.952712e-05	8.935861e-03	9.392500e-05	1.898027e-03	1.858973e-03	9.392500e-05	-9.392500e-05	8.545319e-03	-9.326404e-03
290           	3.757046e-03	-2.162311e-20	-7.810859e-04	1.952715e-05	8.935972e-03	9.392615e-05	1.898050e-03	1.858996e-03	9.392615e-05	-9.392615e-05	8.545429e-03	-9.326515e-03
291           	3.757072e-03	-2.162406e-20	-7.810093e-04	1.952523e-05	8.935876e-03	9.392680e-05	1.898061e-03	1.859011e-03	9.392680e-05	-9.392680e-05	8.545371e-03	-9.326380e-03
292           	3.757060e-03	-2.162432e-20	-7.808578e-04	1.952144e-05	8.935535e-03	9.392651e-05	1.898052e-03	1.859009e-03	9.392651e-05	-9.392651e-05	8.545106e-03	-9.325964e-03
293           	3.757030e-03	-2.162407e-20	-7.806936e-04	1.951734e-05	8.935123e-03	9.392574e-05	1.898032e-03	1.858997e-03	9.392574e-05	-9.392574e-05	8.544776e-03	-9.325470e-03
294           	3.756973e-03	-2.162332e-20	-7.805283e-04	1.951321e-05	8.934649e-03	9.392432e-05	1.898000e-03	1.858973e-03	9.392432e-05	-9.392432e-05	8.544384e-03	-9.324913e-03
295           	3.756908e-03	-2.162219e-20	-7.804192e-04	1.951048e-05	8.934273e-03	9.392271e-05	1.897965e-03	1.858944e-03	9.392271e-05	-9.392271e-05	8.544063e-03	-9.324482e-03
296           	3.756862e-03	-2.162090e-20	-7.804030e-04	1.951007e-05	8.934129e-03	9.392155e-05	1.897941e-03	1.858921e-03	9.392155e-05	-9.392155e-05	8.543927e-03	-9.324330e-03
297           	3.756835e-03	-2.161997e-20	-7.804638e-04	1.951160e-05	8.934191e-03	9.392088e-05	1.897929e-03	1.858906e-03	9.392088e-05	-9.392088e-05	8.543959e-03	-9.324423e-03
298           	3.756843e-03	-2.161968e-20	-7.805950e-04	1.951487e-05	8.934479e-03	9.392107e-05	1.897936e-03	1.858906e-03	9.392107e-05	-9.392107e-05	8.544181e-03	-9.324776e-03
299           	3.756867e-03	-2.161984e-20	-7.807399e-04	1.951850e-05	8.934835e-03	9.392166e-05	1.897952e-03	1.858915e-03	9.392166e-05	-9.392166e-05	8.544465e-03	-9.325205e-03
300           	3.756916e-03	-2.162048e-20	-7.808932e-04	1.952233e-05	8.935268e-03	9.392290e-05	1.897980e-03	1.858936e-03	9.392290e-05	-9.392290e-05	8.544821e-03	-9.325715e-03
301           	3.756972e-03	-2.162147e-20	-7.809977e-04	1.952494e-05	8.935616e-03	9.392430e-05	1.898011e-03	1.858961e-03	9.392430e-05	-9.392430e-05	8.545117e-03	-9.326114e-03
302           	3.757019e-03	-2.162264e-20	-7.810267e-04	1.952567e-05	8.935785e-03	9.392546e-05	1.898035e-03	1.858984e-03	9.392546e-05	-9.392546e-05	8.545272e-03	-9.326298e-03
303           	3.757046e-03	-2.162358e-20	-7.809808e-04	1.952452e-05	8.935755e-03	9.392614e-05	1.898047e-03	1.858998e-03	9.392614e-05	-9.392614e-05	8.545264e-03	-9.326245e-03
304           	3.757041e-03	-2.162387e-20	-7.808649e-04	1.952162e-05	8.935506e-03	9.392602e-05	1.898042e-03	1.858999e-03	9.392602e-05	-9.392602e-05	8.545073e-03	-9.325938e-03
305           	3.757023e-03	-2.162377e-20	-7.807365e-04	1.951841e-05	8.935197e-03	9.392558e-05	1.898030e-03	1.858993e-03	9.392558e-05	-9.392558e-05	8.544829e-03	-9.325566e-03
306           	3.756980e-03	-2.162323e-20	-7.805932e-04	1.951483e-05	8.934800e-03	9.392450e-05	1.898005e-03	1.858975e-03	9.392450e-05	-9.392450e-05	8.544504e-03	-9.325097e-03
307           	3.756929e-03	-2.162239e-20	-7.804903e-04	1.951226e-05	8.934469e-03	9.392323e-05	1.897977e-03	1.858952e-03	9.392323e-05	-9.392323e-05	8.544224e-03	-9.324714e-03
308           	3.756885e-03	-2.162135e-20	-7.804519e-04	1.951130e-05	8.934285e-03	9.392213e-05	1.897954e-03	1.858931e-03	9.392213e-05	-9.392213e-05	8.544059e-03	-9.324511e-03
309           	3.756857e-03	-2.162046e-20	-7.804833e-04	1.951208e-05	8.934282e-03	9.392142e-05	1.897940e-03	1.858916e-03	9.392142e-05	-9.392142e-05	8.544041e-03	-9.324524e-03
310           	3.756858e-03	-2.162012e-20	-7.805833e-04	1.951458e-05	8.934491e-03	9.392145e-05	1.897944e-03	1.858914e-03	9.392145e-05	-9.392145e-05	8.544199e-03	-9.324782e-03
311           	3.756871e-03	-2.162013e-20	-7.806968e-04	1.951742e-05	8.934757e-03	9.392178e-05	1.897953e-03	1.858918e-03	9.392178e-05	-9.392178e-05	8.544409e-03	-9.325105e-03
312           	3.756908e-03	-2.162057e-20	-7.808291e-04	1.952073e-05	8.935117e-03	9.392270e-05	1.897975e-03	1.858933e-03	9.392270e-05	-9.392270e-05	8.544702e-03	-9.325531e-03
313           	3.756953e-03	-2.162130e-20	-7.809300e-04	1.952325e-05	8.935432e-03	9.392383e-05	1.898000e-03	1.858953e-03	9.392383e-05	-9.392383e-05	8.544967e-03	-9.325897e-03
314           	3.756997e-03	-2.162222e-20	-7.809774e-04	1.952444e-05	8.935632e-03	9.392492e-05	1.898023e-03	1.858974e-03	9.392492e-05	-9.392492e-05	8.545143e-03	-9.326120e-03
315           	3.757025e-03	-2.162308e-20	-7.809581e-04	1.952395e-05	8.935659e-03	9.392563e-05	1.898037e-03	1.858989e-03	9.392563e-05	-9.392563e-05	8.545180e-03	-9.326138e-03
316           	3.757029e-03	-2.162349e-20	-7.808754e-04	1.952188e-05	8.935498e-03	9.392572e-05	1.898036e-03	1.858993e-03	9.392572e-05	-9.392572e-05	8.545061e-03	-9.325936e-03
317           	3.757016e-03	-2.162350e-20	-7.807690e-04	1.951922e-05	8.935247e-03	9.392539e-05	1.898027e-03	1.858989e-03	9.392539e-05	-9.392539e-05	8.544862e-03	-9.325631e-03
318           	3.756987e-03	-2.162315e-20	-7.806546e-04	1.951636e-05	8.934943e-03	9.392468e-05	1.898010e-03	1.858977e-03	9.392468e-05	-9.392468e-05	8.544616e-03	-9.325271e-03
319           	3.756946e-03	-2.162252e-20	-7.805553e-04	1.951388e-05	8.934642e-03	9.392365e-05	1.897987e-03	1.858959e-03	9.392365e-05	-9.392365e-05	8.544364e-03	-9.324920e-03
320           	3.756905e-03	-2.162172e-20	-7.805035e-04	1.951259e-05	8.934439e-03	9.392264e-05	1.897965e-03	1.858940e-03	9.392264e-05	-9.392264e-05	8.544188e-03	-9.324691e-03
321           	3.756882e-03	-2.162093e-20	-7.805158e-04	1.951290e-05	8.934409e-03	9.392204e-05	1.897954e-03	1.858928e-03	9.392204e-05	-9.392204e-05	8.544151e-03	-9.324667e-03
322           	3.756868e-03	-2.162045e-20	-7.805683e-04	1.951421e-05	8.934485e-03	9.392171e-05	1.897948e-03	1.858920e-03	9.392171e-05	-9.392171e-05	8.544201e-03	-9.324769e-03
323           	3.756880e-03	-2.162043e-20	-7.806677e-04	1.951669e-05	8.934716e-03	9.392199e-05	1.897956e-03	1.858923e-03	9.392199e-05	-9.392199e-05	8.544382e-03	-9.325050e-03
324           	3.756901e-03	-2.162068e-20	-7.807682e-04	1.951920e-05	8.934975e-03	9.392252e-05	1.897970e-03	1.858931e-03	9.392252e-05	-9.392252e-05	8.544591e-03	-9.325359e-03
325           	3.756937e-03	-2.162118e-20	-7.808648e-04	1.952162e-05	8.935259e-03	9.392342e-05	1.897990e-03	1.858947e-03	9.392342e-05	-9.392342e-05	8.544826e-03	-9.325691e-03
326           	3.756975e-03	-2.162183e-20	-7.809236e-04	1.952309e-05	8.935470e-03	9.392438e-05	1.898011e-03	1.858965e-03	9.392438e-05	-9.392438e-05	8.545008e-03	-9.325932e-03
327           	3.757001e-03	-2.162255e-20	-7.809252e-04	1.952313e-05	8.935534e-03	9.392503e-05	1.898024e-03	1.858977e-03	9.392503e-05	-9.392503e-05	8.545072e-03	-9.325997e-03
328           	3.757015e-03	-2.162308e-20	-7.808829e-04	1.952207e-05	8.935481e-03	9.392538e-05	1.898030e-03	1.858986e-03	9.392538e-05	-9.392538e-05	8.545039e-03	-9.325922e-03
329           	3.757009e-03	-2.162322e-20	-7.808000e-04	1.952000e-05	8.935295e-03	9.392522e-05	1.898024e-03	1.858984e-03	9.392522e-05	-9.392522e-05	8.544895e-03	-9.325695e-03
330           	3.756992e-03	-2.162309e-20	-7.807098e-04	1.951774e-05	8.935069e-03	9.392480e-05	1.898014e-03	1.858978e-03	9.392480e-05	-9.392480e-05	8.544714e-03	-9.325424e-03
331           	3.756961e-03	-2.162268e-20	-7.806187e-04	1.951547e-05	8.934808e-03	9.392403e-05	1.897996e-03	1.858965e-03	9.392403e-05	-9.392403e-05	8.544498e-03	-9.325117e-03
332           	3.756926e-03	-2.162206e-20	-7.805582e-04	1.951395e-05	8.934600e-03	9.392314e-05	1.897977e-03	1.858949e-03	9.392314e-05	-9.392314e-05	8.544321e-03	-9.324879e-03
333           	3.756900e-03	-2.162135e-20	-7.805487e-04	1.951372e-05	8.934519e-03	9.392250e-05	1.897964e-03	1.858936e-03	9.392250e-05	-9.392250e-05	8.544245e-03	-9.324794e-03
334           	3.756885e-03	-2.162083e-20	-7.805817e-04	1.951454e-05	8.934552e-03	9.392213e-05	1.897957e-03	1.858928e-03	9.392213e-05	-9.392213e-05	8.544261e-03	-9.324843e-03
335           	3.756889e-03	-2.162067e-20	-7.806538e-04	1.951634e-05	8.934710e-03	9.392223e-05	1.897961e-03	1.858928e-03	9.392223e-05	-9.392223e-05	8.544383e-03	-9.325037e-03
336           	3.756902e-03	-2.162076e-20	-7.807334e-04	1.951833e-05	8.934905e-03	9.392255e-05	1.897969e-03	1.858933e-03	9.392255e-05	-9.392255e-05	8.544539e-03	-9.325272e-03
337           	3.756929e-03	-2.162111e-20	-7.808178e-04	1.952045e-05	8.935144e-03	9.392323e-05	1.897985e-03	1.858944e-03	9.392323e-05	-9.392323e-05	8.544735e-03	-9.325553e-03
338           	3.756960e-03	-2.162165e-20	-7.808756e-04	1.952189e-05	8.935336e-03	9.392400e-05	1.898002e-03	1.858958e-03	9.392400e-05	-9.392400e-05	8.544898e-03	-9.325773e-03
339           	3.756986e-03	-2.162230e-20	-7.808921e-04	1.952230e-05	8.935430e-03	9.392464e-05	1.898015e-03	1.858971e-03	9.392464e-05	-9.392464e-05	8.544984e-03	-9.325876e-03
340           	3.757001e-03	-2.162282e-20	-7.808672e-04	1.952168e-05	8.935414e-03	9.392502e-05	1.898022e-03	1.858979e-03	9.392502e-05	-9.392502e-05	8.544981e-03	-9.325848e-03
341           	3.756998e-03	-2.162298e-20	-7.808037e-04	1.952009e-05	8.935278e-03	9.392496e-05	1.898019e-03	1.858979e-03	9.392496e-05	-9.392496e-05	8.544876e-03	-9.325680e-03
342           	3.756989e-03	-2.162292e-20	-7.807332e-04	1.951833e-05	8.935109e-03	9.392471e-05	1.898013e-03	1.858976e-03	9.392471e-05	-9.392471e-05	8.544743e-03	-9.325476e-03
343           	3.756965e-03	-2.162263e-20	-7.806544e-04	1.951636e-05	8.934891e-03	9.392412e-05	1.897999e-03	1.858966e-03	9.392412e-05	-9.392412e-05	8.544564e-03	-9.325218e-03
344           	3.756937e-03	-2.162217e-20	-7.805976e-04	1.951494e-05	8.934708e-03	9.392343e-05	1.897984e-03	1.858954e-03	9.392343e-05	-9.392343e-05	8.544409e-03	-9.325007e-03
345           	3.756913e-03	-2.162160e-20	-7.805760e-04	1.951440e-05	8.934606e-03	9.392282e-05	1.897971e-03	1.858942e-03	9.392282e-05	-9.392282e-05	8.544318e-03	-9.324894e-03
346           	3.756897e-03	-2.162111e-20	-7.805929e-04	1.951482e-05	8.934604e-03	9.392243e-05	1.897963e-03	1.858934e-03	9.392243e-05	-9.392243e-05	8.544307e-03	-9.324900e-03
347           	3.756898e-03	-2.162092e-20	-7.806477e-04	1.951619e-05	8.934718e-03	9.392244e-05	1.897965e-03	1.858933e-03	9.392244e-05	-9.392244e-05	8.544394e-03	-9.325042e-03
348           	3.756905e-03	-2.162092e-20	-7.807099e-04	1.951775e-05	8.934863e-03	9.392262e-05	1.897970e-03	1.858935e-03	9.392262e-05	-9.392262e-05	8.544508e-03	-9.325218e-03
349           	3.756925e-03	-2.162116e-20	-7.807827e-04	1.951957e-05	8.935061e-03	9.392312e-05	1.897982e-03	1.858943e-03	9.392312e-05	-9.392312e-05	8.544669e-03	-9.325452e-03
350           	3.756950e-03	-2.162156e-20	-7.808383e-04	1.952096e-05	8.935234e-03	9.392375e-05	1.897996e-03	1.858954e-03	9.392375e-05	-9.392375e-05	8.544815e-03	-9.325653e-03
351           	3.756974e-03	-2.162207e-20	-7.808647e-04	1.952162e-05	8.935345e-03	9.392434e-05	1.898008e-03	1.858965e-03	9.392434e-05	-9.392434e-05	8.544913e-03	-9.325777e-03
352           	3.756989e-03	-2.162254e-20	-7.808543e-04	1.952136e-05	8.935361e-03	9.392474e-05	1.898016e-03	1.858973e-03	9.392474e-05	-9.392474e-05	8.544934e-03	-9.325788e-03
353           	3.756992e-03	-2.162277e-20	-7.808091e-04	1.952023e-05	8.935273e-03	9.392479e-05	1.898016e-03	1.858976e-03	9.392479e-05	-9.392479e-05	8.544869e-03	-9.325678e-03
354           	3.756984e-03	-2.162277e-20	-7.807507e-04	1.951877e-05	8.935135e-03	9.392461e-05	1.898011e-03	1.858973e-03	9.392461e-05	-9.392461e-05	8.544760e-03	-9.325511e-03
355           	3.756969e-03	-2.162258e-20	-7.806878e-04	1.951720e-05	8.934969e-03	9.392422e-05	1.898002e-03	1.858967e-03	9.392422e-05	-9.392422e-05	8.544625e-03	-9.325313e-03
356           	3.756946e-03	-2.162224e-20	-7.806332e-04	1.951583e-05	8.934803e-03	9.392366e-05	1.897989e-03	1.858957e-03	9.392366e-05	-9.392366e-05	8.544486e-03	-9.325120e-03
357           	3.756924e-03	-2.162180e-20	-7.806044e-04	1.951511e-05	8.934691e-03	9.392310e-05	1.897977e-03	1.858947e-03	9.392310e-05	-9.392310e-05	8.544389e-03	-9.324993e-03
358           	3.756911e-03	-2.162137e-20	-7.806110e-04	1.951527e-05	8.934673e-03	9.392277e-05	1.897971e-03	1.858940e-03	9.392277e-05	-9.392277e-05	8.544368e-03	-9.324979e-03
359           	3.756903e-03	-2.162110e-20	-7.806397e-04	1.951599e-05	8.934715e-03	9.392258e-05	1.897968e-03	1.858936e-03	9.392258e-05	-9.392258e-05	8.544395e-03	-9.325035e-03
360           	3.756909e-03	-2.162108e-20	-7.806942e-04	1.951736e-05	8.934842e-03	9.392274e-05	1.897972e-03	1.858937e-03	9.392274e-05	-9.392274e-05	8.544495e-03	-9.325189e-03
361           	3.756921e-03	-2.162121e-20	-7.807496e-04	1.951874e-05	8.934985e-03	9.392303e-05	1.897979e-03	1.858942e-03	9.392303e-05	-9.392303e-05	8.544610e-03	-9.325359e-03
362           	3.756941e-03	-2.162148e-20	-7.808028e-04	1.952007e-05	8.935141e-03	9.392353e-05	1.897991e-03	1.858951e-03	9.392353e-05	-9.392353e-05	8.544739e-03	-9.325542e-03
363           	3.756962e-03	-2.162185e-20	-7.808352e-04	1.952088e-05	8.935257e-03	9.392406e-05	1.898002e-03	1.858960e-03	9.392406e-05	-9.392406e-05	8.544840e-03	-9.325675e-03
364           	3.756976e-03	-2.162226e-20	-7.808361e-04	1.952090e-05	8.935292e-03	9.392441e-05	1.898009e-03	1.858967e-03	9.392441e-05	-9.392441e-05	8.544874e-03	-9.325710e-03
365           	3.756984e-03	-2.162255e-20	-7.808128e-04	1.952032e-05	8.935263e-03	9.392460e-05	1.898012e-03	1.858972e-03	9.392460e-05	-9.392460e-05	8.544856e-03	-9.325669e-03
366           	3.756981e-03	-2.162263e-20	-7.807675e-04	1.951919e-05	8.935161e-03	9.392452e-05	1.898010e-03	1.858971e-03	9.392452e-05	-9.392452e-05	8.544777e-03	-9.325545e-03
367           	3.756971e-03	-2.162255e-20	-7.807178e-04	1.951794e-05	8.935037e-03	9.392429e-05	1.898004e-03	1.858968e-03	9.392429e-05	-9.392429e-05	8.544678e-03	-9.325395e-03
368           	3.756954e-03	-2.162233e-20	-7.806675e-04	1.951669e-05	8.934892e-03	9.392386e-05	1.897994e-03	1.858960e-03	9.392386e-05	-9.392386e-05	8.544559e-03	-9.325226e-03
369           	3.756935e-03	-2.162198e-20	-7.806344e-04	1.951586e-05	8.934778e-03	9.392337e-05	1.897983e-03	1.858952e-03	9.392337e-05	-9.392337e-05	8.544461e-03	-9.325096e-03
370           	3.756921e-03	-2.162159e-20	-7.806293e-04	1.951573e-05	8.934735e-03	9.392302e-05	1.897976e-03	1.858945e-03	9.392302e-05	-9.392302e-05	8.544420e-03	-9.325049e-03
371           	3.756913e-03	-2.162131e-20	-7.806473e-04	1.951618e-05	8.934752e-03	9.392282e-05	1.897972e-03	1.858940e-03	9.392282e-05	-9.392282e-05	8.544429e-03	-9.325076e-03
372           	3.756915e-03	-2.162122e-20	-7.806869e-04	1.951717e-05	8.934839e-03	9.392287e-05	1.897975e-03	1.858940e-03	9.392287e-05	-9.392287e-05	8.544496e-03	-9.325182e-03
373           	3.756922e-03	-2.162127e-20	-7.807306e-04	1.951827e-05	8.934947e-03	9.392305e-05	1.897979e-03	1.858943e-03	9.392305e-05	-9.392305e-05	8.544581e-03	-9.325312e-03
374           	3.756937e-03	-2.162146e-20	-7.807769e-04	1.951942e-05	8.935077e-03	9.392342e-05	1.897988e-03	1.858949e-03	9.392342e-05	-9.392342e-05	8.544689e-03	-9.325465e-03
375           	3.756954e-03	-2.162176e-20	-7.808087e-04	1.952022e-05	8.935183e-03	9.392384e-05	1.897997e-03	1.858957e-03	9.392384e-05	-9.392384e-05	8.544778e-03	-9.325587e-03
376           	3.756968e-03	-2.162211e-20	-7.808178e-04	1.952044e-05	8.935234e-03	9.392420e-05	1.898004e-03	1.858963e-03	9.392420e-05	-9.392420e-05	8.544826e-03	-9.325643e-03
377           	3.756976e-03	-2.162240e-20	-7.808042e-04	1.952010e-05	8.935226e-03	9.392440e-05	1.898008e-03	1.858968e-03	9.392440e-05	-9.392440e-05	8.544824e-03	-9.325628e-03
378           	3.756975e-03	-2.162249e-20	-7.807694e-04	1.951923e-05	8.935151e-03	9.392437e-05	1.898007e-03	1.858968e-03	9.392437e-05	-9.392437e-05	8.544767e-03	-9.325536e-03
379           	3.756969e-03	-2.162246e-20	-7.807307e-04	1.951827e-05	8.935059e-03	9.392424e-05	1.898003e-03	1.858966e-03	9.392424e-05	-9.392424e-05	8.544693e-03	-9.325424e-03
380           	3.756956e-03	-2.162230e-20	-7.806874e-04	1.951719e-05	8.934939e-03	9.392391e-05	1.897995e-03	1.858961e-03	9.392391e-05	-9.392391e-05	8.544595e-03	-9.325283e-03
381           	3.756941e-03	-2.162204e-20	-7.806562e-04	1.951640e-05	8.934839e-03	9.392353e-05	1.897987e-03	1.858954e-03	9.392353e-05	-9.392353e-05	8.544510e-03	-9.325167e-03
382           	3.756928e-03	-2.162173e-20	-7.806443e-04	1.951611e-05	8.934782e-03	9.392319e-05	1.897980e-03	1.858948e-03	9.392319e-05	-9.392319e-05	8.544460e-03	-9.325104e-03
383           	3.756919e-03	-2.162146e-20	-7.806535e-04	1.951634e-05	8.934781e-03	9.392298e-05	1.897976e-03	1.858943e-03	9.392298e-05	-9.392298e-05	8.544454e-03	-9.325108e-03
384           	3.756920e-03	-2.162136e-20	-7.806836e-04	1.951709e-05	8.934843e-03	9.392299e-05	1.897977e-03	1.858943e-03	9.392299e-05	-9.392299e-05	8.544502e-03	-9.325185e-03
385           	3.756923e-03	-2.162136e-20	-7.807177e-04	1.951794e-05	8.934923e-03	9.392308e-05	1.897980e-03	1.858944e-03	9.392308e-05	-9.392308e-05	8.544564e-03	-9.325282e-03
386           	3.756934e-03	-2.162149e-20	-7.807576e-04	1.951894e-05	8.935032e-03	9.392336e-05	1.897986e-03	1.858948e-03	9.392336e-05	-9.392336e-05	8.544653e-03	-9.325410e-03
387           	3.756948e-03	-2.162171e-20	-7.807882e-04	1.951970e-05	8.935127e-03	9.392370e-05	1.897994e-03	1.858954e-03	9.392370e-05	-9.392370e-05	8.544733e-03	-9.325521e-03
388           	3.756961e-03	-2.162199e-20	-7.808028e-04	1.952007e-05	8.935188e-03	9.392403e-05	1.898001e-03	1.858961e-03	9.392403e-05	-9.392403e-05	8.544786e-03	-9.325589e-03
389           	3.756970e-03	-2.162224e-20	-7.807971e-04	1.951993e-05	8.935197e-03	9.392425e-05	1.898005e-03	1.858965e-03	9.392425e-05	-9.392425e-05	8.544798e-03	-9.325595e-03
390           	3.756971e-03	-2.162237e-20	-7.807723e-04	1.951931e-05	8.935149e-03	9.392428e-05	1.898005e-03	1.858966e-03	9.392428e-05	-9.392428e-05	8.544762e-03	-9.325535e-03
391           	3.756967e-03	-2.162237e-20	-7.807403e-04	1.951851e-05	8.935073e-03	9.392418e-05	1.898002e-03	1.858965e-03	9.392418e-05	-9.392418e-05	8.544703e-03	-9.325443e-03
392           	3.756959e-03	-2.162227e-20	-7.807057e-04	1.951764e-05	8.934982e-03	9.392396e-05	1.897997e-03	1.858962e-03	9.392396e-05	-9.392396e-05	8.544629e-03	-9.325334e-03
393           	3.756946e-03	-2.162208e-20	-7.806757e-04	1.951689e-05	8.934891e-03	9.392366e-05	1.897990e-03	1.858956e-03	9.392366e-05	-9.392366e-05	8.544553e-03	-9.325228e-03
394           	3.756934e-03	-2.162184e-20	-7.806599e-04	1.951650e-05	8.934829e-03	9.392335e-05	1.897983e-03	1.858950e-03	9.392335e-05	-9.392335e-05	8.544499e-03	-9.325159e-03
395           	3.756927e-03	-2.162160e-20	-7.806634e-04	1.951659e-05	8.934819e-03	9.392317e-05	1.897980e-03	1.858947e-03	9.392317e-05	-9.392317e-05	8.544488e-03	-9.325151e-03
396           	3.756923e-03	-2.162145e-20	-7.806792e-04	1.951698e-05	8.934842e-03	9.392307e-05	1.897978e-03	1.858944e-03	9.392307e-05	-9.392307e-05	8.544502e-03	-9.325182e-03
397           	3.756926e-03	-2.162145e-20	-7.807091e-04	1.951773e-05	8.934912e-03	9.392315e-05	1.897981e-03	1.858945e-03	9.392315e-05	-9.392315e-05	8.544557e-03	-9.325266e-03
398           	3.756933e-03	-2.162152e-20	-7.807395e-04	1.951849e-05	8.934990e-03	9.392331e-05	1.897985e-03	1.858948e-03	9.392331e-05	-9.392331e-05	8.544620e-03	-9.325360e-03
399           	3.756943e-03	-2.162166e-20	-7.807687e-04	1.951922e-05	8.935076e-03	9.392358e-05	1.897991e-03	1.858952e-03	9.392358e-05	-9.392358e-05	8.544691e-03	-9.325460e-03
400           	3.756955e-03	-2.162187e-20	-7.807866e-04	1.951966e-05	8.935140e-03	9.392387e-05	1.897997e-03	1.858958e-03	9.392387e-05	-9.392387e-05	8.544746e-03	-9.325533e-03
401           	3.756963e-03	-2.162209e-20	-7.807871e-04	1.951968e-05	8.935159e-03	9.392407e-05	1.898001e-03	1.858962e-03	9.392407e-05	-9.392407e-05	8.544765e-03	-9.325552e-03
402           	3.756967e-03	-2.162225e-20	-7.807743e-04	1.951936e-05	8.935143e-03	9.392417e-05	1.898003e-03	1.858964e-03	9.392417e-05	-9.392417e-05	8.544756e-03	-9.325530e-03
403           	3.756965e-03	-2.162229e-20	-7.807494e-04	1.951874e-05	8.935087e-03	9.392413e-05	1.898001e-03	1.858964e-03	9.392413e-05	-9.392413e-05	8.544712e-03	-9.325462e-03
404           	3.756960e-03	-2.162225e-20	-7.807221e-04	1.951805e-05	8.935019e-03	9.392400e-05	1.897998e-03	1.858962e-03	9.392400e-05	-9.392400e-05	8.544658e-03	-9.325380e-03
405           	3.756951e-03	-2.162213e-20	-7.806946e-04	1.951736e-05	8.934940e-03	9.392376e-05	1.897993e-03	1.858958e-03	9.392376e-05	-9.392376e-05	8.544592e-03	-9.325287e-03
406           	3.756940e-03	-2.162194e-20	-7.806763e-04	1.951691e-05	8.934877e-03	9.392350e-05	1.897987e-03	1.858953e-03	9.392350e-05	-9.392350e-05	8.544539e-03	-9.325215e-03
407           	3.756932e-03	-2.162172e-20	-7.806735e-04	1.951684e-05	8.934853e-03	9.392331e-05	1.897983e-03	1.858949e-03	9.392331e-05	-9.392331e-05	8.544516e-03	-9.325190e-03
408           	3.756928e-03	-2.162157e-20	-7.806834e-04	1.951708e-05	8.934863e-03	9.392319e-05	1.897981e-03	1.858947e-03	9.392319e-05	-9.392319e-05	8.544521e-03	-9.325204e-03
409           	3.756929e-03	-2.162152e-20	-7.807051e-04	1.951763e-05	8.934910e-03	9.392322e-05	1.897982e-03	1.858947e-03	9.392322e-05	-9.392322e-05	8.544558e-03	-9.325263e-03
410           	3.756933e-03	-2.162155e-20	-7.807291e-04	1.951823e-05	8.934969e-03	9.392332e-05	1.897985e-03	1.858948e-03	9.392332e-05	-9.392332e-05	8.544605e-03	-9.325334e-03
411           	3.756941e-03	-2.162165e-20	-7.807545e-04	1.951886e-05	8.935041e-03	9.392353e-05	1.897989e-03	1.858952e-03	9.392353e-05	-9.392353e-05	8.544663e-03	-9.325418e-03
412           	3.756950e-03	-2.162182e-20	-7.807720e-04	1.951930e-05	8.935099e-03	9.392376e-05	1.897994e-03	1.858956e-03	9.392376e-05	-9.392376e-05	8.544713e-03	-9.325485e-03
413           	3.756958e-03	-2.162201e-20	-7.807770e-04	1.951942e-05	8.935127e-03	9.392395e-05	1.897998e-03	1.858960e-03	9.392395e-05	-9.392395e-05	8.544739e-03	-9.325516e-03
414           	3.756963e-03	-2.162217e-20	-7.807695e-04	1.951924e-05	8.935123e-03	9.392406e-05	1.898001e-03	1.858962e-03	9.392406e-05	-9.392406e-05	8.544738e-03	-9.325507e-03
415           	3.756962e-03	-2.162222e-20	-7.807505e-04	1.951876e-05	8.935082e-03	9.392405e-05	1.898000e-03	1.858962e-03	9.392405e-05	-9.392405e-05	8.544706e-03	-9.325457e-03
416           	3.756959e-03	-2.162220e-20	-7.807292e-04	1.951823e-05	8.935031e-03	9.392397e-05	1.897998e-03	1.858961e-03	9.392397e-05	-9.392397e-05	8.544666e-03	-9.325395e-03
417           	3.756952e-03	-2.162211e-20	-7.807055e-04	1.951764e-05	8.934965e-03	9.392379e-05	1.897994e-03	1.858958e-03	9.392379e-05	-9.392379e-05	8.544612e-03	-9.325318e-03
418           	3.756943e-03	-2.162197e-20	-7.806883e-04	1.951721e-05	8.934910e-03	9.392359e-05	1.897989e-03	1.858955e-03	9.392359e-05	-9.392359e-05	8.544566e-03	-9.325254e-03
419           	3.756936e-03	-2.162180e-20	-7.806818e-04	1.951704e-05	8.934879e-03	9.392340e-05	1.897985e-03	1.858951e-03	9.392340e-05	-9.392340e-05	8.544538e-03	-9.325220e-03
420           	3.756931e-03	-2.162165e-20	-7.806868e-04	1.951717e-05	8.934878e-03	9.392328e-05	1.897983e-03	1.858948e-03	9.392328e-05	-9.392328e-05	8.544535e-03	-9.325222e-03
421           	3.756932e-03	-2.162160e-20	-7.807033e-04	1.951758e-05	8.934913e-03	9.392329e-05	1.897983e-03	1.858948e-03	9.392329e-05	-9.392329e-05	8.544561e-03	-9.325264e-03
422           	3.756934e-03	-2.162160e-20	-7.807220e-04	1.951805e-05	8.934956e-03	9.392334e-05	1.897985e-03	1.858949e-03	9.392334e-05	-9.392334e-05	8.544595e-03	-9.325317e-03
423           	3.756940e-03	-2.162167e-20	-7.807440e-04	1.951860e-05	8.935016e-03	9.392349e-05	1.897988e-03	1.858951e-03	9.392349e-05	-9.392349e-05	8.544644e-03	-9.325388e-03
424           	3.756947e-03	-2.162179e-20	-7.807607e-04	1.951902e-05	8.935068e-03	9.392368e-05	1.897993e-03	1.858955e-03	9.392368e-05	-9.392368e-05	8.544688e-03	-9.325448e-03
425           	3.756954e-03	-2.162194e-20	-7.807687e-04	1.951922e-05	8.935102e-03	9.392386e-05	1.897996e-03	1.858958e-03	9.392386e-05	-9.392386e-05	8.544717e-03	-9.325486e-03
426           	3.756959e-03	-2.162208e-20	-7.807656e-04	1.951914e-05	8.935106e-03	9.392398e-05	1.897999e-03	1.858960e-03	9.392398e-05	-9.392398e-05	8.544724e-03	-9.325489e-03
427           	3.756960e-03	-2.162215e-20	-7.807520e-04	1.951880e-05	8.935080e-03	9.392399e-05	1.897999e-03	1.858961e-03	9.392399e-05	-9.392399e-05	8.544704e-03	-9.325456e-03
428           	3.756958e-03	-2.162215e-20	-7.807345e-04	1.951836e-05	8.935039e-03	9.392394e-05	1.897997e-03	1.858960e-03	9.392394e-05	-9.392394e-05	8.544671e-03	-9.325406e-03
429           	3.756953e-03	-2.162210e-20	-7.807155e-04	1.951789e-05	8.934988e-03	9.392382e-05	1.897994e-03	1.858959e-03	9.392382e-05	-9.392382e-05	8.544631e-03	-9.325346e-03
430           	3.756946e-03	-2.162199e-20	-7.806990e-04	1.951748e-05	8.934938e-03	9.392365e-05	1.897991e-03	1.858956e-03	9.392365e-05	-9.392365e-05	8.544589e-03	-9.325288e-03
431           	3.756939e-03	-2.162186e-20	-7.806903e-04	1.951726e-05	8.934905e-03	9.392349e-05	1.897987e-03	1.858952e-03	9.392349e-05	-9.392349e-05	8.544560e-03	-9.325250e-03
432           	3.756935e-03	-2.162173e-20	-7.806923e-04	1.951731e-05	8.934899e-03	9.392339e-05	1.897985e-03	1.858950e-03	9.392339e-05	-9.392339e-05	8.544553e-03	-9.325245e-03
433           	3.756933e-03	-2.162165e-20	-7.807009e-04	1.951752e-05	8.934912e-03	9.392333e-05	1.897984e-03	1.858949e-03	9.392333e-05	-9.392333e-05	8.544561e-03	-9.325262e-03
434           	3.756935e-03	-2.162165e-20	-7.807173e-04	1.951793e-05	8.934950e-03	9.392338e-05	1.897985e-03	1.858950e-03	9.392338e-05	-9.392338e-05	8.544591e-03	-9.325309e-03
435           	3.756939e-03	-2.162168e-20	-7.807340e-04	1.951835e-05	8.934993e-03	9.392347e-05	1.897988e-03	1.858951e-03	9.392347e-05	-9.392347e-05	8.544626e-03	-9.325360e-03
436           	3.756945e-03	-2.162176e-20	-7.807501e-04	1.951875e-05	8.935040e-03	9.392361e-05	1.897991e-03	1.858954e-03	9.392361e-05	-9.392361e-05	8.544665e-03	-9.325415e-03
437           	3.756951e-03	-2.162188e-20	-7.807599e-04	1.951900e-05	8.935075e-03	9.392377e-05	1.897994e-03	1.858956e-03	9.392377e-05	-9.392377e-05	8.544695e-03	-9.325455e-03
438           	3.756955e-03	-2.162200e-20	-7.807601e-04	1.951900e-05	8.935086e-03	9.392388e-05	1.897997e-03	1.858959e-03	9.392388e-05	-9.392388e-05	8.544706e-03	-9.325466e-03
439           	3.756958e-03	-2.162209e-20	-7.807531e-04	1.951883e-05	8.935077e-03	9.392394e-05	1.897998e-03	1.858960e-03	9.392394e-05	-9.392394e-05	8.544700e-03	-9.325453e-03
440           	3.756957e-03	-2.162211e-20	-7.807395e-04	1.951849e-05	8.935046e-03	9.392391e-05	1.897997e-03	1.858960e-03	9.392391e-05	-9.392391e-05	8.544677e-03	-9.325416e-03
441           	3.756954e-03	-2.162209e-20	-7.807245e-04	1.951811e-05	8.935009e-03	9.392384e-05	1.897995e-03	1.858959e-03	9.392384e-05	-9.392384e-05	8.544647e-03	-9.325371e-03
442           	3.756949e-03	-2.162202e-20	-7.807094e-04	1.951773e-05	8.934965e-03	9.392371e-05	1.897992e-03	1.858957e-03	9.392371e-05	-9.392371e-05	8.544611e-03	-9.325320e-03
443           	3.756943e-03	-2.162192e-20	-7.806994e-04	1.951748e-05	8.934931e-03	9.392357e-05	1.897989e-03	1.858954e-03	9.392357e-05	-9.392357e-05	8.544581e-03	-9.325281e-03
444           	3.756938e-03	-2.162180e-20	-7.806978e-04	1.951745e-05	8.934918e-03	9.392346e-05	1.897987e-03	1.858952e-03	9.392346e-05	-9.392346e-05	8.544569e-03	-9.325267e-03
445           	3.756936e-03	-2.162171e-20	-7.807032e-04	1.951758e-05	8.934923e-03	9.392340e-05	1.897986e-03	1.858950e-03	9.392340e-05	-9.392340e-05	8.544571e-03	-9.325275e-03
446           	3.756937e-03	-2.162169e-20	-7.807152e-04	1.951788e-05	8.934949e-03	9.392342e-05	1.897986e-03	1.858950e-03	9.392342e-05	-9.392342e-05	8.544592e-03	-9.325307e-03
447           	3.756939e-03	-2.162170e-20	-7.807283e-04	1.951821e-05	8.934982e-03	9.392347e-05	1.897988e-03	1.858951e-03	9.392347e-05	-9.392347e-05	8.544617e-03	-9.325346e-03
448           	3.756943e-03	-2.162176e-20	-7.807423e-04	1.951856e-05	8.935021e-03	9.392358e-05	1.897990e-03	1.858953e-03	9.392358e-05	-9.392358e-05	8.544650e-03	-9.325392e-03
449           	3.756948e-03	-2.162185e-20	-7.807519e-04	1.951880e-05	8.935053e-03	9.392371e-05	1.897993e-03	1.858955e-03	9.392371e-05	-9.392371e-05	8.544677e-03	-9.325429e-03
450           	3.756953e-03	-2.162195e-20	-7.807546e-04	1.951887e-05	8.935068e-03	9.392382e-05	1.897995e-03	1.858957e-03	9.392382e-05	-9.392382e-05	8.544691e-03	-9.325446e-03
451           	3.756955e-03	-2.162204e-20	-7.807505e-04	1.951876e-05	8.935066e-03	9.392388e-05	1.897996e-03	1.858959e-03	9.392388e-05	-9.392388e-05	8.544691e-03	-9.325441e-03
452           	3.756955e-03	-2.162207e-20	-7.807400e-04	1.951850e-05	8.935043e-03	9.392387e-05	1.897996e-03	1.858959e-03	9.392387e-05	-9.392387e-05	8.544673e-03	-9.325413e-03
453           	3.756953e-03	-2.162206e-20	-7.807284e-04	1.951821e-05	8.935015e-03	9.392383e-05	1.897995e-03	1.858958e-03	9.392383e-05	-9.392383e-05	8.544651e-03	-9.325380e-03
454           	3.756949e-03	-2.162201e-20	-7.807154e-04	1.951788e-05	8.934979e-03	9.392373e-05	1.897992e-03	1.858957e-03	9.392373e-05	-9.392373e-05	8.544622e-03	-9.325337e-03
455           	3.756945e-03	-2.162193e-20	-7.807059e-04	1.951765e-05	8.934949e-03	9.392362e-05	1.897990e-03	1.858955e-03	9.392362e-05	-9.392362e-05	8.544596e-03	-9.325302e-03
456           	3.756941e-03	-2.162184e-20	-7.807024e-04	1.951756e-05	8.934932e-03	9.392351e-05	1.897988e-03	1.858953e-03	9.392351e-05	-9.392351e-05	8.544581e-03	-9.325283e-03
457           	3.756938e-03	-2.162176e-20	-7.807051e-04	1.951763e-05	8.934932e-03	9.392345e-05	1.897987e-03	1.858951e-03	9.392345e-05	-9.392345e-05	8.544579e-03	-9.325284e-03
458           	3.756938e-03	-2.162173e-20	-7.807142e-04	1.951785e-05	8.934951e-03	9.392345e-05	1.897987e-03	1.858951e-03	9.392345e-05	-9.392345e-05	8.544593e-03	-9.325308e-03
459           	3.756939e-03	-2.162173e-20	-7.807244e-04	1.951811e-05	8.934975e-03	9.392348e-05	1.897988e-03	1.858952e-03	9.392348e-05	-9.392348e-05	8.544612e-03	-9.325337e-03
460           	3.756943e-03	-2.162177e-20	-7.807365e-04	1.951841e-05	8.935007e-03	9.392356e-05	1.897990e-03	1.858953e-03	9.392356e-05	-9.392356e-05	8.544639e-03	-9.325375e-03
461           	3.756947e-03	-2.162183e-20	-7.807457e-04	1.951864e-05	8.935036e-03	9.392367e-05	1.897992e-03	1.858955e-03	9.392367e-05	-9.392367e-05	8.544663e-03	-9.325409e-03
462           	3.756951e-03	-2.162192e-20	-7.807501e-04	1.951875e-05	8.935054e-03	9.392377e-05	1.897994e-03	1.858957e-03	9.392377e-05	-9.392377e-05	8.544679e-03	-9.325429e-03
463           	3.756953e-03	-2.162199e-20	-7.807484e-04	1.951871e-05	8.935057e-03	9.392383e-05	1.897995e-03	1.858958e-03	9.392383e-05	-9.392383e-05	8.544683e-03	-9.325431e-03
464           	3.756954e-03	-2.162203e-20	-7.807409e-04	1.951852e-05	8.935042e-03	9.392384e-05	1.897995e-03	1.858958e-03	9.392384e-05	-9.392384e-05	8.544672e-03	-9.325413e-03
465           	3.756952e-03	-2.162203e-20	-7.807313e-04	1.951828e-05	8.935020e-03	9.392381e-05	1.897994e-03	1.858958e-03	9.392381e-05	-9.392381e-05	8.544654e-03	-9.325385e-03
466           	3.756950e-03	-2.162200e-20	-7.807209e-04	1.951802e-05	8.934992e-03	9.392375e-05	1.897993e-03	1.858957e-03	9.392375e-05	-9.392375e-05	8.544632e-03	-9.325353e-03
467           	3.756946e-03	-2.162195e-20	-7.807118e-04	1.951780e-05	8.934965e-03	9.392365e-05	1.897991e-03	1.858955e-03	9.392365e-05	-9.392365e-05	8.544609e-03	-9.325321e-03
468           	3.756942e-03	-2.162187e-20	-7.807071e-04	1.951768e-05	8.934946e-03	9.392356e-05	1.897989e-03	1.858954e-03	9.392356e-05	-9.392356e-05	8.544593e-03	-9.325300e-03
469           	3.756940e-03	-2.162180e-20	-7.807081e-04	1.951770e-05	8.934943e-03	9.392351e-05	1.897988e-03	1.858952e-03	9.392351e-05	-9.392351e-05	8.544589e-03	-9.325297e-03
470           	3.756939e-03	-2.162176e-20	-7.807128e-04	1.951782e-05	8.934950e-03	9.392348e-05	1.897987e-03	1.858952e-03	9.392348e-05	-9.392348e-05	8.544594e-03	-9.325307e-03
471           	3.756940e-03	-2.162175e-20	-7.807219e-04	1.951805e-05	8.934971e-03	9.392350e-05	1.897988e-03	1.858952e-03	9.392350e-05	-9.392350e-05	8.544610e-03	-9.325332e-03
472           	3.756942e-03	-2.162178e-20	-7.807310e-04	1.951828e-05	8.934995e-03	9.392355e-05	1.897989e-03	1.858953e-03	9.392355e-05	-9.392355e-05	8.544629e-03	-9.325360e-03
473           	3.756945e-03	-2.162182e-20	-7.807398e-04	1.951850e-05	8.935020e-03	9.392363e-05	1.897991e-03	1.858954e-03	9.392363e-05	-9.392363e-05	8.544651e-03	-9.325390e-03
474           	3.756949e-03	-2.162188e-20	-7.807452e-04	1.951863e-05	8.935040e-03	9.392372e-05	1.897993e-03	1.858956e-03	9.392372e-05	-9.392372e-05	8.544667e-03	-9.325412e-03
475           	3.756951e-03	-2.162195e-20	-7.807454e-04	1.951863e-05	8.935046e-03	9.392378e-05	1.897994e-03	1.858957e-03	9.392378e-05	-9.392378e-05	8.544673e-03	-9.325418e-03
476           	3.756952e-03	-2.162200e-20	-7.807415e-04	1.951854e-05	8.935041e-03	9.392381e-05	1.897995e-03	1.858958e-03	9.392381e-05	-9.392381e-05	8.544670e-03	-9.325411e-03
477           	3.756952e-03	-2.162201e-20	-7.807340e-04	1.951835e-05	8.935024e-03	9.392380e-05	1.897994e-03	1.858958e-03	9.392380e-05	-9.392380e-05	8.544657e-03	-9.325391e-03
478           	3.756950e-03	-2.162200e-20	-7.807258e-04	1.951815e-05	8.935003e-03	9.392376e-05	1.897993e-03	1.858957e-03	9.392376e-05	-9.392376e-05	8.544640e-03	-9.325366e-03
479           	3.756947e-03	-2.162196e-20	-7.807175e-04	1.951794e-05	8.934980e-03	9.392369e-05	1.897992e-03	1.858956e-03	9.392369e-05	-9.392369e-05	8.544621e-03	-9.325338e-03
480           	3.756944e-03	-2.162190e-20	-7.807120e-04	1.951780e-05	8.934961e-03	9.392361e-05	1.897990e-03	1.858954e-03	9.392361e-05	-9.392361e-05	8.544605e-03	-9.325317e-03
481           	3.756942e-03	-2.162184e-20	-7.807112e-04	1.951778e-05	8.934953e-03	9.392355e-05	1.897989e-03	1.858953e-03	9.392355e-05	-9.392355e-05	8.544598e-03	-9.325309e-03
482           	3.756941e-03	-2.162179e-20	-7.807141e-04	1.951785e-05	8.934956e-03	9.392351e-05	1.897988e-03	1.858952e-03	9.392351e-05	-9.392351e-05	8.544599e-03	-9.325313e-03
483           	3.756941e-03	-2.162178e-20	-7.807207e-04	1.951802e-05	8.934971e-03	9.392352e-05	1.897988e-03	1.858952e-03	9.392352e-05	-9.392352e-05	8.544610e-03	-9.325331e-03
484           	3.756942e-03	-2.162179e-20	-7.807279e-04	1.951820e-05	8.934988e-03	9.392355e-05	1.897989e-03	1.858953e-03	9.392355e-05	-9.392355e-05	8.544624e-03	-9.325352e-03
485           	3.756945e-03	-2.162182e-20	-7.807355e-04	1.951839e-05	8.935010e-03	9.392361e-05	1.897991e-03	1.858954e-03	9.392361e-05	-9.392361e-05	8.544642e-03	-9.325378e-03
486           	3.756947e-03	-2.162187e-20	-7.807408e-04	1.951852e-05	8.935027e-03	9.392368e-05	1.897992e-03	1.858955e-03	9.392368e-05	-9.392368e-05	8.544657e-03	-9.325398e-03
487           	3.756950e-03	-2.162192e-20	-7.807423e-04	1.951856e-05	8.935036e-03	9.392374e-05	1.897993e-03	1.858956e-03	9.392374e-05	-9.392374e-05	8.544665e-03	-9.325407e-03
488           	3.756951e-03	-2.162197e-20	-7.807401e-04	1.951850e-05	8.935035e-03	9.392378e-05	1.897994e-03	1.858957e-03	9.392378e-05	-9.392378e-05	8.544665e-03	-9.325405e-03
489           	3.756951e-03	-2.162199e-20	-7.807343e-04	1.951836e-05	8.935022e-03	9.392377e-05	1.897994e-03	1.858957e-03	9.392377e-05	-9.392377e-05	8.544655e-03	-9.325390e-03
490           	3.756950e-03	-2.162198e-20	-7.807279e-04	1.951820e-05	8.935007e-03	9.392375e-05	1.897993e-03	1.858957e-03	9.392375e-05	-9.392375e-05	8.544643e-03	-9.325371e-03
491           	3.756948e-03	-2.162195e-20	-7.807208e-04	1.951802e-05	8.934987e-03	9.392370e-05	1.897992e-03	1.858956e-03	9.392370e-05	-9.392370e-05	8.544627e-03	-9.325348e-03
492           	3.756945e-03	-2.162191e-20	-7.807156e-04	1.951789e-05	8.934971e-03	9.392363e-05	1.897991e-03	1.858955e-03	9.392363e-05	-9.392363e-05	8.544613e-03	-9.325328e-03
493           	3.756943e-03	-2.162186e-20	-7.807136e-04	1.951784e-05	8.934961e-03	9.392358e-05	1.897989e-03	1.858954e-03	9.392358e-05	-9.392358e-05	8.544604e-03	-9.325318e-03
494           	3.756942e-03	-2.162182e-20	-7.807152e-04	1.951788e-05	8.934961e-03	9.392354e-05	1.897989e-03	1.858953e-03	9.392354e-05	-9.392354e-05	8.544603e-03	-9.325319e-03
495           	3.756942e-03	-2.162180e-20	-7.807201e-04	1.951800e-05	8.934971e-03	9.392354e-05	1.897989e-03	1.858953e-03	9.392354e-05	-9.392354e-05	8.544611e-03	-9.325331e-03
496           	3.756942e-03	-2.162180e-20	-7.807258e-04	1.951814e-05	8.934985e-03	9.392356e-05	1.897989e-03	1.858953e-03	9.392356e-05	-9.392356e-05	8.544622e-03	-9.325347e-03
497           	3.756944e-03	-2.162182e-20	-7.807324e-04	1.951831e-05	8.935002e-03	9.392360e-05	1.897990e-03	1.858954e-03	9.392360e-05	-9.392360e-05	8.544636e-03	-9.325369e-03
498           	3.756946e-03	-2.162186e-20	-7.807374e-04	1.951844e-05	8.935018e-03	9.392366e-05	1.897992e-03	1.858955e-03	9.392366e-05	-9.392366e-05	8.544650e-03	-9.325387e-03
499           	3.756949e-03	-2.162190e-20	-7.807398e-04	1.951850e-05	8.935028e-03	9.392371e-05	1.897993e-03	1.858956e-03	9.392371e-05	-9.392371e-05	8.544658e-03	-9.325398e-03
500           	3.756950e-03	-2.162195e-20	-7.807389e-04	1.951847e-05	8.935030e-03	9.392375e-05	1.897993e-03	1.858957e-03	9.392375e-05	-9.392375e-05	8.544660e-03	-9.325399e-03
501           	3.756950e-03	-2.162197e-20	-7.807348e-04	1.951837e-05	8.935022e-03	9.392376e-05	1.897993e-03	1.858957e-03	9.392376e-05	-9.392376e-05	8.544654e-03	-9.325389e-03
502           	3.756950e-03	-2.162197e-20	-7.807295e-04	1.951824e-05	8.935009e-03	9.392374e-05	1.897993e-03	1.858957e-03	9.392374e-05	-9.392374e-05	8.544645e-03	-9.325374e-03
503           	3.756948e-03	-2.162195e-20	-7.807238e-04	1.951810e-05	8.934994e-03	9.392370e-05	1.897992e-03	1.858956e-03	9.392370e-05	-9.392370e-05	8.544632e-03	-9.325356e-03
504           	3.756946e-03	-2.162192e-20	-7.807188e-04	1.951797e-05	8.934979e-03	9.392365e-05	1.897991e-03	1.858955e-03	9.392365e-05	-9.392365e-05	8.544620e-03	-9.325339e-03
505           	3.756944e-03	-2.162188e-20	-7.807162e-04	1.951791e-05	8.934969e-03	9.392360e-05	1.897990e-03	1.858954e-03	9.392360e-05	-9.392360e-05	8.544611e-03	-9.325327e-03
506           	3.756943e-03	-2.162184e-20	-7.807168e-04	1.951792e-05	8.934967e-03	9.392357e-05	1.897989e-03	1.858954e-03	9.392357e-05	-9.392357e-05	8.544609e-03	-9.325326e-03
507           	3.756942e-03	-2.162182e-20	-7.807194e-04	1.951799e-05	8.934971e-03	9.392356e-05	1.897989e-03	1.858953e-03	9.392356e-05	-9.392356e-05	8.544611e-03	-9.325331e-03
508           	3.756943e-03	-2.162181e-20	-7.807244e-04	1.951811e-05	8.934983e-03	9.392357e-05	1.897989e-03	1.858953e-03	9.392357e-05	-9.392357e-05	8.544620e-03	-9.325345e-03
509           	3.756944e-03	-2.162183e-20	-7.807294e-04	1.951823e-05	8.934996e-03	9.392360e-05	1.897990e-03	1.858954e-03	9.392360e-05	-9.392360e-05	8.544631e-03	-9.325360e-03
510           	3.756946e-03	-2.162185e-20	-7.807342e-04	1.951836e-05	8.935010e-03	9.392364e-05	1.897991e-03	1.858954e-03	9.392364e-05	-9.392364e-05	8.544643e-03	-9.325377e-03
511           	3.756948e-03	-2.162188e-20	-7.807372e-04	1.951843e-05	8.935020e-03	9.392369e-05	1.897992e-03	1.858955e-03	9.392369e-05	-9.392369e-05	8.544652e-03	-9.325389e-03
512           	3.756949e-03	-2.162192e-20	-7.807372e-04	1.951843e-05	8.935024e-03	9.392372e-05	1.897993e-03	1.858956e-03	9.392372e-05	-9.392372e-05	8.544655e-03	-9.325392e-03
513           	3.756950e-03	-2.162195e-20	-7.807351e-04	1.951838e-05	8.935021e-03	9.392374e-05	1.897993e-03	1.858956e-03	9.392374e-05	-9.392374e-05	8.544653e-03	-9.325388e-03
514           	3.756949e-03	-2.162195e-20	-7.807310e-04	1.951828e-05	8.935012e-03	9.392373e-05	1.897993e-03	1.858956e-03	9.392373e-05	-9.392373e-05	8.544646e-03	-9.325377e-03
515           	3.756948e-03	-2.162195e-20	-7.807265e-04	1.951816e-05	8.935000e-03	9.392371e-05	1.897992e-03	1.858956e-03	9.392371e-05	-9.392371e-05	8.544637e-03	-9.325364e-03
516           	3.756947e-03	-2.162193e-20	-7.807220e-04	1.951805e-05	8.934987e-03	9.392367e-05	1.897991e-03	1.858955e-03	9.392367e-05	-9.392367e-05	8.544626e-03	-9.325348e-03
517           	3.756945e-03	-2.162190e-20	-7.807189e-04	1.951797e-05	8.934977e-03	9.392363e-05	1.897991e-03	1.858955e-03	9.392363e-05	-9.392363e-05	8.544617e-03	-9.325336e-03
518           	3.756944e-03	-2.162186e-20	-7.807185e-04	1.951796e-05	8.934973e-03	9.392359e-05	1.897990e-03	1.858954e-03	9.392359e-05	-9.392359e-05	8.544614e-03	-9.325332e-03
519           	3.756943e-03	-2.162183e-20	-7.807201e-04	1.951800e-05	8.934975e-03	9.392358e-05	1.897990e-03	1.858954e-03	9.392358e-05	-9.392358e-05	8.544615e-03	-9.325335e-03
520           	3.756943e-03	-2.162183e-20	-7.807237e-04	1.951809e-05	8.934982e-03	9.392358e-05	1.897990e-03	1.858954e-03	9.392358e-05	-9.392358e-05	8.544621e-03	-9.325344e-03
521           	3.756944e-03	-2.162183e-20	-7.807277e-04	1.951819e-05	8.934992e-03	9.392360e-05	1.897990e-03	1.858954e-03	9.392360e-05	-9.392360e-05	8.544628e-03	-9.325356e-03
522           	3.756945e-03	-2.162185e-20	-7.807319e-04	1.951830e-05	8.935004e-03	9.392363e-05	1.897991e-03	1.858954e-03	9.392363e-05	-9.392363e-05	8.544638e-03	-9.325370e-03
523           	3.756947e-03	-2.162188e-20	-7.807348e-04	1.951837e-05	8.935014e-03	9.392367e-05	1.897992e-03	1.858955e-03	9.392367e-05	-9.392367e-05	8.544646e-03	-9.325381e-03
524           	3.756948e-03	-2.162191e-20	-7.807356e-04	1.951839e-05	8.935018e-03	9.392370e-05	1.897992e-03	1.858956e-03	9.392370e-05	-9.392370e-05	8.544651e-03	-9.325386e-03
525           	3.756949e-03	-2.162193e-20	-7.807343e-04	1.951836e-05	8.935018e-03	9.392372e-05	1.897993e-03	1.858956e-03	9.392372e-05	-9.392372e-05	8.544650e-03	-9.325385e-03
526           	3.756949e-03	-2.162194e-20	-7.807312e-04	1.951828e-05	8.935011e-03	9.392372e-05	1.897993e-03	1.858956e-03	9.392372e-05	-9.392372e-05	8.544645e-03	-9.325376e-03
527           	3.756948e-03	-2.162194e-20	-7.807277e-04	1.951819e-05	8.935002e-03	9.392371e-05	1.897992e-03	1.858956e-03	9.392371e-05	-9.392371e-05	8.544639e-03	-9.325366e-03
528           	3.756947e-03	-2.162192e-20	-7.807238e-04	1.951809e-05	8.934992e-03	9.392368e-05	1.897992e-03	1.858955e-03	9.392368e-05	-9.392368e-05	8.544630e-03	-9.325353e-03
529           	3.756946e-03	-2.162190e-20	-7.807209e-04	1.951802e-05	8.934982e-03	9.392364e-05	1.897991e-03	1.858955e-03	9.392364e-05	-9.392364e-05	8.544622e-03	-9.325343e-03
530           	3.756944e-03	-2.162187e-20	-7.807198e-04	1.951800e-05	8.934977e-03	9.392361e-05	1.897990e-03	1.858954e-03	9.392361e-05	-9.392361e-05	8.544617e-03	-9.325337e-03
531           	3.756944e-03	-2.162185e-20	-7.807207e-04	1.951802e-05	8.934977e-03	9.392359e-05	1.897990e-03	1.858954e-03	9.392359e-05	-9.392359e-05	8.544617e-03	-9.325338e-03
532           	3.756944e-03	-2.162184e-20	-7.807234e-04	1.951809e-05	8.934983e-03	9.392359e-05	1.897990e-03	1.858954e-03	9.392359e-05	-9.392359e-05	8.544621e-03	-9.325345e-03
533           	3.756944e-03	-2.162184e-20	-7.807265e-04	1.951816e-05	8.934990e-03	9.392360e-05	1.897990e-03	1.858954e-03	9.392360e-05	-9.392360e-05	8.544627e-03	-9.325353e-03
534           	3.756945e-03	-2.162185e-20	-7.807301e-04	1.951825e-05	8.935000e-03	9.392363e-05	1.897991e-03	1.858954e-03	9.392363e-05	-9.392363e-05	8.544635e-03	-9.325365e-03
535           	3.756946e-03	-2.162187e-20	-7.807329e-04	1.951832e-05	8.935009e-03	9.392366e-05	1.897991e-03	1.858955e-03	9.392366e-05	-9.392366e-05	8.544642e-03	-9.325375e-03
536           	3.756947e-03	-2.162190e-20	-7.807342e-04	1.951836e-05	8.935014e-03	9.392369e-05	1.897992e-03	1.858955e-03	9.392369e-05	-9.392369e-05	8.544647e-03	-9.325381e-03
537           	3.756948e-03	-2.162192e-20	-7.807337e-04	1.951834e-05	8.935015e-03	9.392371e-05	1.897992e-03	1.858956e-03	9.392371e-05	-9.392371e-05	8.544648e-03	-9.325382e-03
538           	3.756948e-03	-2.162193e-20	-7.807315e-04	1.951829e-05	8.935011e-03	9.392371e-05	1.897992e-03	1.858956e-03	9.392371e-05	-9.392371e-05	8.544645e-03	-9.325376e-03
539           	3.756948e-03	-2.162193e-20	-7.807286e-04	1.951821e-05	8.935004e-03	9.392370e-05	1.897992e-03	1.858956e-03	9.392370e-05	-9.392370e-05	8.544639e-03	-9.325368e-03
540           	3.756947e-03	-2.162192e-20	-7.807254e-04	1.951814e-05	8.934995e-03	9.392368e-05	1.897992e-03	1.858955e-03	9.392368e-05	-9.392368e-05	8.544633e-03	-9.325358e-03
541           	3.756946e-03	-2.162191e-20	-7.807227e-04	1.951807e-05	8.934987e-03	9.392365e-05	1.897991e-03	1.858955e-03	9.392365e-05	-9.392365e-05	8.544626e-03	-9.325348e-03
542           	3.756945e-03	-2.162188e-20	-7.807213e-04	1.951803e-05	8.934982e-03	9.392362e-05	1.897991e-03	1.858954e-03	9.392362e-05	-9.392362e-05	8.544621e-03	-9.325342e-03
543           	3.756944e-03	-2.162186e-20	-7.807216e-04	1.951804e-05	8.934981e-03	9.392361e-05	1.897990e-03	1.858954e-03	9.392361e-05	-9.392361e-05	8.544620e-03	-9.325341e-03
544           	3.756944e-03	-2.162185e-20	-7.807230e-04	1.951808e-05	8.934983e-03	9.392360e-05	1.897990e-03	1.858954e-03	9.392360e-05	-9.392360e-05	8.544621e-03	-9.325344e-03
545           	3.756944e-03	-2.162185e-20	-7.807257e-04	1.951814e-05	8.934989e-03	9.392361e-05	1.897990e-03	1.858954e-03	9.392361e-05	-9.392361e-05	8.544626e-03	-9.325352e-03
546           	3.756945e-03	-2.162185e-20	-7.807285e-04	1.951821e-05	8.934996e-03	9.392362e-05	1.897991e-03	1.858954e-03	9.392362e-05	-9.392362e-05	8.544632e-03	-9.325360e-03
547           	3.756946e-03	-2.162187e-20	-7.807311e-04	1.951828e-05	8.935004e-03	9.392365e-05	1.897991e-03	1.858955e-03	9.392365e-05	-9.392365e-05	8.544638e-03	-9.325369e-03
548           	3.756947e-03	-2.162189e-20	-7.807327e-04	1.951832e-05	8.935010e-03	9.392367e-05	1.897992e-03	1.858955e-03	9.392367e-05	-9.392367e-05	8.544643e-03	-9.325376e-03
549           	3.756948e-03	-2.162191e-20	-7.807328e-04	1.951832e-05	8.935011e-03	9.392369e-05	1.897992e-03	1.858955e-03	9.392369e-05	-9.392369e-05	8.544645e-03	-9.325378e-03
550           	3.756948e-03	-2.162192e-20	-7.807316e-04	1.951829e-05	8.935010e-03	9.392370e-05	1.897992e-03	1.858956e-03	9.392370e-05	-9.392370e-05	8.544644e-03	-9.325376e-03
