# Force coefficients
# dragDir     : (1.000000e+00 0.000000e+00 0.000000e+00)
# sideDir     : (0.000000e+00 0.000000e+00 -1.000000e+00)
# liftDir     : (0.000000e+00 1.000000e+00 0.000000e+00)
# rollAxis    : (1.000000e+00 0.000000e+00 0.000000e+00)
# pitchAxis   : (0.000000e+00 0.000000e+00 -1.000000e+00)
# yawAxis     : (0.000000e+00 1.000000e+00 0.000000e+00)
# magUInf     : 2.000000e-02
# lRef        : 1.000000e-01
# Aref        : 1.000000e-01
# CofR        : (0.000000e+00 0.000000e+00 0.000000e+00)
#
# Time        	Cd            	Cs            	Cl            	CmRoll        	CmPitch       	CmYaw         	Cd(f)         	Cd(r)         	Cs(f)         	Cs(r)         	Cl(f)         	Cl(r)         
1             	2.275734e-03	3.739451e-20	1.755143e-03	-4.387858e-05	1.354435e-03	5.689336e-05	1.093989e-03	1.181746e-03	5.689336e-05	-5.689336e-05	2.232007e-03	-4.768635e-04
2             	5.335543e-03	1.758652e-19	1.797536e-03	-4.493840e-05	7.842466e-03	1.333886e-04	2.622833e-03	2.712710e-03	1.333886e-04	-1.333886e-04	8.741234e-03	-6.943698e-03
3             	4.957397e-03	1.521001e-19	-4.606387e-04	1.151597e-05	1.147729e-02	1.239349e-04	2.490215e-03	2.467183e-03	1.239349e-04	-1.239349e-04	1.124697e-02	-1.170761e-02
4             	4.077970e-03	3.500002e-20	-8.008365e-04	2.002091e-05	1.015127e-02	1.019493e-04	2.059006e-03	2.018964e-03	1.019493e-04	-1.019493e-04	9.750856e-03	-1.055169e-02
5             	3.077596e-03	-1.509791e-20	-8.378514e-04	2.094629e-05	7.951339e-03	7.693989e-05	1.559744e-03	1.517852e-03	7.693989e-05	-7.693989e-05	7.532414e-03	-8.370265e-03
6             	2.467578e-03	-1.942851e-20	-6.244795e-04	1.561199e-05	6.168155e-03	6.168946e-05	1.249401e-03	1.218177e-03	6.168946e-05	-6.168946e-05	5.855915e-03	-6.480395e-03
7             	2.238441e-03	-1.254792e-20	-7.905676e-04	1.976419e-05	5.965266e-03	5.596102e-05	1.138985e-03	1.099456e-03	5.596102e-05	-5.596102e-05	5.569982e-03	-6.360549e-03
8             	2.321398e-03	-4.911642e-21	-9.972607e-04	2.493152e-05	6.540413e-03	5.803494e-05	1.185630e-03	1.135767e-03	5.803494e-05	-5.803494e-05	6.041783e-03	-7.039043e-03
9             	2.512234e-03	-7.578418e-22	-1.129975e-03	2.824936e-05	7.210291e-03	6.280584e-05	1.284366e-03	1.227867e-03	6.280584e-05	-6.280584e-05	6.645303e-03	-7.775278e-03
10            	2.701573e-03	1.225376e-21	-1.101441e-03	2.753604e-05	7.570538e-03	6.753933e-05	1.378323e-03	1.323251e-03	6.753933e-05	-6.753933e-05	7.019817e-03	-8.121258e-03
11            	2.787774e-03	2.327242e-21	-1.024903e-03	2.562257e-05	7.630161e-03	6.969435e-05	1.419510e-03	1.368264e-03	6.969435e-05	-6.969435e-05	7.117710e-03	-8.142613e-03
12            	2.848075e-03	2.813790e-21	-8.057463e-04	2.014366e-05	7.354767e-03	7.120188e-05	1.444181e-03	1.403894e-03	7.120188e-05	-7.120188e-05	6.951894e-03	-7.757640e-03
13            	2.863819e-03	2.704058e-21	-6.553287e-04	1.638322e-05	7.122133e-03	7.159548e-05	1.448293e-03	1.415526e-03	7.159548e-05	-7.159548e-05	6.794468e-03	-7.449797e-03
14            	2.860358e-03	2.957432e-21	-4.826389e-04	1.206597e-05	6.798089e-03	7.150895e-05	1.442245e-03	1.418113e-03	7.150895e-05	-7.150895e-05	6.556770e-03	-7.039409e-03
15            	2.848199e-03	3.167010e-21	-2.796678e-04	6.991694e-06	6.394202e-03	7.120497e-05	1.431091e-03	1.417108e-03	7.120497e-05	-7.120497e-05	6.254368e-03	-6.534036e-03
16            	2.845821e-03	3.056601e-21	-1.618694e-04	4.046736e-06	6.173497e-03	7.114552e-05	1.426957e-03	1.418864e-03	7.114552e-05	-7.114552e-05	6.092562e-03	-6.254431e-03
17            	2.831025e-03	3.320946e-21	-5.215247e-05	1.303812e-06	5.937673e-03	7.077562e-05	1.416816e-03	1.414209e-03	7.077562e-05	-7.077562e-05	5.911597e-03	-5.963749e-03
18            	2.832938e-03	3.682812e-21	1.471319e-05	-3.678299e-07	5.819189e-03	7.082346e-05	1.416101e-03	1.416837e-03	7.082346e-05	-7.082346e-05	5.826546e-03	-5.811833e-03
19            	2.837755e-03	3.992086e-21	4.805557e-05	-1.201389e-06	5.771674e-03	7.094388e-05	1.417676e-03	1.420079e-03	7.094388e-05	-7.094388e-05	5.795702e-03	-5.747647e-03
20            	2.848336e-03	4.413122e-21	4.506426e-05	-1.126607e-06	5.807173e-03	7.120839e-05	1.423041e-03	1.425294e-03	7.120839e-05	-7.120839e-05	5.829705e-03	-5.784641e-03
21            	2.862431e-03	4.525992e-21	-2.624293e-07	6.560732e-09	5.934560e-03	7.156077e-05	1.431222e-03	1.431209e-03	7.156077e-05	-7.156077e-05	5.934429e-03	-5.934692e-03
22            	2.878357e-03	4.563258e-21	-5.665637e-05	1.416409e-06	6.085983e-03	7.195893e-05	1.440595e-03	1.437762e-03	7.195893e-05	-7.195893e-05	6.057655e-03	-6.114311e-03
23            	2.899227e-03	4.567182e-21	-1.027824e-04	2.569559e-06	6.226810e-03	7.248067e-05	1.452183e-03	1.447044e-03	7.248067e-05	-7.248067e-05	6.175419e-03	-6.278201e-03
24            	2.913050e-03	4.646064e-21	-1.265679e-04	3.164198e-06	6.306305e-03	7.282625e-05	1.459689e-03	1.453361e-03	7.282625e-05	-7.282625e-05	6.243021e-03	-6.369589e-03
25            	2.920780e-03	4.654388e-21	-1.181743e-04	2.954358e-06	6.307254e-03	7.301951e-05	1.463345e-03	1.457436e-03	7.301951e-05	-7.301951e-05	6.248167e-03	-6.366342e-03
26            	2.922403e-03	4.688914e-21	-8.371362e-05	2.092840e-06	6.241848e-03	7.306009e-05	1.463295e-03	1.459109e-03	7.306009e-05	-7.306009e-05	6.199991e-03	-6.283705e-03
27            	2.918761e-03	4.738042e-21	-3.428007e-05	8.570017e-07	6.134902e-03	7.296903e-05	1.460238e-03	1.458524e-03	7.296903e-05	-7.296903e-05	6.117761e-03	-6.152042e-03
28            	2.911190e-03	4.759499e-21	1.477466e-05	-3.693666e-07	6.020623e-03	7.277975e-05	1.455226e-03	1.455964e-03	7.277975e-05	-7.277975e-05	6.028010e-03	-6.013235e-03
29            	2.902668e-03	4.824433e-21	4.313938e-05	-1.078485e-06	5.946480e-03	7.256670e-05	1.450256e-03	1.452413e-03	7.256670e-05	-7.256670e-05	5.968049e-03	-5.924910e-03
30            	2.894444e-03	4.803780e-21	4.066807e-05	-1.016702e-06	5.935603e-03	7.236110e-05	1.446205e-03	1.448239e-03	7.236110e-05	-7.236110e-05	5.955937e-03	-5.915269e-03
31            	2.889693e-03	4.779974e-21	7.577800e-06	-1.894450e-07	5.994331e-03	7.224232e-05	1.444657e-03	1.445036e-03	7.224232e-05	-7.224232e-05	5.998120e-03	-5.990542e-03
32            	2.889384e-03	4.648972e-21	-4.702615e-05	1.175654e-06	6.105568e-03	7.223460e-05	1.445868e-03	1.443516e-03	7.223460e-05	-7.223460e-05	6.082055e-03	-6.129081e-03
33            	2.891731e-03	4.498754e-21	-1.058391e-04	2.645976e-06	6.230519e-03	7.229327e-05	1.448511e-03	1.443219e-03	7.229327e-05	-7.229327e-05	6.177599e-03	-6.283438e-03
34            	2.894207e-03	4.387846e-21	-1.451650e-04	3.629126e-06	6.315830e-03	7.235518e-05	1.450733e-03	1.443475e-03	7.235518e-05	-7.235518e-05	6.243248e-03	-6.388413e-03
35            	2.896407e-03	4.305162e-21	-1.591386e-04	3.978466e-06	6.348619e-03	7.241017e-05	1.452182e-03	1.444225e-03	7.241017e-05	-7.241017e-05	6.269049e-03	-6.428188e-03
36            	2.896177e-03	4.307169e-21	-1.462245e-04	3.655612e-06	6.321114e-03	7.240443e-05	1.451744e-03	1.444433e-03	7.240443e-05	-7.240443e-05	6.248002e-03	-6.394226e-03
37            	2.893924e-03	4.295328e-21	-1.119662e-04	2.799155e-06	6.245957e-03	7.234810e-05	1.449761e-03	1.444163e-03	7.234810e-05	-7.234810e-05	6.189974e-03	-6.301940e-03
38            	2.889452e-03	4.313164e-21	-7.161776e-05	1.790444e-06	6.154016e-03	7.223630e-05	1.446516e-03	1.442936e-03	7.223630e-05	-7.223630e-05	6.118207e-03	-6.189825e-03
39            	2.883050e-03	4.330587e-21	-4.412071e-05	1.103018e-06	6.084317e-03	7.207625e-05	1.442628e-03	1.440422e-03	7.207625e-05	-7.207625e-05	6.062257e-03	-6.106378e-03
40            	2.877427e-03	4.323820e-21	-3.643015e-05	9.107537e-07	6.056805e-03	7.193566e-05	1.439624e-03	1.437803e-03	7.193566e-05	-7.193566e-05	6.038590e-03	-6.075020e-03
41            	2.873780e-03	4.287146e-21	-5.160425e-05	1.290106e-06	6.080223e-03	7.184449e-05	1.438180e-03	1.435600e-03	7.184449e-05	-7.184449e-05	6.054421e-03	-6.106026e-03
42            	2.872545e-03	4.207585e-21	-8.868130e-05	2.217033e-06	6.153105e-03	7.181363e-05	1.438490e-03	1.434056e-03	7.181363e-05	-7.181363e-05	6.108765e-03	-6.197446e-03
43            	2.873869e-03	4.083930e-21	-1.354873e-04	3.387182e-06	6.250753e-03	7.184673e-05	1.440322e-03	1.433548e-03	7.184673e-05	-7.184673e-05	6.183010e-03	-6.318497e-03
44            	2.876890e-03	3.950962e-21	-1.739464e-04	4.348659e-06	6.334779e-03	7.192224e-05	1.442794e-03	1.434096e-03	7.192224e-05	-7.192224e-05	6.247806e-03	-6.421752e-03
45            	2.879505e-03	3.848625e-21	-1.936927e-04	4.842317e-06	6.379730e-03	7.198763e-05	1.444595e-03	1.434910e-03	7.198763e-05	-7.198763e-05	6.282884e-03	-6.476576e-03
46            	2.880501e-03	3.788366e-21	-1.918681e-04	4.796703e-06	6.377124e-03	7.201252e-05	1.445047e-03	1.435454e-03	7.201252e-05	-7.201252e-05	6.281190e-03	-6.473058e-03
47            	2.879843e-03	3.768391e-21	-1.713273e-04	4.283183e-06	6.332959e-03	7.199606e-05	1.444204e-03	1.435638e-03	7.199606e-05	-7.199606e-05	6.247296e-03	-6.418623e-03
48            	2.877604e-03	3.784519e-21	-1.389145e-04	3.472862e-06	6.261476e-03	7.194010e-05	1.442275e-03	1.435329e-03	7.194010e-05	-7.194010e-05	6.192019e-03	-6.330933e-03
49            	2.873850e-03	3.816550e-21	-1.086573e-04	2.716433e-06	6.191468e-03	7.184626e-05	1.439642e-03	1.434209e-03	7.184626e-05	-7.184626e-05	6.137140e-03	-6.245797e-03
50            	2.869910e-03	3.841182e-21	-9.060797e-05	2.265199e-06	6.146146e-03	7.174776e-05	1.437220e-03	1.432690e-03	7.174776e-05	-7.174776e-05	6.100842e-03	-6.191450e-03
51            	2.866995e-03	3.849117e-21	-8.908360e-05	2.227090e-06	6.136861e-03	7.167488e-05	1.435725e-03	1.431271e-03	7.167488e-05	-7.167488e-05	6.092319e-03	-6.181403e-03
52            	2.865692e-03	3.831597e-21	-1.051814e-04	2.629535e-06	6.166994e-03	7.164230e-05	1.435476e-03	1.430216e-03	7.164230e-05	-7.164230e-05	6.114404e-03	-6.219585e-03
53            	2.866398e-03	3.781093e-21	-1.349449e-04	3.373622e-06	6.228968e-03	7.165996e-05	1.436573e-03	1.429826e-03	7.165996e-05	-7.165996e-05	6.161496e-03	-6.296441e-03
54            	2.869056e-03	3.707400e-21	-1.685809e-04	4.214523e-06	6.302743e-03	7.172639e-05	1.438742e-03	1.430313e-03	7.172639e-05	-7.172639e-05	6.218452e-03	-6.387033e-03
55            	2.871735e-03	3.637658e-21	-1.909836e-04	4.774591e-06	6.353583e-03	7.179338e-05	1.440642e-03	1.431093e-03	7.179338e-05	-7.179338e-05	6.258091e-03	-6.449075e-03
56            	2.873463e-03	3.596526e-21	-1.968017e-04	4.920042e-06	6.368527e-03	7.183658e-05	1.441652e-03	1.431812e-03	7.183658e-05	-7.183658e-05	6.270127e-03	-6.466928e-03
57            	2.873977e-03	3.586286e-21	-1.869815e-04	4.674538e-06	6.348916e-03	7.184944e-05	1.441663e-03	1.432314e-03	7.184944e-05	-7.184944e-05	6.255425e-03	-6.442407e-03
58            	2.873414e-03	3.606797e-21	-1.639230e-04	4.098076e-06	6.300186e-03	7.183535e-05	1.440805e-03	1.432609e-03	7.183535e-05	-7.183535e-05	6.218225e-03	-6.382148e-03
59            	2.871764e-03	3.652578e-21	-1.363870e-04	3.409674e-06	6.240321e-03	7.179410e-05	1.439292e-03	1.432472e-03	7.179410e-05	-7.179410e-05	6.172128e-03	-6.308515e-03
60            	2.869094e-03	3.698866e-21	-1.145007e-04	2.862517e-06	6.189975e-03	7.172735e-05	1.437410e-03	1.431684e-03	7.172735e-05	-7.172735e-05	6.132725e-03	-6.247226e-03
61            	2.866664e-03	3.733583e-21	-1.033465e-04	2.583662e-06	6.162175e-03	7.166659e-05	1.435915e-03	1.430748e-03	7.166659e-05	-7.166659e-05	6.110502e-03	-6.213848e-03
62            	2.865211e-03	3.751524e-21	-1.054331e-04	2.635828e-06	6.163564e-03	7.163027e-05	1.435241e-03	1.429969e-03	7.163027e-05	-7.163027e-05	6.110847e-03	-6.216280e-03
63            	2.865055e-03	3.746297e-21	-1.208875e-04	3.022187e-06	6.194926e-03	7.162638e-05	1.435550e-03	1.429505e-03	7.162638e-05	-7.162638e-05	6.134482e-03	-6.255370e-03
64            	2.866414e-03	3.714104e-21	-1.448335e-04	3.620838e-06	6.246587e-03	7.166035e-05	1.436828e-03	1.429586e-03	7.166035e-05	-7.166035e-05	6.174170e-03	-6.319003e-03
65            	2.868793e-03	3.668725e-21	-1.672462e-04	4.181154e-06	6.297117e-03	7.171983e-05	1.438578e-03	1.430216e-03	7.171983e-05	-7.171983e-05	6.213494e-03	-6.380740e-03
66            	2.871033e-03	3.631682e-21	-1.800433e-04	4.501082e-06	6.327685e-03	7.177583e-05	1.440018e-03	1.431016e-03	7.177583e-05	-7.177583e-05	6.237664e-03	-6.417707e-03
67            	2.872370e-03	3.615139e-21	-1.800480e-04	4.501199e-06	6.330166e-03	7.180924e-05	1.440686e-03	1.431684e-03	7.180924e-05	-7.180924e-05	6.240142e-03	-6.420190e-03
68            	2.872713e-03	3.623027e-21	-1.676448e-04	4.191121e-06	6.305227e-03	7.181782e-05	1.440548e-03	1.432165e-03	7.181782e-05	-7.181782e-05	6.221404e-03	-6.389049e-03
69            	2.872087e-03	3.653770e-21	-1.467001e-04	3.667502e-06	6.261017e-03	7.180218e-05	1.439711e-03	1.432376e-03	7.180218e-05	-7.180218e-05	6.187667e-03	-6.334367e-03
70            	2.870487e-03	3.696226e-21	-1.250004e-04	3.125010e-06	6.213399e-03	7.176219e-05	1.438369e-03	1.432119e-03	7.176219e-05	-7.176219e-05	6.150898e-03	-6.275899e-03
71            	2.868428e-03	3.734521e-21	-1.094681e-04	2.736704e-06	6.177495e-03	7.171070e-05	1.436951e-03	1.431477e-03	7.171070e-05	-7.171070e-05	6.122761e-03	-6.232229e-03
72            	2.866704e-03	3.761574e-21	-1.036150e-04	2.590374e-06	6.162140e-03	7.166761e-05	1.435943e-03	1.430762e-03	7.166761e-05	-7.166761e-05	6.110332e-03	-6.213947e-03
73            	2.865877e-03	3.772851e-21	-1.085198e-04	2.712996e-06	6.170700e-03	7.164692e-05	1.435651e-03	1.430225e-03	7.164692e-05	-7.164692e-05	6.116440e-03	-6.224960e-03
74            	2.866187e-03	3.763805e-21	-1.232035e-04	3.080088e-06	6.201496e-03	7.165468e-05	1.436174e-03	1.430014e-03	7.165468e-05	-7.165468e-05	6.139894e-03	-6.263098e-03
75            	2.867547e-03	3.735479e-21	-1.423475e-04	3.558687e-06	6.243434e-03	7.168868e-05	1.437332e-03	1.430215e-03	7.168868e-05	-7.168868e-05	6.172261e-03	-6.314608e-03
76            	2.869498e-03	3.701794e-21	-1.577981e-04	3.944952e-06	6.278977e-03	7.173744e-05	1.438694e-03	1.430804e-03	7.173744e-05	-7.173744e-05	6.200078e-03	-6.357876e-03
77            	2.871110e-03	3.679145e-21	-1.644206e-04	4.110515e-06	6.295762e-03	7.177776e-05	1.439666e-03	1.431445e-03	7.177776e-05	-7.177776e-05	6.213552e-03	-6.377973e-03
78            	2.871914e-03	3.673293e-21	-1.613732e-04	4.034331e-06	6.291051e-03	7.179786e-05	1.439992e-03	1.431923e-03	7.179786e-05	-7.179786e-05	6.210365e-03	-6.371738e-03
79            	2.871938e-03	3.685513e-21	-1.494605e-04	3.736512e-06	6.266602e-03	7.179846e-05	1.439706e-03	1.432233e-03	7.179846e-05	-7.179846e-05	6.191871e-03	-6.341332e-03
80            	2.871187e-03	3.713753e-21	-1.326276e-04	3.315691e-06	6.230650e-03	7.177967e-05	1.438909e-03	1.432278e-03	7.177967e-05	-7.177967e-05	6.164336e-03	-6.296964e-03
81            	2.869770e-03	3.747764e-21	-1.168410e-04	2.921024e-06	6.195561e-03	7.174424e-05	1.437806e-03	1.431964e-03	7.174424e-05	-7.174424e-05	6.137140e-03	-6.253981e-03
82            	2.868208e-03	3.776788e-21	-1.066413e-04	2.666033e-06	6.171639e-03	7.170521e-05	1.436770e-03	1.431438e-03	7.170521e-05	-7.170521e-05	6.118318e-03	-6.224960e-03
83            	2.867061e-03	3.796192e-21	-1.042384e-04	2.605959e-06	6.164556e-03	7.167652e-05	1.436136e-03	1.430924e-03	7.167652e-05	-7.167652e-05	6.112437e-03	-6.216675e-03
84            	2.866614e-03	3.802204e-21	-1.102357e-04	2.755893e-06	6.176118e-03	7.166534e-05	1.436063e-03	1.430551e-03	7.166534e-05	-7.166534e-05	6.121000e-03	-6.231236e-03
85            	2.867027e-03	3.791571e-21	-1.230206e-04	3.075514e-06	6.203216e-03	7.167568e-05	1.436589e-03	1.430438e-03	7.167568e-05	-7.167568e-05	6.141706e-03	-6.264726e-03
86            	2.868297e-03	3.768266e-21	-1.384303e-04	3.460759e-06	6.237336e-03	7.170743e-05	1.437609e-03	1.430688e-03	7.170743e-05	-7.170743e-05	6.168121e-03	-6.306551e-03
87            	2.869758e-03	3.743176e-21	-1.493183e-04	3.732956e-06	6.262573e-03	7.174394e-05	1.438612e-03	1.431146e-03	7.174394e-05	-7.174394e-05	6.187914e-03	-6.337232e-03
88            	2.870849e-03	3.728722e-21	-1.526299e-04	3.815748e-06	6.271535e-03	7.177122e-05	1.439240e-03	1.431609e-03	7.177122e-05	-7.177122e-05	6.195220e-03	-6.347850e-03
89            	2.871329e-03	3.727567e-21	-1.483561e-04	3.708903e-06	6.263675e-03	7.178322e-05	1.439373e-03	1.431955e-03	7.178322e-05	-7.178322e-05	6.189497e-03	-6.337853e-03
90            	2.871202e-03	3.740666e-21	-1.375412e-04	3.438529e-06	6.241226e-03	7.178005e-05	1.439040e-03	1.432163e-03	7.178005e-05	-7.178005e-05	6.172455e-03	-6.309996e-03
91            	2.870455e-03	3.764950e-21	-1.241894e-04	3.104734e-06	6.212429e-03	7.176139e-05	1.438332e-03	1.432123e-03	7.176139e-05	-7.176139e-05	6.150335e-03	-6.274524e-03
92            	2.869230e-03	3.790335e-21	-1.130254e-04	2.825636e-06	6.187171e-03	7.173076e-05	1.437441e-03	1.431789e-03	7.173076e-05	-7.173076e-05	6.130658e-03	-6.243683e-03
93            	2.868049e-03	3.810051e-21	-1.067168e-04	2.667919e-06	6.171968e-03	7.170123e-05	1.436692e-03	1.431357e-03	7.170123e-05	-7.170123e-05	6.118609e-03	-6.225326e-03
94            	2.867280e-03	3.821625e-21	-1.066924e-04	2.667310e-06	6.170504e-03	7.168201e-05	1.436307e-03	1.430973e-03	7.168201e-05	-7.168201e-05	6.117158e-03	-6.223850e-03
95            	2.867068e-03	3.821891e-21	-1.133441e-04	2.833603e-06	6.183826e-03	7.167671e-05	1.436368e-03	1.430701e-03	7.167671e-05	-7.167671e-05	6.127154e-03	-6.240498e-03
96            	2.867507e-03	3.808361e-21	-1.247509e-04	3.118774e-06	6.208093e-03	7.168768e-05	1.436872e-03	1.430635e-03	7.168768e-05	-7.168768e-05	6.145718e-03	-6.270469e-03
97            	2.868530e-03	3.786739e-21	-1.363883e-04	3.409708e-06	6.233969e-03	7.171325e-05	1.437675e-03	1.430855e-03	7.171325e-05	-7.171325e-05	6.165775e-03	-6.302164e-03
98            	2.869662e-03	3.767113e-21	-1.439593e-04	3.598982e-06	6.251740e-03	7.174155e-05	1.438430e-03	1.431232e-03	7.174155e-05	-7.174155e-05	6.179760e-03	-6.323719e-03
99            	2.870427e-03	3.756065e-21	-1.455307e-04	3.638266e-06	6.256452e-03	7.176067e-05	1.438852e-03	1.431575e-03	7.176067e-05	-7.176067e-05	6.183686e-03	-6.329217e-03
100           	2.870682e-03	3.755940e-21	-1.410094e-04	3.525236e-06	6.247629e-03	7.176704e-05	1.438866e-03	1.431816e-03	7.176704e-05	-7.176704e-05	6.177124e-03	-6.318134e-03
101           	2.870441e-03	3.767485e-21	-1.317186e-04	3.292965e-06	6.228080e-03	7.176102e-05	1.438513e-03	1.431927e-03	7.176102e-05	-7.176102e-05	6.162221e-03	-6.293939e-03
102           	2.869691e-03	3.786461e-21	-1.212429e-04	3.031073e-06	6.205144e-03	7.174227e-05	1.437876e-03	1.431814e-03	7.174227e-05	-7.174227e-05	6.144523e-03	-6.265766e-03
103           	2.868647e-03	3.805045e-21	-1.130351e-04	2.825878e-06	6.186278e-03	7.171618e-05	1.437149e-03	1.431498e-03	7.171618e-05	-7.171618e-05	6.129760e-03	-6.242795e-03
104           	2.867729e-03	3.818742e-21	-1.092507e-04	2.731266e-06	6.176743e-03	7.169323e-05	1.436596e-03	1.431133e-03	7.169323e-05	-7.169323e-05	6.122118e-03	-6.231369e-03
105           	2.867213e-03	3.825003e-21	-1.107648e-04	2.769119e-06	6.178903e-03	7.168032e-05	1.436376e-03	1.430837e-03	7.168032e-05	-7.168032e-05	6.123521e-03	-6.234286e-03
106           	2.867170e-03	3.821355e-21	-1.171400e-04	2.928501e-06	6.191938e-03	7.167926e-05	1.436514e-03	1.430657e-03	7.167926e-05	-7.167926e-05	6.133368e-03	-6.250508e-03
107           	2.867614e-03	3.807981e-21	-1.267398e-04	3.168496e-06	6.212493e-03	7.169036e-05	1.436976e-03	1.430639e-03	7.169036e-05	-7.169036e-05	6.149123e-03	-6.275863e-03
108           	2.868461e-03	3.789797e-21	-1.355902e-04	3.389754e-06	6.232294e-03	7.171153e-05	1.437620e-03	1.430841e-03	7.171153e-05	-7.171153e-05	6.164499e-03	-6.300089e-03
109           	2.869299e-03	3.775094e-21	-1.404202e-04	3.510505e-06	6.243863e-03	7.173247e-05	1.438160e-03	1.431139e-03	7.173247e-05	-7.173247e-05	6.173652e-03	-6.314073e-03
110           	2.869804e-03	3.768273e-21	-1.406406e-04	3.516014e-06	6.245291e-03	7.174511e-05	1.438418e-03	1.431386e-03	7.174511e-05	-7.174511e-05	6.174971e-03	-6.315612e-03
111           	2.869903e-03	3.769434e-21	-1.363647e-04	3.409117e-06	6.236656e-03	7.174757e-05	1.438360e-03	1.431542e-03	7.174757e-05	-7.174757e-05	6.168474e-03	-6.304839e-03
112           	2.869635e-03	3.779666e-21	-1.288004e-04	3.220009e-06	6.220596e-03	7.174088e-05	1.438038e-03	1.431598e-03	7.174088e-05	-7.174088e-05	6.156196e-03	-6.284996e-03
113           	2.868998e-03	3.794695e-21	-1.208620e-04	3.021551e-06	6.203076e-03	7.172496e-05	1.437521e-03	1.431478e-03	7.172496e-05	-7.172496e-05	6.142645e-03	-6.263507e-03
114           	2.868201e-03	3.808572e-21	-1.150282e-04	2.875705e-06	6.189556e-03	7.170501e-05	1.436976e-03	1.431225e-03	7.170501e-05	-7.170501e-05	6.132042e-03	-6.247070e-03
115           	2.867554e-03	3.818193e-21	-1.127453e-04	2.818631e-06	6.183631e-03	7.168884e-05	1.436596e-03	1.430958e-03	7.168884e-05	-7.168884e-05	6.127258e-03	-6.240003e-03
116           	2.867216e-03	3.821678e-21	-1.146129e-04	2.865321e-06	6.186851e-03	7.168040e-05	1.436473e-03	1.430743e-03	7.168040e-05	-7.168040e-05	6.129544e-03	-6.244157e-03
117           	2.867241e-03	3.817023e-21	-1.201698e-04	3.004246e-06	6.198320e-03	7.168103e-05	1.436625e-03	1.430616e-03	7.168103e-05	-7.168103e-05	6.138235e-03	-6.258405e-03
118           	2.867654e-03	3.805505e-21	-1.277469e-04	3.193671e-06	6.214657e-03	7.169135e-05	1.437021e-03	1.430633e-03	7.169135e-05	-7.169135e-05	6.150783e-03	-6.278530e-03
119           	2.868375e-03	3.791335e-21	-1.344899e-04	3.362247e-06	6.229889e-03	7.170938e-05	1.437550e-03	1.430825e-03	7.170938e-05	-7.170938e-05	6.162644e-03	-6.297134e-03
120           	2.869017e-03	3.780235e-21	-1.376932e-04	3.442329e-06	6.237729e-03	7.172544e-05	1.437951e-03	1.431066e-03	7.172544e-05	-7.172544e-05	6.168882e-03	-6.306576e-03
121           	2.869358e-03	3.775875e-21	-1.370662e-04	3.426654e-06	6.237094e-03	7.173395e-05	1.438106e-03	1.431252e-03	7.173395e-05	-7.173395e-05	6.168561e-03	-6.305627e-03
122           	2.869377e-03	3.778043e-21	-1.329487e-04	3.323717e-06	6.228645e-03	7.173442e-05	1.438012e-03	1.431365e-03	7.173442e-05	-7.173442e-05	6.162171e-03	-6.295120e-03
123           	2.869099e-03	3.787271e-21	-1.266254e-04	3.165634e-06	6.215116e-03	7.172746e-05	1.437715e-03	1.431384e-03	7.172746e-05	-7.172746e-05	6.151803e-03	-6.278429e-03
124           	2.868544e-03	3.799206e-21	-1.206027e-04	3.015067e-06	6.201680e-03	7.171361e-05	1.437287e-03	1.431257e-03	7.171361e-05	-7.171361e-05	6.141379e-03	-6.261982e-03
125           	2.867933e-03	3.809405e-21	-1.165857e-04	2.914643e-06	6.192250e-03	7.169831e-05	1.436881e-03	1.431052e-03	7.169831e-05	-7.169831e-05	6.133957e-03	-6.250543e-03
126           	2.867482e-03	3.815880e-21	-1.155209e-04	2.888021e-06	6.189206e-03	7.168704e-05	1.436629e-03	1.430853e-03	7.168704e-05	-7.168704e-05	6.131446e-03	-6.246967e-03
127           	2.867280e-03	3.817098e-21	-1.177504e-04	2.943760e-06	6.193423e-03	7.168200e-05	1.436584e-03	1.430696e-03	7.168200e-05	-7.168200e-05	6.134547e-03	-6.252298e-03
128           	2.867368e-03	3.811875e-21	-1.228270e-04	3.070675e-06	6.204000e-03	7.168420e-05	1.436755e-03	1.430613e-03	7.168420e-05	-7.168420e-05	6.142587e-03	-6.265414e-03
129           	2.867800e-03	3.801228e-21	-1.292465e-04	3.231164e-06	6.218001e-03	7.169500e-05	1.437131e-03	1.430669e-03	7.169500e-05	-7.169500e-05	6.153378e-03	-6.282624e-03
130           	2.868378e-03	3.789548e-21	-1.337898e-04	3.344746e-06	6.228465e-03	7.170944e-05	1.437534e-03	1.430844e-03	7.170944e-05	-7.170944e-05	6.161570e-03	-6.295360e-03
131           	2.868820e-03	3.782542e-21	-1.353087e-04	3.382717e-06	6.232456e-03	7.172051e-05	1.437793e-03	1.431027e-03	7.172051e-05	-7.172051e-05	6.164802e-03	-6.300111e-03
132           	2.869003e-03	3.780584e-21	-1.340590e-04	3.351476e-06	6.230216e-03	7.172508e-05	1.437853e-03	1.431150e-03	7.172508e-05	-7.172508e-05	6.163186e-03	-6.297245e-03
133           	2.868946e-03	3.783805e-21	-1.302257e-04	3.255644e-06	6.222224e-03	7.172366e-05	1.437729e-03	1.431218e-03	7.172366e-05	-7.172366e-05	6.157111e-03	-6.287337e-03
134           	2.868669e-03	3.792230e-21	-1.250022e-04	3.125054e-06	6.210957e-03	7.171672e-05	1.437459e-03	1.431209e-03	7.171672e-05	-7.171672e-05	6.148456e-03	-6.273458e-03
135           	2.868202e-03	3.801888e-21	-1.206023e-04	3.015058e-06	6.201020e-03	7.170506e-05	1.437116e-03	1.431086e-03	7.170506e-05	-7.170506e-05	6.140719e-03	-6.261322e-03
136           	2.867752e-03	3.809213e-21	-1.180379e-04	2.950947e-06	6.194887e-03	7.169381e-05	1.436827e-03	1.430925e-03	7.169381e-05	-7.169381e-05	6.135868e-03	-6.253906e-03
137           	2.867465e-03	3.813366e-21	-1.178360e-04	2.945901e-06	6.193938e-03	7.168662e-05	1.436678e-03	1.430787e-03	7.168662e-05	-7.168662e-05	6.135020e-03	-6.252856e-03
138           	2.867370e-03	3.813137e-21	-1.201492e-04	3.003729e-06	6.198526e-03	7.168424e-05	1.436689e-03	1.430681e-03	7.168424e-05	-7.168424e-05	6.138451e-03	-6.258600e-03
139           	2.867496e-03	3.807773e-21	-1.244810e-04	3.112026e-06	6.207649e-03	7.168739e-05	1.436860e-03	1.430636e-03	7.168739e-05	-7.168739e-05	6.145408e-03	-6.269889e-03
140           	2.867854e-03	3.799012e-21	-1.292153e-04	3.230383e-06	6.218047e-03	7.169635e-05	1.437157e-03	1.430697e-03	7.169635e-05	-7.169635e-05	6.153439e-03	-6.282654e-03
141           	2.868303e-03	3.790595e-21	-1.324197e-04	3.310493e-06	6.225505e-03	7.170758e-05	1.437462e-03	1.430841e-03	7.170758e-05	-7.170758e-05	6.159295e-03	-6.291715e-03
142           	2.868632e-03	3.785638e-21	-1.333151e-04	3.332876e-06	6.227985e-03	7.171579e-05	1.437649e-03	1.430983e-03	7.171579e-05	-7.171579e-05	6.161327e-03	-6.294642e-03
143           	2.868753e-03	3.784648e-21	-1.319743e-04	3.299357e-06	6.225443e-03	7.171884e-05	1.437676e-03	1.431077e-03	7.171884e-05	-7.171884e-05	6.159456e-03	-6.291431e-03
144           	2.868687e-03	3.787935e-21	-1.286034e-04	3.215086e-06	6.218395e-03	7.171717e-05	1.437558e-03	1.431128e-03	7.171717e-05	-7.171717e-05	6.154093e-03	-6.282697e-03
145           	2.868415e-03	3.795112e-21	-1.243067e-04	3.107667e-06	6.209041e-03	7.171037e-05	1.437315e-03	1.431100e-03	7.171037e-05	-7.171037e-05	6.146888e-03	-6.271195e-03
146           	2.868020e-03	3.802730e-21	-1.209953e-04	3.024883e-06	6.201472e-03	7.170051e-05	1.437035e-03	1.430985e-03	7.170051e-05	-7.170051e-05	6.140975e-03	-6.261970e-03
147           	2.867682e-03	3.808028e-21	-1.194490e-04	2.986225e-06	6.197641e-03	7.169204e-05	1.436827e-03	1.430855e-03	7.169204e-05	-7.169204e-05	6.137917e-03	-6.257365e-03
148           	2.867492e-03	3.810367e-21	-1.198749e-04	2.996872e-06	6.198166e-03	7.168730e-05	1.436743e-03	1.430749e-03	7.168730e-05	-7.168730e-05	6.138228e-03	-6.258103e-03
149           	2.867463e-03	3.809114e-21	-1.222085e-04	3.055212e-06	6.202911e-03	7.168656e-05	1.436786e-03	1.430676e-03	7.168656e-05	-7.168656e-05	6.141807e-03	-6.264016e-03
150           	2.867609e-03	3.803844e-21	-1.259050e-04	3.147625e-06	6.210770e-03	7.169022e-05	1.436952e-03	1.430657e-03	7.169022e-05	-7.169022e-05	6.147817e-03	-6.273722e-03
151           	2.867927e-03	3.796630e-21	-1.294261e-04	3.235653e-06	6.218606e-03	7.169818e-05	1.437199e-03	1.430728e-03	7.169818e-05	-7.169818e-05	6.153893e-03	-6.283319e-03
152           	2.868269e-03	3.790593e-21	-1.314877e-04	3.287191e-06	6.223507e-03	7.170673e-05	1.437422e-03	1.430847e-03	7.170673e-05	-7.170673e-05	6.157764e-03	-6.289251e-03
153           	2.868488e-03	3.787491e-21	-1.317105e-04	3.292763e-06	6.224386e-03	7.171219e-05	1.437537e-03	1.430951e-03	7.171219e-05	-7.171219e-05	6.158530e-03	-6.290241e-03
154           	2.868548e-03	3.787626e-21	-1.301413e-04	3.253533e-06	6.221262e-03	7.171369e-05	1.437527e-03	1.431020e-03	7.171369e-05	-7.171369e-05	6.156191e-03	-6.286333e-03
155           	2.868457e-03	3.791333e-21	-1.271265e-04	3.178162e-06	6.214903e-03	7.171142e-05	1.437407e-03	1.431050e-03	7.171142e-05	-7.171142e-05	6.151340e-03	-6.278466e-03
156           	2.868216e-03	3.797569e-21	-1.238710e-04	3.096776e-06	6.207752e-03	7.170539e-05	1.437205e-03	1.431011e-03	7.170539e-05	-7.170539e-05	6.145816e-03	-6.269687e-03
157           	2.867897e-03	3.803198e-21	-1.215785e-04	3.039463e-06	6.202421e-03	7.169742e-05	1.436988e-03	1.430909e-03	7.169742e-05	-7.169742e-05	6.141632e-03	-6.263211e-03
158           	2.867655e-03	3.806913e-21	-1.206958e-04	3.017395e-06	6.200145e-03	7.169137e-05	1.436845e-03	1.430810e-03	7.169137e-05	-7.169137e-05	6.139797e-03	-6.260493e-03
159           	2.867538e-03	3.808198e-21	-1.214103e-04	3.035257e-06	6.201403e-03	7.168845e-05	1.436804e-03	1.430734e-03	7.168845e-05	-7.168845e-05	6.140698e-03	-6.262108e-03
160           	2.867555e-03	3.806380e-21	-1.235877e-04	3.089692e-06	6.205909e-03	7.168887e-05	1.436867e-03	1.430688e-03	7.168887e-05	-7.168887e-05	6.144116e-03	-6.267703e-03
161           	2.867713e-03	3.801705e-21	-1.266069e-04	3.165174e-06	6.212404e-03	7.169282e-05	1.437022e-03	1.430691e-03	7.169282e-05	-7.169282e-05	6.149100e-03	-6.275707e-03
162           	2.867991e-03	3.796000e-21	-1.291359e-04	3.228399e-06	6.218140e-03	7.169978e-05	1.437224e-03	1.430767e-03	7.169978e-05	-7.169978e-05	6.153572e-03	-6.282708e-03
163           	2.868251e-03	3.791940e-21	-1.303453e-04	3.258631e-06	6.221137e-03	7.170629e-05	1.437384e-03	1.430867e-03	7.170629e-05	-7.170629e-05	6.155964e-03	-6.286309e-03
164           	2.868384e-03	3.790175e-21	-1.301660e-04	3.254149e-06	6.221017e-03	7.170961e-05	1.437446e-03	1.430938e-03	7.170961e-05	-7.170961e-05	6.155934e-03	-6.286100e-03
165           	2.868398e-03	3.790897e-21	-1.286376e-04	3.215939e-06	6.217894e-03	7.170996e-05	1.437415e-03	1.430983e-03	7.170996e-05	-7.170996e-05	6.153575e-03	-6.282212e-03
166           	2.868298e-03	3.794393e-21	-1.262392e-04	3.155981e-06	6.212768e-03	7.170744e-05	1.437305e-03	1.430993e-03	7.170744e-05	-7.170744e-05	6.149649e-03	-6.275888e-03
167           	2.868095e-03	3.799013e-21	-1.239200e-04	3.098001e-06	6.207614e-03	7.170236e-05	1.437145e-03	1.430949e-03	7.170236e-05	-7.170236e-05	6.145654e-03	-6.269574e-03
168           	2.867866e-03	3.802996e-21	-1.223390e-04	3.058476e-06	6.203927e-03	7.169666e-05	1.436992e-03	1.430875e-03	7.169666e-05	-7.169666e-05	6.142758e-03	-6.265097e-03
169           	2.867701e-03	3.805558e-21	-1.218675e-04	3.046688e-06	6.202646e-03	7.169252e-05	1.436897e-03	1.430804e-03	7.169252e-05	-7.169252e-05	6.141712e-03	-6.263579e-03
170           	2.867627e-03	3.806101e-21	-1.226210e-04	3.065525e-06	6.204061e-03	7.169067e-05	1.436879e-03	1.430748e-03	7.169067e-05	-7.169067e-05	6.142750e-03	-6.265371e-03
171           	2.867657e-03	3.804261e-21	-1.244978e-04	3.112446e-06	6.207968e-03	7.169143e-05	1.436941e-03	1.430716e-03	7.169143e-05	-7.169143e-05	6.145719e-03	-6.270217e-03
172           	2.867811e-03	3.800291e-21	-1.269753e-04	3.174382e-06	6.213346e-03	7.169529e-05	1.437080e-03	1.430731e-03	7.169529e-05	-7.169529e-05	6.149859e-03	-6.276834e-03
173           	2.868030e-03	3.795740e-21	-1.288008e-04	3.220019e-06	6.217522e-03	7.170074e-05	1.437235e-03	1.430795e-03	7.170074e-05	-7.170074e-05	6.153122e-03	-6.281923e-03
174           	2.868210e-03	3.792898e-21	-1.294840e-04	3.237099e-06	6.219280e-03	7.170525e-05	1.437342e-03	1.430868e-03	7.170525e-05	-7.170525e-05	6.154538e-03	-6.284022e-03
175           	2.868294e-03	3.791980e-21	-1.290649e-04	3.226623e-06	6.218572e-03	7.170734e-05	1.437373e-03	1.430920e-03	7.170734e-05	-7.170734e-05	6.154040e-03	-6.283104e-03
176           	2.868282e-03	3.793144e-21	-1.276120e-04	3.190300e-06	6.215564e-03	7.170705e-05	1.437331e-03	1.430951e-03	7.170705e-05	-7.170705e-05	6.151757e-03	-6.279370e-03
177           	2.868179e-03	3.796359e-21	-1.255944e-04	3.139859e-06	6.211219e-03	7.170449e-05	1.437230e-03	1.430950e-03	7.170449e-05	-7.170449e-05	6.148422e-03	-6.274017e-03
178           	2.868003e-03	3.800130e-21	-1.238622e-04	3.096554e-06	6.207321e-03	7.170006e-05	1.437098e-03	1.430905e-03	7.170006e-05	-7.170006e-05	6.145390e-03	-6.269252e-03
179           	2.867829e-03	3.803036e-21	-1.228247e-04	3.070617e-06	6.204856e-03	7.169572e-05	1.436985e-03	1.430844e-03	7.169572e-05	-7.169572e-05	6.143443e-03	-6.266268e-03
180           	2.867718e-03	3.804715e-21	-1.226927e-04	3.067317e-06	6.204379e-03	7.169295e-05	1.436926e-03	1.430792e-03	7.169295e-05	-7.169295e-05	6.143033e-03	-6.265726e-03
181           	2.867681e-03	3.804713e-21	-1.235328e-04	3.088321e-06	6.206042e-03	7.169202e-05	1.436929e-03	1.430752e-03	7.169202e-05	-7.169202e-05	6.144276e-03	-6.267808e-03
182           	2.867726e-03	3.802743e-21	-1.251703e-04	3.129258e-06	6.209488e-03	7.169315e-05	1.436992e-03	1.430734e-03	7.169315e-05	-7.169315e-05	6.146903e-03	-6.272073e-03
183           	2.867860e-03	3.799403e-21	-1.270177e-04	3.175442e-06	6.213534e-03	7.169650e-05	1.437106e-03	1.430755e-03	7.169650e-05	-7.169650e-05	6.150025e-03	-6.277043e-03
184           	2.868034e-03	3.796088e-21	-1.283055e-04	3.207638e-06	6.216519e-03	7.170086e-05	1.437225e-03	1.430810e-03	7.170086e-05	-7.170086e-05	6.152366e-03	-6.280671e-03
185           	2.868169e-03	3.794073e-21	-1.287022e-04	3.217556e-06	6.217596e-03	7.170422e-05	1.437302e-03	1.430867e-03	7.170422e-05	-7.170422e-05	6.153245e-03	-6.281948e-03
186           	2.868224e-03	3.793601e-21	-1.282078e-04	3.205196e-06	6.216680e-03	7.170560e-05	1.437317e-03	1.430907e-03	7.170560e-05	-7.170560e-05	6.152576e-03	-6.280784e-03
187           	2.868203e-03	3.794853e-21	-1.269063e-04	3.172658e-06	6.213968e-03	7.170508e-05	1.437274e-03	1.430929e-03	7.170508e-05	-7.170508e-05	6.150515e-03	-6.277422e-03
188           	2.868106e-03	3.797640e-21	-1.252927e-04	3.132317e-06	6.210464e-03	7.170264e-05	1.437185e-03	1.430920e-03	7.170264e-05	-7.170264e-05	6.147818e-03	-6.273110e-03
189           	2.867951e-03	3.800539e-21	-1.239741e-04	3.099351e-06	6.207457e-03	7.169879e-05	1.437075e-03	1.430876e-03	7.169879e-05	-7.169879e-05	6.145470e-03	-6.269444e-03
190           	2.867816e-03	3.802720e-21	-1.233059e-04	3.082647e-06	6.205823e-03	7.169540e-05	1.436991e-03	1.430825e-03	7.169540e-05	-7.169540e-05	6.144170e-03	-6.267476e-03
191           	2.867741e-03	3.803750e-21	-1.234090e-04	3.085224e-06	6.205897e-03	7.169353e-05	1.436956e-03	1.430785e-03	7.169353e-05	-7.169353e-05	6.144192e-03	-6.267601e-03
192           	2.867729e-03	3.803375e-21	-1.242621e-04	3.106553e-06	6.207632e-03	7.169323e-05	1.436971e-03	1.430758e-03	7.169323e-05	-7.169323e-05	6.145501e-03	-6.269763e-03
193           	2.867784e-03	3.801459e-21	-1.256665e-04	3.141662e-06	6.210618e-03	7.169461e-05	1.437034e-03	1.430751e-03	7.169461e-05	-7.169461e-05	6.147785e-03	-6.273451e-03
194           	2.867902e-03	3.798676e-21	-1.269986e-04	3.174965e-06	6.213582e-03	7.169754e-05	1.437126e-03	1.430776e-03	7.169754e-05	-7.169754e-05	6.150083e-03	-6.277082e-03
195           	2.868035e-03	3.796443e-21	-1.278229e-04	3.195572e-06	6.215536e-03	7.170087e-05	1.437213e-03	1.430822e-03	7.170087e-05	-7.170087e-05	6.151625e-03	-6.279447e-03
196           	2.868120e-03	3.795130e-21	-1.279982e-04	3.199956e-06	6.216058e-03	7.170300e-05	1.437260e-03	1.430860e-03	7.170300e-05	-7.170300e-05	6.152059e-03	-6.280057e-03
197           	2.868150e-03	3.795010e-21	-1.274839e-04	3.187099e-06	6.215053e-03	7.170376e-05	1.437262e-03	1.430888e-03	7.170376e-05	-7.170376e-05	6.151311e-03	-6.278795e-03
198           	2.868123e-03	3.796273e-21	-1.263795e-04	3.159488e-06	6.212735e-03	7.170307e-05	1.437221e-03	1.430902e-03	7.170307e-05	-7.170307e-05	6.149545e-03	-6.275924e-03
199           	2.868037e-03	3.798616e-21	-1.251098e-04	3.127746e-06	6.209961e-03	7.170092e-05	1.437146e-03	1.430891e-03	7.170092e-05	-7.170092e-05	6.147407e-03	-6.272516e-03
200           	2.867917e-03	3.800874e-21	-1.241688e-04	3.104219e-06	6.207795e-03	7.169791e-05	1.437063e-03	1.430854e-03	7.169791e-05	-7.169791e-05	6.145710e-03	-6.269879e-03
201           	2.867821e-03	3.802415e-21	-1.237666e-04	3.094165e-06	6.206786e-03	7.169554e-05	1.437005e-03	1.430817e-03	7.169554e-05	-7.169554e-05	6.144903e-03	-6.268669e-03
202           	2.867776e-03	3.803014e-21	-1.239834e-04	3.099584e-06	6.207150e-03	7.169440e-05	1.436988e-03	1.430788e-03	7.169440e-05	-7.169440e-05	6.145159e-03	-6.269142e-03
203           	2.867779e-03	3.802420e-21	-1.247785e-04	3.119461e-06	6.208790e-03	7.169448e-05	1.437009e-03	1.430770e-03	7.169448e-05	-7.169448e-05	6.146401e-03	-6.271180e-03
204           	2.867835e-03	3.800663e-21	-1.259472e-04	3.148679e-06	6.211294e-03	7.169587e-05	1.437066e-03	1.430769e-03	7.169587e-05	-7.169587e-05	6.148320e-03	-6.274267e-03
205           	2.867934e-03	3.798385e-21	-1.269458e-04	3.173644e-06	6.213537e-03	7.169835e-05	1.437141e-03	1.430793e-03	7.169835e-05	-7.169835e-05	6.150064e-03	-6.277010e-03
206           	2.868035e-03	3.796740e-21	-1.274930e-04	3.187324e-06	6.214859e-03	7.170089e-05	1.437205e-03	1.430830e-03	7.170089e-05	-7.170089e-05	6.151113e-03	-6.278606e-03
207           	2.868093e-03	3.795863e-21	-1.275130e-04	3.187826e-06	6.215007e-03	7.170232e-05	1.437234e-03	1.430859e-03	7.170232e-05	-7.170232e-05	6.151250e-03	-6.278763e-03
208           	2.868107e-03	3.795972e-21	-1.269823e-04	3.174558e-06	6.213938e-03	7.170266e-05	1.437228e-03	1.430879e-03	7.170266e-05	-7.170266e-05	6.150447e-03	-6.277430e-03
209           	2.868074e-03	3.797204e-21	-1.260239e-04	3.150598e-06	6.211911e-03	7.170185e-05	1.437188e-03	1.430886e-03	7.170185e-05	-7.170185e-05	6.148899e-03	-6.274923e-03
210           	2.867996e-03	3.799163e-21	-1.250382e-04	3.125956e-06	6.209735e-03	7.169989e-05	1.437124e-03	1.430872e-03	7.169989e-05	-7.169989e-05	6.147216e-03	-6.272255e-03
211           	2.867898e-03	3.800857e-21	-1.243727e-04	3.109318e-06	6.208178e-03	7.169745e-05	1.437058e-03	1.430840e-03	7.169745e-05	-7.169745e-05	6.145992e-03	-6.270365e-03
212           	2.867829e-03	3.801944e-21	-1.241547e-04	3.103867e-06	6.207600e-03	7.169573e-05	1.437018e-03	1.430811e-03	7.169573e-05	-7.169573e-05	6.145522e-03	-6.269677e-03
213           	2.867799e-03	3.802230e-21	-1.244240e-04	3.110600e-06	6.208100e-03	7.169498e-05	1.437010e-03	1.430789e-03	7.169498e-05	-7.169498e-05	6.145888e-03	-6.270312e-03
214           	2.867810e-03	3.801562e-21	-1.251415e-04	3.128537e-06	6.209595e-03	7.169526e-05	1.437034e-03	1.430777e-03	7.169526e-05	-7.169526e-05	6.147024e-03	-6.272165e-03
215           	2.867865e-03	3.800032e-21	-1.260869e-04	3.152172e-06	6.211637e-03	7.169662e-05	1.437084e-03	1.430780e-03	7.169662e-05	-7.169662e-05	6.148594e-03	-6.274681e-03
216           	2.867952e-03	3.798274e-21	-1.268450e-04	3.171125e-06	6.213365e-03	7.169880e-05	1.437147e-03	1.430805e-03	7.169880e-05	-7.169880e-05	6.149942e-03	-6.276787e-03
217           	2.868030e-03	3.797067e-21	-1.271892e-04	3.179729e-06	6.214226e-03	7.170076e-05	1.437195e-03	1.430835e-03	7.170076e-05	-7.170076e-05	6.150631e-03	-6.277820e-03
218           	2.868068e-03	3.796554e-21	-1.270988e-04	3.177469e-06	6.214109e-03	7.170170e-05	1.437211e-03	1.430856e-03	7.170170e-05	-7.170170e-05	6.150560e-03	-6.277658e-03
219           	2.868069e-03	3.796824e-21	-1.265810e-04	3.164526e-06	6.213045e-03	7.170172e-05	1.437199e-03	1.430870e-03	7.170172e-05	-7.170172e-05	6.149754e-03	-6.276335e-03
220           	2.868034e-03	3.797995e-21	-1.257623e-04	3.144057e-06	6.211298e-03	7.170084e-05	1.437161e-03	1.430873e-03	7.170084e-05	-7.170084e-05	6.148417e-03	-6.274179e-03
221           	2.867965e-03	3.799617e-21	-1.250132e-04	3.125331e-06	6.209627e-03	7.169912e-05	1.437108e-03	1.430857e-03	7.169912e-05	-7.169912e-05	6.147120e-03	-6.272134e-03
222           	2.867890e-03	3.800870e-21	-1.245650e-04	3.114126e-06	6.208561e-03	7.169726e-05	1.437059e-03	1.430831e-03	7.169726e-05	-7.169726e-05	6.146279e-03	-6.270844e-03
223           	2.867844e-03	3.801595e-21	-1.244812e-04	3.112029e-06	6.208301e-03	7.169609e-05	1.437034e-03	1.430810e-03	7.169609e-05	-7.169609e-05	6.146060e-03	-6.270541e-03
224           	2.867827e-03	3.801653e-21	-1.247859e-04	3.119647e-06	6.208899e-03	7.169567e-05	1.437033e-03	1.430794e-03	7.169567e-05	-7.169567e-05	6.146506e-03	-6.271292e-03
225           	2.867843e-03	3.800924e-21	-1.254205e-04	3.135512e-06	6.210232e-03	7.169608e-05	1.437057e-03	1.430786e-03	7.169608e-05	-7.169608e-05	6.147522e-03	-6.272942e-03
226           	2.867893e-03	3.799599e-21	-1.261298e-04	3.153245e-06	6.211786e-03	7.169733e-05	1.437100e-03	1.430793e-03	7.169733e-05	-7.169733e-05	6.148721e-03	-6.274851e-03
227           	2.867962e-03	3.798362e-21	-1.266424e-04	3.166061e-06	6.212973e-03	7.169904e-05	1.437147e-03	1.430815e-03	7.169904e-05	-7.169904e-05	6.149652e-03	-6.276294e-03
228           	2.868014e-03	3.797536e-21	-1.268519e-04	3.171298e-06	6.213504e-03	7.170035e-05	1.437178e-03	1.430836e-03	7.170035e-05	-7.170035e-05	6.150078e-03	-6.276930e-03
229           	2.868039e-03	3.797246e-21	-1.267236e-04	3.168089e-06	6.213286e-03	7.170098e-05	1.437188e-03	1.430852e-03	7.170098e-05	-7.170098e-05	6.149924e-03	-6.276648e-03
230           	2.868036e-03	3.797607e-21	-1.262732e-04	3.156829e-06	6.212354e-03	7.170089e-05	1.437175e-03	1.430861e-03	7.170089e-05	-7.170089e-05	6.149217e-03	-6.275490e-03
231           	2.868004e-03	3.798601e-21	-1.256527e-04	3.141318e-06	6.211017e-03	7.170010e-05	1.437143e-03	1.430861e-03	7.170010e-05	-7.170010e-05	6.148191e-03	-6.273844e-03
232           	2.867950e-03	3.799752e-21	-1.251247e-04	3.128116e-06	6.209828e-03	7.169875e-05	1.437103e-03	1.430847e-03	7.169875e-05	-7.169875e-05	6.147265e-03	-6.272390e-03
233           	2.867897e-03	3.800635e-21	-1.248110e-04	3.120274e-06	6.209082e-03	7.169743e-05	1.437069e-03	1.430828e-03	7.169743e-05	-7.169743e-05	6.146676e-03	-6.271487e-03
234           	2.867864e-03	3.801135e-21	-1.247799e-04	3.119498e-06	6.208957e-03	7.169661e-05	1.437052e-03	1.430813e-03	7.169661e-05	-7.169661e-05	6.146567e-03	-6.271347e-03
235           	2.867854e-03	3.801105e-21	-1.250530e-04	3.126324e-06	6.209500e-03	7.169635e-05	1.437053e-03	1.430801e-03	7.169635e-05	-7.169635e-05	6.146973e-03	-6.272026e-03
236           	2.867869e-03	3.800460e-21	-1.255714e-04	3.139284e-06	6.210592e-03	7.169672e-05	1.437074e-03	1.430795e-03	7.169672e-05	-7.169672e-05	6.147806e-03	-6.273377e-03
237           	2.867910e-03	3.799395e-21	-1.261175e-04	3.152936e-06	6.211792e-03	7.169775e-05	1.437108e-03	1.430802e-03	7.169775e-05	-7.169775e-05	6.148734e-03	-6.274851e-03
238           	2.867963e-03	3.798454e-21	-1.264943e-04	3.162359e-06	6.212670e-03	7.169907e-05	1.437144e-03	1.430819e-03	7.169907e-05	-7.169907e-05	6.149423e-03	-6.275917e-03
239           	2.868001e-03	3.797841e-21	-1.266252e-04	3.165630e-06	6.213011e-03	7.170002e-05	1.437166e-03	1.430835e-03	7.170002e-05	-7.170002e-05	6.149698e-03	-6.276324e-03
240           	2.868018e-03	3.797673e-21	-1.264851e-04	3.162127e-06	6.212753e-03	7.170044e-05	1.437171e-03	1.430847e-03	7.170044e-05	-7.170044e-05	6.149511e-03	-6.275996e-03
241           	2.868012e-03	3.798037e-21	-1.260969e-04	3.152422e-06	6.211945e-03	7.170030e-05	1.437158e-03	1.430854e-03	7.170030e-05	-7.170030e-05	6.148897e-03	-6.274994e-03
242           	2.867983e-03	3.798874e-21	-1.256045e-04	3.140113e-06	6.210878e-03	7.169959e-05	1.437132e-03	1.430852e-03	7.169959e-05	-7.169959e-05	6.148076e-03	-6.273680e-03
243           	2.867937e-03	3.799764e-21	-1.251961e-04	3.129903e-06	6.209950e-03	7.169844e-05	1.437099e-03	1.430839e-03	7.169844e-05	-7.169844e-05	6.147352e-03	-6.272548e-03
244           	2.867897e-03	3.800438e-21	-1.249854e-04	3.124634e-06	6.209438e-03	7.169742e-05	1.437073e-03	1.430824e-03	7.169742e-05	-7.169742e-05	6.146946e-03	-6.271931e-03
245           	2.867874e-03	3.800756e-21	-1.250132e-04	3.125329e-06	6.209453e-03	7.169684e-05	1.437062e-03	1.430812e-03	7.169684e-05	-7.169684e-05	6.146946e-03	-6.271959e-03
246           	2.867870e-03	3.800636e-21	-1.252737e-04	3.131843e-06	6.209983e-03	7.169675e-05	1.437067e-03	1.430803e-03	7.169675e-05	-7.169675e-05	6.147346e-03	-6.272620e-03
247           	2.867887e-03	3.800042e-21	-1.257070e-04	3.142675e-06	6.210903e-03	7.169717e-05	1.437086e-03	1.430801e-03	7.169717e-05	-7.169717e-05	6.148050e-03	-6.273757e-03
248           	2.867923e-03	3.799174e-21	-1.261238e-04	3.153095e-06	6.211829e-03	7.169807e-05	1.437114e-03	1.430808e-03	7.169807e-05	-7.169807e-05	6.148767e-03	-6.274890e-03
249           	2.867963e-03	3.798467e-21	-1.263850e-04	3.159624e-06	6.212445e-03	7.169909e-05	1.437141e-03	1.430822e-03	7.169909e-05	-7.169909e-05	6.149252e-03	-6.275637e-03
250           	2.867990e-03	3.798046e-21	-1.264438e-04	3.161095e-06	6.212616e-03	7.169975e-05	1.437156e-03	1.430834e-03	7.169975e-05	-7.169975e-05	6.149394e-03	-6.275838e-03
251           	2.868000e-03	3.797996e-21	-1.262876e-04	3.157189e-06	6.212312e-03	7.170000e-05	1.437157e-03	1.430843e-03	7.170000e-05	-7.170000e-05	6.149168e-03	-6.275455e-03
252           	2.867991e-03	3.798377e-21	-1.259462e-04	3.148656e-06	6.211595e-03	7.169978e-05	1.437144e-03	1.430847e-03	7.169978e-05	-7.169978e-05	6.148622e-03	-6.274568e-03
253           	2.867965e-03	3.799099e-21	-1.255506e-04	3.138764e-06	6.210731e-03	7.169912e-05	1.437121e-03	1.430844e-03	7.169912e-05	-7.169912e-05	6.147955e-03	-6.273506e-03
254           	2.867927e-03	3.799803e-21	-1.252560e-04	3.131399e-06	6.210053e-03	7.169818e-05	1.437095e-03	1.430832e-03	7.169818e-05	-7.169818e-05	6.147425e-03	-6.272681e-03
255           	2.867898e-03	3.800285e-21	-1.251287e-04	3.128218e-06	6.209735e-03	7.169744e-05	1.437077e-03	1.430821e-03	7.169744e-05	-7.169744e-05	6.147170e-03	-6.272299e-03
256           	2.867884e-03	3.800470e-21	-1.251893e-04	3.129733e-06	6.209834e-03	7.169709e-05	1.437072e-03	1.430812e-03	7.169709e-05	-7.169709e-05	6.147239e-03	-6.272428e-03
257           	2.867885e-03	3.800298e-21	-1.254300e-04	3.135749e-06	6.210331e-03	7.169712e-05	1.437078e-03	1.430807e-03	7.169712e-05	-7.169712e-05	6.147616e-03	-6.273046e-03
258           	2.867902e-03	3.799765e-21	-1.257915e-04	3.144788e-06	6.211105e-03	7.169755e-05	1.437096e-03	1.430806e-03	7.169755e-05	-7.169755e-05	6.148209e-03	-6.274001e-03
259           	2.867932e-03	3.799056e-21	-1.261062e-04	3.152654e-06	6.211810e-03	7.169830e-05	1.437119e-03	1.430813e-03	7.169830e-05	-7.169830e-05	6.148757e-03	-6.274863e-03
260           	2.867964e-03	3.798538e-21	-1.262834e-04	3.157084e-06	6.212235e-03	7.169909e-05	1.437139e-03	1.430825e-03	7.169909e-05	-7.169909e-05	6.149094e-03	-6.275377e-03
261           	2.867982e-03	3.798254e-21	-1.262980e-04	3.157449e-06	6.212299e-03	7.169955e-05	1.437148e-03	1.430834e-03	7.169955e-05	-7.169955e-05	6.149150e-03	-6.275448e-03
262           	2.867987e-03	3.798274e-21	-1.261409e-04	3.153522e-06	6.211985e-03	7.169968e-05	1.437147e-03	1.430840e-03	7.169968e-05	-7.169968e-05	6.148915e-03	-6.275056e-03
263           	2.867978e-03	3.798642e-21	-1.258472e-04	3.146180e-06	6.211365e-03	7.169945e-05	1.437135e-03	1.430843e-03	7.169945e-05	-7.169945e-05	6.148442e-03	-6.274289e-03
264           	2.867954e-03	3.799246e-21	-1.255388e-04	3.138470e-06	6.210686e-03	7.169886e-05	1.437116e-03	1.430839e-03	7.169886e-05	-7.169886e-05	6.147917e-03	-6.273456e-03
265           	2.867924e-03	3.799779e-21	-1.253263e-04	3.133156e-06	6.210191e-03	7.169810e-05	1.437095e-03	1.430829e-03	7.169810e-05	-7.169810e-05	6.147527e-03	-6.272854e-03
266           	2.867902e-03	3.800126e-21	-1.252513e-04	3.131281e-06	6.209995e-03	7.169755e-05	1.437082e-03	1.430820e-03	7.169755e-05	-7.169755e-05	6.147369e-03	-6.272621e-03
267           	2.867892e-03	3.800226e-21	-1.253271e-04	3.133178e-06	6.210134e-03	7.169731e-05	1.437079e-03	1.430813e-03	7.169731e-05	-7.169731e-05	6.147470e-03	-6.272797e-03
268           	2.867895e-03	3.800031e-21	-1.255424e-04	3.138559e-06	6.210581e-03	7.169738e-05	1.437086e-03	1.430809e-03	7.169738e-05	-7.169738e-05	6.147810e-03	-6.273352e-03
269           	2.867911e-03	3.799570e-21	-1.258168e-04	3.145420e-06	6.211176e-03	7.169778e-05	1.437101e-03	1.430810e-03	7.169778e-05	-7.169778e-05	6.148268e-03	-6.274085e-03
270           	2.867937e-03	3.799076e-21	-1.260452e-04	3.151130e-06	6.211696e-03	7.169843e-05	1.437120e-03	1.430817e-03	7.169843e-05	-7.169843e-05	6.148673e-03	-6.274718e-03
271           	2.867960e-03	3.798701e-21	-1.261640e-04	3.154099e-06	6.211984e-03	7.169900e-05	1.437134e-03	1.430826e-03	7.169900e-05	-7.169900e-05	6.148902e-03	-6.275066e-03
272           	2.867973e-03	3.798525e-21	-1.261501e-04	3.153753e-06	6.211980e-03	7.169932e-05	1.437140e-03	1.430833e-03	7.169932e-05	-7.169932e-05	6.148905e-03	-6.275055e-03
273           	2.867975e-03	3.798591e-21	-1.260065e-04	3.150161e-06	6.211688e-03	7.169938e-05	1.437138e-03	1.430837e-03	7.169938e-05	-7.169938e-05	6.148685e-03	-6.274691e-03
274           	2.867966e-03	3.798921e-21	-1.257662e-04	3.144154e-06	6.211178e-03	7.169915e-05	1.437127e-03	1.430839e-03	7.169915e-05	-7.169915e-05	6.148295e-03	-6.274061e-03
275           	2.867946e-03	3.799404e-21	-1.255328e-04	3.138320e-06	6.210661e-03	7.169866e-05	1.437112e-03	1.430835e-03	7.169866e-05	-7.169866e-05	6.147894e-03	-6.273427e-03
276           	2.867924e-03	3.799801e-21	-1.253851e-04	3.134627e-06	6.210313e-03	7.169809e-05	1.437096e-03	1.430827e-03	7.169809e-05	-7.169809e-05	6.147620e-03	-6.273005e-03
277           	2.867908e-03	3.800040e-21	-1.253498e-04	3.133746e-06	6.210212e-03	7.169771e-05	1.437088e-03	1.430820e-03	7.169771e-05	-7.169771e-05	6.147537e-03	-6.272887e-03
278           	2.867903e-03	3.800073e-21	-1.254344e-04	3.135859e-06	6.210375e-03	7.169757e-05	1.437087e-03	1.430815e-03	7.169757e-05	-7.169757e-05	6.147658e-03	-6.273093e-03
279           	2.867907e-03	3.799871e-21	-1.256273e-04	3.140682e-06	6.210779e-03	7.169768e-05	1.437094e-03	1.430813e-03	7.169768e-05	-7.169768e-05	6.147966e-03	-6.273593e-03
280           	2.867922e-03	3.799454e-21	-1.258562e-04	3.146406e-06	6.211279e-03	7.169806e-05	1.437108e-03	1.430815e-03	7.169806e-05	-7.169806e-05	6.148351e-03	-6.274207e-03
281           	2.867944e-03	3.799046e-21	-1.260216e-04	3.150540e-06	6.211661e-03	7.169860e-05	1.437123e-03	1.430821e-03	7.169860e-05	-7.169860e-05	6.148650e-03	-6.274672e-03
282           	2.867960e-03	3.798775e-21	-1.260902e-04	3.152255e-06	6.211833e-03	7.169901e-05	1.437132e-03	1.430828e-03	7.169901e-05	-7.169901e-05	6.148788e-03	-6.274878e-03
283           	2.867968e-03	3.798676e-21	-1.260537e-04	3.151341e-06	6.211772e-03	7.169920e-05	1.437135e-03	1.430833e-03	7.169920e-05	-7.169920e-05	6.148745e-03	-6.274799e-03
284           	2.867967e-03	3.798780e-21	-1.259164e-04	3.147911e-06	6.211488e-03	7.169917e-05	1.437131e-03	1.430836e-03	7.169917e-05	-7.169917e-05	6.148530e-03	-6.274446e-03
285           	2.867957e-03	3.799085e-21	-1.257235e-04	3.143087e-06	6.211072e-03	7.169893e-05	1.437122e-03	1.430836e-03	7.169893e-05	-7.169893e-05	6.148211e-03	-6.273934e-03
286           	2.867940e-03	3.799446e-21	-1.255568e-04	3.138921e-06	6.210698e-03	7.169851e-05	1.437109e-03	1.430831e-03	7.169851e-05	-7.169851e-05	6.147919e-03	-6.273476e-03
287           	2.867924e-03	3.799725e-21	-1.254557e-04	3.136393e-06	6.210458e-03	7.169810e-05	1.437098e-03	1.430826e-03	7.169810e-05	-7.169810e-05	6.147730e-03	-6.273186e-03
288           	2.867913e-03	3.799886e-21	-1.254418e-04	3.136044e-06	6.210410e-03	7.169784e-05	1.437093e-03	1.430821e-03	7.169784e-05	-7.169784e-05	6.147689e-03	-6.273131e-03
289           	2.867910e-03	3.799885e-21	-1.255224e-04	3.138061e-06	6.210570e-03	7.169775e-05	1.437093e-03	1.430817e-03	7.169775e-05	-7.169775e-05	6.147809e-03	-6.273331e-03
290           	2.867914e-03	3.799692e-21	-1.256809e-04	3.142022e-06	6.210903e-03	7.169786e-05	1.437099e-03	1.430815e-03	7.169786e-05	-7.169786e-05	6.148063e-03	-6.273744e-03
291           	2.867927e-03	3.799364e-21	-1.258516e-04	3.146289e-06	6.211278e-03	7.169817e-05	1.437110e-03	1.430817e-03	7.169817e-05	-7.169817e-05	6.148352e-03	-6.274204e-03
292           	2.867943e-03	3.799068e-21	-1.259715e-04	3.149287e-06	6.211556e-03	7.169858e-05	1.437121e-03	1.430822e-03	7.169858e-05	-7.169858e-05	6.148571e-03	-6.274542e-03
293           	2.867956e-03	3.798874e-21	-1.260158e-04	3.150394e-06	6.211671e-03	7.169889e-05	1.437128e-03	1.430827e-03	7.169889e-05	-7.169889e-05	6.148663e-03	-6.274679e-03
294           	2.867961e-03	3.798815e-21	-1.259763e-04	3.149408e-06	6.211599e-03	7.169903e-05	1.437130e-03	1.430831e-03	7.169903e-05	-7.169903e-05	6.148611e-03	-6.274588e-03
295           	2.867960e-03	3.798921e-21	-1.258596e-04	3.146491e-06	6.211357e-03	7.169899e-05	1.437126e-03	1.430833e-03	7.169899e-05	-7.169899e-05	6.148427e-03	-6.274287e-03
296           	2.867951e-03	3.799172e-21	-1.257088e-04	3.142720e-06	6.211031e-03	7.169878e-05	1.437118e-03	1.430833e-03	7.169878e-05	-7.169878e-05	6.148176e-03	-6.273885e-03
297           	2.867938e-03	3.799448e-21	-1.255837e-04	3.139592e-06	6.210747e-03	7.169844e-05	1.437108e-03	1.430829e-03	7.169844e-05	-7.169844e-05	6.147956e-03	-6.273539e-03
298           	2.867925e-03	3.799656e-21	-1.255119e-04	3.137798e-06	6.210576e-03	7.169813e-05	1.437100e-03	1.430825e-03	7.169813e-05	-7.169813e-05	6.147820e-03	-6.273332e-03
299           	2.867918e-03	3.799771e-21	-1.255104e-04	3.137759e-06	6.210559e-03	7.169794e-05	1.437097e-03	1.430821e-03	7.169794e-05	-7.169794e-05	6.147804e-03	-6.273314e-03
300           	2.867916e-03	3.799752e-21	-1.255833e-04	3.139582e-06	6.210705e-03	7.169789e-05	1.437097e-03	1.430818e-03	7.169789e-05	-7.169789e-05	6.147914e-03	-6.273497e-03
301           	2.867920e-03	3.799584e-21	-1.257137e-04	3.142843e-06	6.210981e-03	7.169800e-05	1.437103e-03	1.430817e-03	7.169800e-05	-7.169800e-05	6.148124e-03	-6.273838e-03
302           	2.867931e-03	3.799319e-21	-1.258458e-04	3.146146e-06	6.211273e-03	7.169826e-05	1.437111e-03	1.430819e-03	7.169826e-05	-7.169826e-05	6.148350e-03	-6.274196e-03
303           	2.867943e-03	3.799094e-21	-1.259335e-04	3.148337e-06	6.211478e-03	7.169859e-05	1.437120e-03	1.430823e-03	7.169859e-05	-7.169859e-05	6.148511e-03	-6.274445e-03
304           	2.867953e-03	3.798952e-21	-1.259597e-04	3.148992e-06	6.211549e-03	7.169881e-05	1.437125e-03	1.430827e-03	7.169881e-05	-7.169881e-05	6.148569e-03	-6.274529e-03
305           	2.867956e-03	3.798922e-21	-1.259190e-04	3.147975e-06	6.211472e-03	7.169890e-05	1.437126e-03	1.430830e-03	7.169890e-05	-7.169890e-05	6.148513e-03	-6.274432e-03
306           	2.867954e-03	3.799023e-21	-1.258173e-04	3.145432e-06	6.211260e-03	7.169886e-05	1.437123e-03	1.430832e-03	7.169886e-05	-7.169886e-05	6.148351e-03	-6.274168e-03
307           	2.867946e-03	3.799241e-21	-1.256893e-04	3.142233e-06	6.210981e-03	7.169865e-05	1.437115e-03	1.430831e-03	7.169865e-05	-7.169865e-05	6.148136e-03	-6.273826e-03
308           	2.867934e-03	3.799470e-21	-1.255932e-04	3.139831e-06	6.210761e-03	7.169836e-05	1.437107e-03	1.430827e-03	7.169836e-05	-7.169836e-05	6.147964e-03	-6.273558e-03
309           	2.867925e-03	3.799625e-21	-1.255509e-04	3.138774e-06	6.210656e-03	7.169813e-05	1.437101e-03	1.430824e-03	7.169813e-05	-7.169813e-05	6.147881e-03	-6.273432e-03
310           	2.867920e-03	3.799686e-21	-1.255663e-04	3.139157e-06	6.210679e-03	7.169801e-05	1.437099e-03	1.430821e-03	7.169801e-05	-7.169801e-05	6.147896e-03	-6.273462e-03
311           	2.867920e-03	3.799639e-21	-1.256370e-04	3.140924e-06	6.210824e-03	7.169801e-05	1.437101e-03	1.430819e-03	7.169801e-05	-7.169801e-05	6.148006e-03	-6.273643e-03
312           	2.867925e-03	3.799481e-21	-1.257476e-04	3.143689e-06	6.211060e-03	7.169813e-05	1.437106e-03	1.430819e-03	7.169813e-05	-7.169813e-05	6.148187e-03	-6.273934e-03
313           	2.867934e-03	3.799263e-21	-1.258469e-04	3.146171e-06	6.211282e-03	7.169835e-05	1.437113e-03	1.430821e-03	7.169835e-05	-7.169835e-05	6.148358e-03	-6.274205e-03
314           	2.867944e-03	3.799099e-21	-1.259050e-04	3.147624e-06	6.211420e-03	7.169860e-05	1.437120e-03	1.430824e-03	7.169860e-05	-7.169860e-05	6.148468e-03	-6.274373e-03
315           	2.867950e-03	3.799007e-21	-1.259134e-04	3.147835e-06	6.211449e-03	7.169875e-05	1.437123e-03	1.430827e-03	7.169875e-05	-7.169875e-05	6.148492e-03	-6.274406e-03
316           	2.867952e-03	3.799006e-21	-1.258689e-04	3.146723e-06	6.211361e-03	7.169880e-05	1.437123e-03	1.430829e-03	7.169880e-05	-7.169880e-05	6.148427e-03	-6.274295e-03
317           	2.867950e-03	3.799113e-21	-1.257808e-04	3.144520e-06	6.211175e-03	7.169874e-05	1.437119e-03	1.430830e-03	7.169874e-05	-7.169874e-05	6.148285e-03	-6.274066e-03
318           	2.867943e-03	3.799297e-21	-1.256848e-04	3.142121e-06	6.210965e-03	7.169856e-05	1.437113e-03	1.430829e-03	7.169856e-05	-7.169856e-05	6.148123e-03	-6.273807e-03
319           	2.867933e-03	3.799464e-21	-1.256167e-04	3.140419e-06	6.210807e-03	7.169833e-05	1.437107e-03	1.430826e-03	7.169833e-05	-7.169833e-05	6.147999e-03	-6.273615e-03
320           	2.867926e-03	3.799575e-21	-1.255903e-04	3.139758e-06	6.210739e-03	7.169816e-05	1.437103e-03	1.430823e-03	7.169816e-05	-7.169816e-05	6.147944e-03	-6.273535e-03
321           	2.867923e-03	3.799612e-21	-1.256101e-04	3.140253e-06	6.210774e-03	7.169808e-05	1.437102e-03	1.430821e-03	7.169808e-05	-7.169808e-05	6.147969e-03	-6.273579e-03
322           	2.867924e-03	3.799559e-21	-1.256735e-04	3.141838e-06	6.210906e-03	7.169809e-05	1.437104e-03	1.430820e-03	7.169809e-05	-7.169809e-05	6.148069e-03	-6.273743e-03
323           	2.867928e-03	3.799421e-21	-1.257582e-04	3.143956e-06	6.211089e-03	7.169821e-05	1.437108e-03	1.430820e-03	7.169821e-05	-7.169821e-05	6.148210e-03	-6.273968e-03
324           	2.867936e-03	3.799266e-21	-1.258287e-04	3.145716e-06	6.211248e-03	7.169840e-05	1.437114e-03	1.430822e-03	7.169840e-05	-7.169840e-05	6.148334e-03	-6.274163e-03
325           	2.867943e-03	3.799149e-21	-1.258693e-04	3.146732e-06	6.211345e-03	7.169857e-05	1.437118e-03	1.430825e-03	7.169857e-05	-7.169857e-05	6.148411e-03	-6.274280e-03
326           	2.867947e-03	3.799084e-21	-1.258712e-04	3.146780e-06	6.211357e-03	7.169868e-05	1.437120e-03	1.430827e-03	7.169868e-05	-7.169868e-05	6.148422e-03	-6.274293e-03
327           	2.867948e-03	3.799093e-21	-1.258317e-04	3.145793e-06	6.211278e-03	7.169871e-05	1.437120e-03	1.430828e-03	7.169871e-05	-7.169871e-05	6.148362e-03	-6.274194e-03
328           	2.867946e-03	3.799186e-21	-1.257598e-04	3.143996e-06	6.211126e-03	7.169865e-05	1.437117e-03	1.430829e-03	7.169865e-05	-7.169865e-05	6.148246e-03	-6.274006e-03
329           	2.867940e-03	3.799332e-21	-1.256860e-04	3.142151e-06	6.210964e-03	7.169851e-05	1.437112e-03	1.430828e-03	7.169851e-05	-7.169851e-05	6.148121e-03	-6.273807e-03
330           	2.867933e-03	3.799459e-21	-1.256363e-04	3.140907e-06	6.210847e-03	7.169833e-05	1.437107e-03	1.430826e-03	7.169833e-05	-7.169833e-05	6.148029e-03	-6.273666e-03
331           	2.867928e-03	3.799540e-21	-1.256203e-04	3.140509e-06	6.210805e-03	7.169820e-05	1.437105e-03	1.430824e-03	7.169820e-05	-7.169820e-05	6.147995e-03	-6.273615e-03
332           	2.867926e-03	3.799559e-21	-1.256415e-04	3.141037e-06	6.210845e-03	7.169815e-05	1.437104e-03	1.430822e-03	7.169815e-05	-7.169815e-05	6.148024e-03	-6.273665e-03
333           	2.867927e-03	3.799506e-21	-1.256965e-04	3.142413e-06	6.210959e-03	7.169817e-05	1.437106e-03	1.430821e-03	7.169817e-05	-7.169817e-05	6.148111e-03	-6.273808e-03
334           	2.867931e-03	3.799388e-21	-1.257669e-04	3.144173e-06	6.211113e-03	7.169828e-05	1.437110e-03	1.430822e-03	7.169828e-05	-7.169828e-05	6.148229e-03	-6.273996e-03
335           	2.867938e-03	3.799262e-21	-1.258208e-04	3.145520e-06	6.211236e-03	7.169844e-05	1.437114e-03	1.430823e-03	7.169844e-05	-7.169844e-05	6.148325e-03	-6.274146e-03
336           	2.867943e-03	3.799175e-21	-1.258455e-04	3.146137e-06	6.211297e-03	7.169857e-05	1.437118e-03	1.430825e-03	7.169857e-05	-7.169857e-05	6.148374e-03	-6.274219e-03
337           	2.867946e-03	3.799140e-21	-1.258384e-04	3.145960e-06	6.211287e-03	7.169864e-05	1.437119e-03	1.430827e-03	7.169864e-05	-7.169864e-05	6.148368e-03	-6.274206e-03
338           	2.867946e-03	3.799162e-21	-1.258000e-04	3.145000e-06	6.211208e-03	7.169865e-05	1.437118e-03	1.430828e-03	7.169865e-05	-7.169865e-05	6.148308e-03	-6.274108e-03
339           	2.867943e-03	3.799249e-21	-1.257389e-04	3.143472e-06	6.211078e-03	7.169858e-05	1.437115e-03	1.430828e-03	7.169858e-05	-7.169858e-05	6.148209e-03	-6.273948e-03
340           	2.867938e-03	3.799370e-21	-1.256835e-04	3.142088e-06	6.210955e-03	7.169846e-05	1.437111e-03	1.430827e-03	7.169846e-05	-7.169846e-05	6.148113e-03	-6.273797e-03
341           	2.867933e-03	3.799463e-21	-1.256508e-04	3.141269e-06	6.210877e-03	7.169832e-05	1.437108e-03	1.430825e-03	7.169832e-05	-7.169832e-05	6.148052e-03	-6.273702e-03
342           	2.867930e-03	3.799515e-21	-1.256454e-04	3.141135e-06	6.210860e-03	7.169824e-05	1.437106e-03	1.430824e-03	7.169824e-05	-7.169824e-05	6.148037e-03	-6.273682e-03
343           	2.867928e-03	3.799516e-21	-1.256694e-04	3.141734e-06	6.210907e-03	7.169821e-05	1.437106e-03	1.430822e-03	7.169821e-05	-7.169821e-05	6.148072e-03	-6.273742e-03
344           	2.867930e-03	3.799458e-21	-1.257178e-04	3.142945e-06	6.211009e-03	7.169824e-05	1.437108e-03	1.430822e-03	7.169824e-05	-7.169824e-05	6.148150e-03	-6.273868e-03
345           	2.867933e-03	3.799356e-21	-1.257711e-04	3.144277e-06	6.211126e-03	7.169834e-05	1.437111e-03	1.430822e-03	7.169834e-05	-7.169834e-05	6.148240e-03	-6.274011e-03
346           	2.867939e-03	3.799263e-21	-1.258092e-04	3.145230e-06	6.211214e-03	7.169846e-05	1.437115e-03	1.430824e-03	7.169846e-05	-7.169846e-05	6.148309e-03	-6.274118e-03
347           	2.867942e-03	3.799201e-21	-1.258243e-04	3.145608e-06	6.211252e-03	7.169856e-05	1.437117e-03	1.430826e-03	7.169856e-05	-7.169856e-05	6.148340e-03	-6.274164e-03
348           	2.867944e-03	3.799180e-21	-1.258139e-04	3.145347e-06	6.211234e-03	7.169861e-05	1.437117e-03	1.430827e-03	7.169861e-05	-7.169861e-05	6.148327e-03	-6.274141e-03
349           	2.867944e-03	3.799208e-21	-1.257792e-04	3.144481e-06	6.211162e-03	7.169860e-05	1.437116e-03	1.430827e-03	7.169860e-05	-7.169860e-05	6.148272e-03	-6.274052e-03
350           	2.867941e-03	3.799284e-21	-1.257324e-04	3.143310e-06	6.211061e-03	7.169853e-05	1.437114e-03	1.430827e-03	7.169853e-05	-7.169853e-05	6.148195e-03	-6.273927e-03
351           	2.867937e-03	3.799370e-21	-1.256932e-04	3.142329e-06	6.210972e-03	7.169843e-05	1.437111e-03	1.430826e-03	7.169843e-05	-7.169843e-05	6.148126e-03	-6.273819e-03
352           	2.867933e-03	3.799435e-21	-1.256703e-04	3.141757e-06	6.210918e-03	7.169833e-05	1.437108e-03	1.430825e-03	7.169833e-05	-7.169833e-05	6.148083e-03	-6.273753e-03
353           	2.867931e-03	3.799472e-21	-1.256688e-04	3.141720e-06	6.210910e-03	7.169827e-05	1.437107e-03	1.430824e-03	7.169827e-05	-7.169827e-05	6.148076e-03	-6.273745e-03
354           	2.867930e-03	3.799468e-21	-1.256902e-04	3.142255e-06	6.210953e-03	7.169826e-05	1.437107e-03	1.430823e-03	7.169826e-05	-7.169826e-05	6.148108e-03	-6.273798e-03
355           	2.867931e-03	3.799417e-21	-1.257298e-04	3.143244e-06	6.211036e-03	7.169829e-05	1.437109e-03	1.430822e-03	7.169829e-05	-7.169829e-05	6.148172e-03	-6.273901e-03
356           	2.867935e-03	3.799336e-21	-1.257708e-04	3.144269e-06	6.211127e-03	7.169836e-05	1.437112e-03	1.430823e-03	7.169836e-05	-7.169836e-05	6.148241e-03	-6.274012e-03
357           	2.867939e-03	3.799266e-21	-1.257986e-04	3.144966e-06	6.211192e-03	7.169846e-05	1.437114e-03	1.430824e-03	7.169846e-05	-7.169846e-05	6.148292e-03	-6.274091e-03
358           	2.867941e-03	3.799220e-21	-1.258078e-04	3.145196e-06	6.211216e-03	7.169853e-05	1.437116e-03	1.430825e-03	7.169853e-05	-7.169853e-05	6.148312e-03	-6.274120e-03
359           	2.867943e-03	3.799209e-21	-1.257966e-04	3.144914e-06	6.211195e-03	7.169856e-05	1.437116e-03	1.430826e-03	7.169856e-05	-7.169856e-05	6.148297e-03	-6.274093e-03
360           	2.867942e-03	3.799237e-21	-1.257665e-04	3.144163e-06	6.211132e-03	7.169855e-05	1.437115e-03	1.430827e-03	7.169855e-05	-7.169855e-05	6.148249e-03	-6.274016e-03
361           	2.867940e-03	3.799302e-21	-1.257291e-04	3.143227e-06	6.211051e-03	7.169850e-05	1.437113e-03	1.430827e-03	7.169850e-05	-7.169850e-05	6.148187e-03	-6.273916e-03
362           	2.867936e-03	3.799369e-21	-1.256987e-04	3.142467e-06	6.210982e-03	7.169841e-05	1.437111e-03	1.430826e-03	7.169841e-05	-7.169841e-05	6.148133e-03	-6.273831e-03
363           	2.867933e-03	3.799419e-21	-1.256834e-04	3.142086e-06	6.210945e-03	7.169833e-05	1.437109e-03	1.430825e-03	7.169833e-05	-7.169833e-05	6.148103e-03	-6.273786e-03
364           	2.867932e-03	3.799442e-21	-1.256863e-04	3.142157e-06	6.210948e-03	7.169829e-05	1.437108e-03	1.430824e-03	7.169829e-05	-7.169829e-05	6.148104e-03	-6.273791e-03
365           	2.867932e-03	3.799432e-21	-1.257067e-04	3.142668e-06	6.210989e-03	7.169829e-05	1.437108e-03	1.430823e-03	7.169829e-05	-7.169829e-05	6.148136e-03	-6.273843e-03
366           	2.867933e-03	3.799385e-21	-1.257399e-04	3.143498e-06	6.211060e-03	7.169832e-05	1.437110e-03	1.430823e-03	7.169832e-05	-7.169832e-05	6.148190e-03	-6.273930e-03
367           	2.867936e-03	3.799319e-21	-1.257712e-04	3.144280e-06	6.211129e-03	7.169839e-05	1.437112e-03	1.430824e-03	7.169839e-05	-7.169839e-05	6.148244e-03	-6.274015e-03
368           	2.867939e-03	3.799266e-21	-1.257903e-04	3.144758e-06	6.211175e-03	7.169847e-05	1.437114e-03	1.430825e-03	7.169847e-05	-7.169847e-05	6.148280e-03	-6.274070e-03
369           	2.867941e-03	3.799235e-21	-1.257941e-04	3.144853e-06	6.211186e-03	7.169852e-05	1.437115e-03	1.430825e-03	7.169852e-05	-7.169852e-05	6.148289e-03	-6.274083e-03
370           	2.867941e-03	3.799232e-21	-1.257817e-04	3.144542e-06	6.211162e-03	7.169853e-05	1.437115e-03	1.430826e-03	7.169853e-05	-7.169853e-05	6.148271e-03	-6.274053e-03
371           	2.867941e-03	3.799262e-21	-1.257554e-04	3.143884e-06	6.211107e-03	7.169852e-05	1.437114e-03	1.430826e-03	7.169852e-05	-7.169852e-05	6.148229e-03	-6.273984e-03
372           	2.867939e-03	3.799318e-21	-1.257256e-04	3.143139e-06	6.211041e-03	7.169846e-05	1.437112e-03	1.430826e-03	7.169846e-05	-7.169846e-05	6.148179e-03	-6.273904e-03
373           	2.867936e-03	3.799371e-21	-1.257038e-04	3.142594e-06	6.210991e-03	7.169839e-05	1.437110e-03	1.430825e-03	7.169839e-05	-7.169839e-05	6.148139e-03	-6.273843e-03
374           	2.867934e-03	3.799406e-21	-1.256947e-04	3.142367e-06	6.210968e-03	7.169834e-05	1.437109e-03	1.430824e-03	7.169834e-05	-7.169834e-05	6.148121e-03	-6.273816e-03
375           	2.867932e-03	3.799419e-21	-1.256998e-04	3.142496e-06	6.210977e-03	7.169831e-05	1.437109e-03	1.430824e-03	7.169831e-05	-7.169831e-05	6.148127e-03	-6.273827e-03
376           	2.867933e-03	3.799405e-21	-1.257185e-04	3.142963e-06	6.211016e-03	7.169832e-05	1.437109e-03	1.430823e-03	7.169832e-05	-7.169832e-05	6.148156e-03	-6.273875e-03
377           	2.867934e-03	3.799364e-21	-1.257445e-04	3.143612e-06	6.211072e-03	7.169835e-05	1.437111e-03	1.430823e-03	7.169835e-05	-7.169835e-05	6.148199e-03	-6.273944e-03
378           	2.867936e-03	3.799315e-21	-1.257667e-04	3.144169e-06	6.211122e-03	7.169841e-05	1.437112e-03	1.430824e-03	7.169841e-05	-7.169841e-05	6.148238e-03	-6.274005e-03
379           	2.867938e-03	3.799278e-21	-1.257801e-04	3.144503e-06	6.211153e-03	7.169846e-05	1.437114e-03	1.430825e-03	7.169846e-05	-7.169846e-05	6.148263e-03	-6.274043e-03
380           	2.867940e-03	3.799257e-21	-1.257816e-04	3.144540e-06	6.211159e-03	7.169850e-05	1.437114e-03	1.430825e-03	7.169850e-05	-7.169850e-05	6.148268e-03	-6.274050e-03
381           	2.867940e-03	3.799258e-21	-1.257703e-04	3.144258e-06	6.211137e-03	7.169851e-05	1.437114e-03	1.430826e-03	7.169851e-05	-7.169851e-05	6.148251e-03	-6.274022e-03
382           	2.867940e-03	3.799285e-21	-1.257487e-04	3.143716e-06	6.211091e-03	7.169849e-05	1.437114e-03	1.430826e-03	7.169849e-05	-7.169849e-05	6.148217e-03	-6.273965e-03
383           	2.867938e-03	3.799330e-21	-1.257256e-04	3.143141e-06	6.211040e-03	7.169845e-05	1.437112e-03	1.430826e-03	7.169845e-05	-7.169845e-05	6.148178e-03	-6.273903e-03
384           	2.867936e-03	3.799369e-21	-1.257096e-04	3.142740e-06	6.211003e-03	7.169839e-05	1.437111e-03	1.430825e-03	7.169839e-05	-7.169839e-05	6.148148e-03	-6.273858e-03
385           	2.867934e-03	3.799396e-21	-1.257039e-04	3.142597e-06	6.210988e-03	7.169835e-05	1.437110e-03	1.430824e-03	7.169835e-05	-7.169835e-05	6.148136e-03	-6.273840e-03
386           	2.867933e-03	3.799403e-21	-1.257096e-04	3.142739e-06	6.210999e-03	7.169833e-05	1.437109e-03	1.430824e-03	7.169833e-05	-7.169833e-05	6.148144e-03	-6.273853e-03
387           	2.867934e-03	3.799388e-21	-1.257257e-04	3.143143e-06	6.211032e-03	7.169834e-05	1.437110e-03	1.430824e-03	7.169834e-05	-7.169834e-05	6.148169e-03	-6.273895e-03
388           	2.867935e-03	3.799353e-21	-1.257464e-04	3.143659e-06	6.211077e-03	7.169837e-05	1.437111e-03	1.430824e-03	7.169837e-05	-7.169837e-05	6.148204e-03	-6.273950e-03
389           	2.867937e-03	3.799316e-21	-1.257637e-04	3.144092e-06	6.211116e-03	7.169842e-05	1.437112e-03	1.430824e-03	7.169842e-05	-7.169842e-05	6.148234e-03	-6.273998e-03
390           	2.867938e-03	3.799287e-21	-1.257727e-04	3.144318e-06	6.211138e-03	7.169846e-05	1.437114e-03	1.430825e-03	7.169846e-05	-7.169846e-05	6.148252e-03	-6.274024e-03
391           	2.867939e-03	3.799274e-21	-1.257717e-04	3.144293e-06	6.211138e-03	7.169848e-05	1.437114e-03	1.430825e-03	7.169848e-05	-7.169848e-05	6.148252e-03	-6.274024e-03
392           	2.867940e-03	3.799278e-21	-1.257610e-04	3.144024e-06	6.211116e-03	7.169849e-05	1.437114e-03	1.430826e-03	7.169849e-05	-7.169849e-05	6.148236e-03	-6.273996e-03
393           	2.867939e-03	3.799303e-21	-1.257429e-04	3.143572e-06	6.211078e-03	7.169847e-05	1.437113e-03	1.430826e-03	7.169847e-05	-7.169847e-05	6.148206e-03	-6.273949e-03
394           	2.867937e-03	3.799339e-21	-1.257253e-04	3.143132e-06	6.211039e-03	7.169843e-05	1.437112e-03	1.430826e-03	7.169843e-05	-7.169843e-05	6.148176e-03	-6.273901e-03
395           	2.867936e-03	3.799369e-21	-1.257141e-04	3.142853e-06	6.211012e-03	7.169839e-05	1.437111e-03	1.430825e-03	7.169839e-05	-7.169839e-05	6.148155e-03	-6.273869e-03
396           	2.867934e-03	3.799387e-21	-1.257115e-04	3.142787e-06	6.211005e-03	7.169836e-05	1.437110e-03	1.430824e-03	7.169836e-05	-7.169836e-05	6.148149e-03	-6.273860e-03
397           	2.867934e-03	3.799390e-21	-1.257179e-04	3.142946e-06	6.211017e-03	7.169835e-05	1.437110e-03	1.430824e-03	7.169835e-05	-7.169835e-05	6.148158e-03	-6.273876e-03
398           	2.867934e-03	3.799374e-21	-1.257324e-04	3.143310e-06	6.211048e-03	7.169836e-05	1.437111e-03	1.430824e-03	7.169836e-05	-7.169836e-05	6.148181e-03	-6.273914e-03
399           	2.867936e-03	3.799343e-21	-1.257497e-04	3.143742e-06	6.211085e-03	7.169839e-05	1.437112e-03	1.430824e-03	7.169839e-05	-7.169839e-05	6.148210e-03	-6.273960e-03
400           	2.867937e-03	3.799312e-21	-1.257622e-04	3.144055e-06	6.211114e-03	7.169843e-05	1.437113e-03	1.430825e-03	7.169843e-05	-7.169843e-05	6.148233e-03	-6.273995e-03
401           	2.867938e-03	3.799291e-21	-1.257674e-04	3.144185e-06	6.211127e-03	7.169846e-05	1.437113e-03	1.430825e-03	7.169846e-05	-7.169846e-05	6.148243e-03	-6.274011e-03
402           	2.867939e-03	3.799284e-21	-1.257647e-04	3.144117e-06	6.211123e-03	7.169847e-05	1.437114e-03	1.430825e-03	7.169847e-05	-7.169847e-05	6.148240e-03	-6.274005e-03
403           	2.867939e-03	3.799291e-21	-1.257543e-04	3.143859e-06	6.211101e-03	7.169847e-05	1.437113e-03	1.430826e-03	7.169847e-05	-7.169847e-05	6.148224e-03	-6.273978e-03
404           	2.867938e-03	3.799314e-21	-1.257398e-04	3.143495e-06	6.211070e-03	7.169845e-05	1.437113e-03	1.430826e-03	7.169845e-05	-7.169845e-05	6.148200e-03	-6.273940e-03
405           	2.867937e-03	3.799342e-21	-1.257272e-04	3.143180e-06	6.211042e-03	7.169842e-05	1.437112e-03	1.430825e-03	7.169842e-05	-7.169842e-05	6.148178e-03	-6.273905e-03
406           	2.867936e-03	3.799363e-21	-1.257196e-04	3.142989e-06	6.211023e-03	7.169839e-05	1.437111e-03	1.430825e-03	7.169839e-05	-7.169839e-05	6.148164e-03	-6.273883e-03
407           	2.867935e-03	3.799375e-21	-1.257185e-04	3.142962e-06	6.211020e-03	7.169837e-05	1.437110e-03	1.430824e-03	7.169837e-05	-7.169837e-05	6.148161e-03	-6.273879e-03
408           	2.867935e-03	3.799375e-21	-1.257246e-04	3.143114e-06	6.211032e-03	7.169837e-05	1.437110e-03	1.430824e-03	7.169837e-05	-7.169837e-05	6.148170e-03	-6.273894e-03
409           	2.867935e-03	3.799360e-21	-1.257365e-04	3.143413e-06	6.211057e-03	7.169837e-05	1.437111e-03	1.430824e-03	7.169837e-05	-7.169837e-05	6.148189e-03	-6.273925e-03
410           	2.867936e-03	3.799336e-21	-1.257494e-04	3.143735e-06	6.211085e-03	7.169840e-05	1.437112e-03	1.430824e-03	7.169840e-05	-7.169840e-05	6.148211e-03	-6.273960e-03
411           	2.867937e-03	3.799313e-21	-1.257585e-04	3.143962e-06	6.211106e-03	7.169843e-05	1.437113e-03	1.430825e-03	7.169843e-05	-7.169843e-05	6.148227e-03	-6.273986e-03
412           	2.867938e-03	3.799299e-21	-1.257618e-04	3.144046e-06	6.211115e-03	7.169845e-05	1.437113e-03	1.430825e-03	7.169845e-05	-7.169845e-05	6.148234e-03	-6.273996e-03
413           	2.867938e-03	3.799294e-21	-1.257589e-04	3.143972e-06	6.211110e-03	7.169846e-05	1.437113e-03	1.430825e-03	7.169846e-05	-7.169846e-05	6.148230e-03	-6.273989e-03
414           	2.867938e-03	3.799302e-21	-1.257501e-04	3.143752e-06	6.211091e-03	7.169846e-05	1.437113e-03	1.430825e-03	7.169846e-05	-7.169846e-05	6.148216e-03	-6.273966e-03
415           	2.867938e-03	3.799321e-21	-1.257387e-04	3.143468e-06	6.211067e-03	7.169844e-05	1.437112e-03	1.430825e-03	7.169844e-05	-7.169844e-05	6.148197e-03	-6.273936e-03
416           	2.867937e-03	3.799342e-21	-1.257293e-04	3.143231e-06	6.211045e-03	7.169842e-05	1.437112e-03	1.430825e-03	7.169842e-05	-7.169842e-05	6.148181e-03	-6.273910e-03
417           	2.867936e-03	3.799357e-21	-1.257238e-04	3.143095e-06	6.211032e-03	7.169839e-05	1.437111e-03	1.430825e-03	7.169839e-05	-7.169839e-05	6.148171e-03	-6.273894e-03
418           	2.867935e-03	3.799366e-21	-1.257237e-04	3.143092e-06	6.211031e-03	7.169838e-05	1.437111e-03	1.430825e-03	7.169838e-05	-7.169838e-05	6.148169e-03	-6.273893e-03
419           	2.867935e-03	3.799365e-21	-1.257292e-04	3.143229e-06	6.211042e-03	7.169838e-05	1.437111e-03	1.430824e-03	7.169838e-05	-7.169838e-05	6.148178e-03	-6.273907e-03
420           	2.867935e-03	3.799352e-21	-1.257390e-04	3.143474e-06	6.211063e-03	7.169838e-05	1.437111e-03	1.430824e-03	7.169838e-05	-7.169838e-05	6.148193e-03	-6.273932e-03
421           	2.867936e-03	3.799332e-21	-1.257490e-04	3.143724e-06	6.211085e-03	7.169840e-05	1.437112e-03	1.430824e-03	7.169840e-05	-7.169840e-05	6.148210e-03	-6.273959e-03
422           	2.867937e-03	3.799315e-21	-1.257556e-04	3.143890e-06	6.211100e-03	7.169843e-05	1.437112e-03	1.430825e-03	7.169843e-05	-7.169843e-05	6.148223e-03	-6.273978e-03
423           	2.867938e-03	3.799304e-21	-1.257576e-04	3.143940e-06	6.211106e-03	7.169845e-05	1.437113e-03	1.430825e-03	7.169845e-05	-7.169845e-05	6.148227e-03	-6.273985e-03
424           	2.867938e-03	3.799302e-21	-1.257545e-04	3.143864e-06	6.211100e-03	7.169845e-05	1.437113e-03	1.430825e-03	7.169845e-05	-7.169845e-05	6.148223e-03	-6.273977e-03
425           	2.867938e-03	3.799310e-21	-1.257469e-04	3.143672e-06	6.211084e-03	7.169845e-05	1.437113e-03	1.430825e-03	7.169845e-05	-7.169845e-05	6.148211e-03	-6.273958e-03
426           	2.867937e-03	3.799326e-21	-1.257372e-04	3.143431e-06	6.211063e-03	7.169843e-05	1.437112e-03	1.430825e-03	7.169843e-05	-7.169843e-05	6.148194e-03	-6.273932e-03
427           	2.867936e-03	3.799343e-21	-1.257300e-04	3.143249e-06	6.211046e-03	7.169841e-05	1.437111e-03	1.430825e-03	7.169841e-05	-7.169841e-05	6.148181e-03	-6.273911e-03
428           	2.867936e-03	3.799355e-21	-1.257268e-04	3.143169e-06	6.211038e-03	7.169839e-05	1.437111e-03	1.430825e-03	7.169839e-05	-7.169839e-05	6.148175e-03	-6.273902e-03
429           	2.867935e-03	3.799360e-21	-1.257279e-04	3.143197e-06	6.211040e-03	7.169839e-05	1.437111e-03	1.430825e-03	7.169839e-05	-7.169839e-05	6.148176e-03	-6.273904e-03
430           	2.867935e-03	3.799356e-21	-1.257332e-04	3.143330e-06	6.211051e-03	7.169839e-05	1.437111e-03	1.430824e-03	7.169839e-05	-7.169839e-05	6.148184e-03	-6.273918e-03
431           	2.867936e-03	3.799344e-21	-1.257411e-04	3.143527e-06	6.211068e-03	7.169839e-05	1.437111e-03	1.430824e-03	7.169839e-05	-7.169839e-05	6.148197e-03	-6.273938e-03
432           	2.867936e-03	3.799329e-21	-1.257482e-04	3.143705e-06	6.211084e-03	7.169841e-05	1.437112e-03	1.430825e-03	7.169841e-05	-7.169841e-05	6.148210e-03	-6.273958e-03
433           	2.867937e-03	3.799317e-21	-1.257527e-04	3.143818e-06	6.211094e-03	7.169843e-05	1.437112e-03	1.430825e-03	7.169843e-05	-7.169843e-05	6.148218e-03	-6.273971e-03
434           	2.867938e-03	3.799310e-21	-1.257536e-04	3.143841e-06	6.211097e-03	7.169844e-05	1.437113e-03	1.430825e-03	7.169844e-05	-7.169844e-05	6.148220e-03	-6.273974e-03
435           	2.867938e-03	3.799310e-21	-1.257506e-04	3.143766e-06	6.211091e-03	7.169844e-05	1.437113e-03	1.430825e-03	7.169844e-05	-7.169844e-05	6.148216e-03	-6.273967e-03
436           	2.867938e-03	3.799317e-21	-1.257443e-04	3.143607e-06	6.211078e-03	7.169844e-05	1.437112e-03	1.430825e-03	7.169844e-05	-7.169844e-05	6.148206e-03	-6.273950e-03
437           	2.867937e-03	3.799331e-21	-1.257371e-04	3.143427e-06	6.211062e-03	7.169843e-05	1.437112e-03	1.430825e-03	7.169843e-05	-7.169843e-05	6.148194e-03	-6.273931e-03
438           	2.867936e-03	3.799343e-21	-1.257318e-04	3.143296e-06	6.211050e-03	7.169841e-05	1.437112e-03	1.430825e-03	7.169841e-05	-7.169841e-05	6.148184e-03	-6.273916e-03
439           	2.867936e-03	3.799352e-21	-1.257297e-04	3.143242e-06	6.211045e-03	7.169840e-05	1.437111e-03	1.430825e-03	7.169840e-05	-7.169840e-05	6.148180e-03	-6.273910e-03
440           	2.867936e-03	3.799355e-21	-1.257310e-04	3.143275e-06	6.211047e-03	7.169839e-05	1.437111e-03	1.430825e-03	7.169839e-05	-7.169839e-05	6.148182e-03	-6.273913e-03
441           	2.867936e-03	3.799351e-21	-1.257356e-04	3.143390e-06	6.211057e-03	7.169839e-05	1.437111e-03	1.430824e-03	7.169839e-05	-7.169839e-05	6.148189e-03	-6.273924e-03
442           	2.867936e-03	3.799341e-21	-1.257420e-04	3.143549e-06	6.211070e-03	7.169840e-05	1.437112e-03	1.430824e-03	7.169840e-05	-7.169840e-05	6.148199e-03	-6.273941e-03
443           	2.867937e-03	3.799329e-21	-1.257474e-04	3.143684e-06	6.211082e-03	7.169841e-05	1.437112e-03	1.430825e-03	7.169841e-05	-7.169841e-05	6.148209e-03	-6.273956e-03
444           	2.867937e-03	3.799320e-21	-1.257506e-04	3.143764e-06	6.211090e-03	7.169843e-05	1.437112e-03	1.430825e-03	7.169843e-05	-7.169843e-05	6.148215e-03	-6.273965e-03
445           	2.867937e-03	3.799315e-21	-1.257509e-04	3.143772e-06	6.211091e-03	7.169844e-05	1.437112e-03	1.430825e-03	7.169844e-05	-7.169844e-05	6.148216e-03	-6.273967e-03
446           	2.867938e-03	3.799315e-21	-1.257481e-04	3.143702e-06	6.211086e-03	7.169844e-05	1.437112e-03	1.430825e-03	7.169844e-05	-7.169844e-05	6.148212e-03	-6.273960e-03
447           	2.867937e-03	3.799322e-21	-1.257427e-04	3.143569e-06	6.211074e-03	7.169843e-05	1.437112e-03	1.430825e-03	7.169843e-05	-7.169843e-05	6.148203e-03	-6.273946e-03
448           	2.867937e-03	3.799333e-21	-1.257372e-04	3.143429e-06	6.211062e-03	7.169842e-05	1.437112e-03	1.430825e-03	7.169842e-05	-7.169842e-05	6.148194e-03	-6.273931e-03
449           	2.867936e-03	3.799342e-21	-1.257333e-04	3.143332e-06	6.211053e-03	7.169841e-05	1.437112e-03	1.430825e-03	7.169841e-05	-7.169841e-05	6.148187e-03	-6.273920e-03
450           	2.867936e-03	3.799349e-21	-1.257320e-04	3.143299e-06	6.211050e-03	7.169840e-05	1.437111e-03	1.430825e-03	7.169840e-05	-7.169840e-05	6.148184e-03	-6.273916e-03
451           	2.867936e-03	3.799350e-21	-1.257334e-04	3.143336e-06	6.211052e-03	7.169840e-05	1.437111e-03	1.430825e-03	7.169840e-05	-7.169840e-05	6.148186e-03	-6.273919e-03
452           	2.867936e-03	3.799347e-21	-1.257374e-04	3.143436e-06	6.211061e-03	7.169840e-05	1.437111e-03	1.430825e-03	7.169840e-05	-7.169840e-05	6.148192e-03	-6.273929e-03
453           	2.867936e-03	3.799338e-21	-1.257425e-04	3.143563e-06	6.211072e-03	7.169840e-05	1.437112e-03	1.430825e-03	7.169840e-05	-7.169840e-05	6.148201e-03	-6.273943e-03
454           	2.867937e-03	3.799329e-21	-1.257467e-04	3.143668e-06	6.211081e-03	7.169842e-05	1.437112e-03	1.430825e-03	7.169842e-05	-7.169842e-05	6.148208e-03	-6.273955e-03
455           	2.867937e-03	3.799322e-21	-1.257489e-04	3.143721e-06	6.211087e-03	7.169843e-05	1.437112e-03	1.430825e-03	7.169843e-05	-7.169843e-05	6.148212e-03	-6.273961e-03
456           	2.867937e-03	3.799319e-21	-1.257486e-04	3.143714e-06	6.211086e-03	7.169843e-05	1.437112e-03	1.430825e-03	7.169843e-05	-7.169843e-05	6.148212e-03	-6.273961e-03
457           	2.867937e-03	3.799320e-21	-1.257459e-04	3.143646e-06	6.211081e-03	7.169843e-05	1.437112e-03	1.430825e-03	7.169843e-05	-7.169843e-05	6.148208e-03	-6.273954e-03
458           	2.867937e-03	3.799326e-21	-1.257414e-04	3.143535e-06	6.211071e-03	7.169843e-05	1.437112e-03	1.430825e-03	7.169843e-05	-7.169843e-05	6.148201e-03	-6.273942e-03
459           	2.867937e-03	3.799335e-21	-1.257371e-04	3.143428e-06	6.211062e-03	7.169842e-05	1.437112e-03	1.430825e-03	7.169842e-05	-7.169842e-05	6.148193e-03	-6.273930e-03
460           	2.867936e-03	3.799342e-21	-1.257344e-04	3.143361e-06	6.211056e-03	7.169841e-05	1.437112e-03	1.430825e-03	7.169841e-05	-7.169841e-05	6.148188e-03	-6.273923e-03
461           	2.867936e-03	3.799346e-21	-1.257339e-04	3.143347e-06	6.211054e-03	7.169840e-05	1.437111e-03	1.430825e-03	7.169840e-05	-7.169840e-05	6.148187e-03	-6.273921e-03
462           	2.867936e-03	3.799347e-21	-1.257355e-04	3.143387e-06	6.211057e-03	7.169840e-05	1.437111e-03	1.430825e-03	7.169840e-05	-7.169840e-05	6.148189e-03	-6.273925e-03
463           	2.867936e-03	3.799343e-21	-1.257390e-04	3.143475e-06	6.211064e-03	7.169840e-05	1.437112e-03	1.430825e-03	7.169840e-05	-7.169840e-05	6.148195e-03	-6.273934e-03
464           	2.867936e-03	3.799336e-21	-1.257431e-04	3.143577e-06	6.211073e-03	7.169841e-05	1.437112e-03	1.430825e-03	7.169841e-05	-7.169841e-05	6.148202e-03	-6.273945e-03
465           	2.867937e-03	3.799328e-21	-1.257461e-04	3.143652e-06	6.211080e-03	7.169842e-05	1.437112e-03	1.430825e-03	7.169842e-05	-7.169842e-05	6.148207e-03	-6.273953e-03
466           	2.867937e-03	3.799323e-21	-1.257474e-04	3.143685e-06	6.211083e-03	7.169843e-05	1.437112e-03	1.430825e-03	7.169843e-05	-7.169843e-05	6.148210e-03	-6.273957e-03
467           	2.867937e-03	3.799321e-21	-1.257468e-04	3.143669e-06	6.211082e-03	7.169843e-05	1.437112e-03	1.430825e-03	7.169843e-05	-7.169843e-05	6.148209e-03	-6.273956e-03
468           	2.867937e-03	3.799323e-21	-1.257443e-04	3.143607e-06	6.211077e-03	7.169843e-05	1.437112e-03	1.430825e-03	7.169843e-05	-7.169843e-05	6.148205e-03	-6.273949e-03
469           	2.867937e-03	3.799329e-21	-1.257407e-04	3.143519e-06	6.211070e-03	7.169843e-05	1.437112e-03	1.430825e-03	7.169843e-05	-7.169843e-05	6.148199e-03	-6.273940e-03
470           	2.867937e-03	3.799335e-21	-1.257377e-04	3.143442e-06	6.211063e-03	7.169842e-05	1.437112e-03	1.430825e-03	7.169842e-05	-7.169842e-05	6.148194e-03	-6.273932e-03
471           	2.867936e-03	3.799341e-21	-1.257358e-04	3.143395e-06	6.211058e-03	7.169841e-05	1.437112e-03	1.430825e-03	7.169841e-05	-7.169841e-05	6.148190e-03	-6.273926e-03
472           	2.867936e-03	3.799344e-21	-1.257356e-04	3.143389e-06	6.211057e-03	7.169841e-05	1.437111e-03	1.430825e-03	7.169841e-05	-7.169841e-05	6.148190e-03	-6.273925e-03
473           	2.867936e-03	3.799344e-21	-1.257370e-04	3.143426e-06	6.211060e-03	7.169840e-05	1.437112e-03	1.430825e-03	7.169840e-05	-7.169840e-05	6.148192e-03	-6.273929e-03
474           	2.867936e-03	3.799340e-21	-1.257400e-04	3.143499e-06	6.211067e-03	7.169841e-05	1.437112e-03	1.430825e-03	7.169841e-05	-7.169841e-05	6.148197e-03	-6.273937e-03
475           	2.867936e-03	3.799334e-21	-1.257431e-04	3.143578e-06	6.211073e-03	7.169841e-05	1.437112e-03	1.430825e-03	7.169841e-05	-7.169841e-05	6.148202e-03	-6.273945e-03
476           	2.867937e-03	3.799328e-21	-1.257453e-04	3.143633e-06	6.211079e-03	7.169842e-05	1.437112e-03	1.430825e-03	7.169842e-05	-7.169842e-05	6.148206e-03	-6.273951e-03
477           	2.867937e-03	3.799325e-21	-1.257461e-04	3.143654e-06	6.211081e-03	7.169842e-05	1.437112e-03	1.430825e-03	7.169842e-05	-7.169842e-05	6.148208e-03	-6.273954e-03
478           	2.867937e-03	3.799324e-21	-1.257454e-04	3.143636e-06	6.211079e-03	7.169843e-05	1.437112e-03	1.430825e-03	7.169843e-05	-7.169843e-05	6.148207e-03	-6.273952e-03
479           	2.867937e-03	3.799326e-21	-1.257433e-04	3.143582e-06	6.211075e-03	7.169843e-05	1.437112e-03	1.430825e-03	7.169843e-05	-7.169843e-05	6.148203e-03	-6.273947e-03
480           	2.867937e-03	3.799330e-21	-1.257405e-04	3.143513e-06	6.211069e-03	7.169842e-05	1.437112e-03	1.430825e-03	7.169842e-05	-7.169842e-05	6.148199e-03	-6.273939e-03
481           	2.867937e-03	3.799335e-21	-1.257382e-04	3.143455e-06	6.211064e-03	7.169842e-05	1.437112e-03	1.430825e-03	7.169842e-05	-7.169842e-05	6.148195e-03	-6.273933e-03
482           	2.867936e-03	3.799339e-21	-1.257369e-04	3.143422e-06	6.211061e-03	7.169841e-05	1.437112e-03	1.430825e-03	7.169841e-05	-7.169841e-05	6.148192e-03	-6.273929e-03
483           	2.867936e-03	3.799341e-21	-1.257368e-04	3.143421e-06	6.211060e-03	7.169841e-05	1.437112e-03	1.430825e-03	7.169841e-05	-7.169841e-05	6.148192e-03	-6.273929e-03
484           	2.867936e-03	3.799341e-21	-1.257382e-04	3.143454e-06	6.211063e-03	7.169841e-05	1.437112e-03	1.430825e-03	7.169841e-05	-7.169841e-05	6.148194e-03	-6.273932e-03
485           	2.867936e-03	3.799338e-21	-1.257406e-04	3.143514e-06	6.211068e-03	7.169841e-05	1.437112e-03	1.430825e-03	7.169841e-05	-7.169841e-05	6.148198e-03	-6.273938e-03
