# Force coefficients
# dragDir     : (1.000000e+00 0.000000e+00 0.000000e+00)
# sideDir     : (0.000000e+00 0.000000e+00 -1.000000e+00)
# liftDir     : (0.000000e+00 1.000000e+00 0.000000e+00)
# rollAxis    : (1.000000e+00 0.000000e+00 0.000000e+00)
# pitchAxis   : (0.000000e+00 0.000000e+00 -1.000000e+00)
# yawAxis     : (0.000000e+00 1.000000e+00 0.000000e+00)
# magUInf     : 6.000000e-02
# lRef        : 1.000000e-01
# Aref        : 1.000000e-01
# CofR        : (0.000000e+00 0.000000e+00 0.000000e+00)
#
# Time        	Cd            	Cs            	Cl            	CmRoll        	CmPitch       	CmYaw         	Cd(f)         	Cd(r)         	Cs(f)         	Cs(r)         	Cl(f)         	Cl(r)         
1             	3.969585e-04	1.401015e-21	9.834280e-04	-2.458570e-05	-1.293541e-03	9.923964e-06	1.738936e-04	2.230650e-04	9.923964e-06	-9.923964e-06	-8.018268e-04	1.785255e-03
2             	1.666455e-03	9.104009e-20	4.169967e-03	-1.042492e-04	-5.538657e-03	4.166138e-05	7.289785e-04	9.374768e-04	4.166138e-05	-4.166138e-05	-3.453674e-03	7.623640e-03
3             	1.420913e-03	1.554937e-19	3.401329e-03	-8.503323e-05	-4.206206e-03	3.552283e-05	6.254234e-04	7.954898e-04	3.552283e-05	-3.552283e-05	-2.505542e-03	5.906871e-03
4             	1.164755e-03	8.584682e-20	2.700989e-03	-6.752473e-05	-3.115283e-03	2.911888e-05	5.148528e-04	6.499023e-04	2.911888e-05	-2.911888e-05	-1.764788e-03	4.465778e-03
5             	1.016113e-03	2.551909e-20	2.290335e-03	-5.725837e-05	-2.551325e-03	2.540282e-05	4.507980e-04	5.653148e-04	2.540282e-05	-2.540282e-05	-1.406157e-03	3.696492e-03
6             	9.448742e-04	-5.934794e-22	2.281834e-03	-5.704585e-05	-2.726169e-03	2.362186e-05	4.153913e-04	5.294830e-04	2.362186e-05	-2.362186e-05	-1.585252e-03	3.867086e-03
7             	8.238196e-04	-9.081744e-21	2.011927e-03	-5.029817e-05	-2.432663e-03	2.059549e-05	3.616116e-04	4.622080e-04	2.059549e-05	-2.059549e-05	-1.426700e-03	3.438627e-03
8             	7.792669e-04	-4.314631e-21	1.868345e-03	-4.670863e-05	-2.230254e-03	1.948167e-05	3.429248e-04	4.363421e-04	1.948167e-05	-1.948167e-05	-1.296081e-03	3.164426e-03
9             	8.209728e-04	4.280245e-21	2.097517e-03	-5.243793e-05	-2.631643e-03	2.052432e-05	3.580485e-04	4.629243e-04	2.052432e-05	-2.052432e-05	-1.582885e-03	3.680402e-03
10            	9.400430e-04	1.428188e-20	2.549027e-03	-6.372567e-05	-3.341149e-03	2.350108e-05	4.062958e-04	5.337472e-04	2.350108e-05	-2.350108e-05	-2.066636e-03	4.615662e-03
11            	1.086607e-03	2.150539e-20	3.027616e-03	-7.569040e-05	-4.041267e-03	2.716517e-05	4.676131e-04	6.189939e-04	2.716517e-05	-2.716517e-05	-2.527459e-03	5.555075e-03
12            	1.190094e-03	2.531393e-20	3.372998e-03	-8.432496e-05	-4.536289e-03	2.975236e-05	5.107222e-04	6.793721e-04	2.975236e-05	-2.975236e-05	-2.849790e-03	6.222788e-03
13            	1.292376e-03	2.762846e-20	3.718403e-03	-9.296008e-05	-5.034888e-03	3.230940e-05	5.532279e-04	7.391480e-04	3.230940e-05	-3.230940e-05	-3.175686e-03	6.894090e-03
14            	1.357014e-03	2.872445e-20	3.921115e-03	-9.802788e-05	-5.304168e-03	3.392535e-05	5.804791e-04	7.765349e-04	3.392535e-05	-3.392535e-05	-3.343611e-03	7.264726e-03
15            	1.394926e-03	2.958605e-20	4.071790e-03	-1.017948e-04	-5.515508e-03	3.487316e-05	5.956684e-04	7.992579e-04	3.487316e-05	-3.487316e-05	-3.479612e-03	7.551403e-03
16            	1.423039e-03	3.028927e-20	4.196147e-03	-1.049037e-04	-5.694384e-03	3.557597e-05	6.066157e-04	8.164231e-04	3.557597e-05	-3.557597e-05	-3.596311e-03	7.792458e-03
17            	1.442192e-03	3.106175e-20	4.288855e-03	-1.072214e-04	-5.825994e-03	3.605481e-05	6.138748e-04	8.283176e-04	3.605481e-05	-3.605481e-05	-3.681567e-03	7.970422e-03
18            	1.452781e-03	3.174096e-20	4.363439e-03	-1.090860e-04	-5.939442e-03	3.631952e-05	6.173044e-04	8.354763e-04	3.631952e-05	-3.631952e-05	-3.757722e-03	8.121161e-03
19            	1.457034e-03	3.251649e-20	4.415340e-03	-1.103835e-04	-6.021107e-03	3.642585e-05	6.181335e-04	8.389005e-04	3.642585e-05	-3.642585e-05	-3.813437e-03	8.228777e-03
20            	1.456587e-03	3.323680e-20	4.446051e-03	-1.111513e-04	-6.070668e-03	3.641468e-05	6.171422e-04	8.394448e-04	3.641468e-05	-3.641468e-05	-3.847642e-03	8.293693e-03
21            	1.454136e-03	3.378257e-20	4.460554e-03	-1.115138e-04	-6.093016e-03	3.635340e-05	6.155542e-04	8.385819e-04	3.635340e-05	-3.635340e-05	-3.862739e-03	8.323293e-03
22            	1.450515e-03	3.414346e-20	4.461620e-03	-1.115405e-04	-6.091694e-03	3.626288e-05	6.137171e-04	8.367982e-04	3.626288e-05	-3.626288e-05	-3.860884e-03	8.322504e-03
23            	1.445409e-03	3.437823e-20	4.452802e-03	-1.113201e-04	-6.074179e-03	3.613523e-05	6.113846e-04	8.340247e-04	3.613523e-05	-3.613523e-05	-3.847778e-03	8.300580e-03
24            	1.439868e-03	3.455274e-20	4.436614e-03	-1.109154e-04	-6.043528e-03	3.599671e-05	6.090188e-04	8.308495e-04	3.599671e-05	-3.599671e-05	-3.825221e-03	8.261835e-03
25            	1.434574e-03	3.465791e-20	4.414812e-03	-1.103703e-04	-6.001782e-03	3.586434e-05	6.069166e-04	8.276572e-04	3.586434e-05	-3.586434e-05	-3.794376e-03	8.209188e-03
26            	1.429261e-03	3.469805e-20	4.387909e-03	-1.096977e-04	-5.950256e-03	3.573153e-05	6.049329e-04	8.243283e-04	3.573153e-05	-3.573153e-05	-3.756301e-03	8.144210e-03
27            	1.423968e-03	3.467210e-20	4.356745e-03	-1.089186e-04	-5.890405e-03	3.559921e-05	6.030655e-04	8.209028e-04	3.559921e-05	-3.559921e-05	-3.712033e-03	8.068778e-03
28            	1.418613e-03	3.458729e-20	4.321507e-03	-1.080377e-04	-5.822476e-03	3.546533e-05	6.012690e-04	8.173443e-04	3.546533e-05	-3.546533e-05	-3.661723e-03	7.983230e-03
29            	1.413130e-03	3.437834e-20	4.284445e-03	-1.071111e-04	-5.751270e-03	3.532826e-05	5.994541e-04	8.136763e-04	3.532826e-05	-3.532826e-05	-3.609048e-03	7.893493e-03
30            	1.406660e-03	3.413609e-20	4.245552e-03	-1.061388e-04	-5.678221e-03	3.516649e-05	5.971910e-04	8.094686e-04	3.516649e-05	-3.516649e-05	-3.555445e-03	7.800998e-03
31            	1.399395e-03	3.390237e-20	4.204479e-03	-1.051120e-04	-5.602326e-03	3.498486e-05	5.945853e-04	8.048093e-04	3.498486e-05	-3.498486e-05	-3.500087e-03	7.704566e-03
32            	1.391720e-03	3.364983e-20	4.161541e-03	-1.040385e-04	-5.523489e-03	3.479300e-05	5.918215e-04	7.998986e-04	3.479300e-05	-3.479300e-05	-3.442718e-03	7.604259e-03
33            	1.384220e-03	3.334781e-20	4.118921e-03	-1.029730e-04	-5.445167e-03	3.460550e-05	5.891370e-04	7.950831e-04	3.460550e-05	-3.460550e-05	-3.385707e-03	7.504628e-03
34            	1.376816e-03	3.306472e-20	4.076684e-03	-1.019171e-04	-5.367731e-03	3.442039e-05	5.864908e-04	7.903250e-04	3.442039e-05	-3.442039e-05	-3.329389e-03	7.406073e-03
35            	1.369412e-03	3.277383e-20	4.033907e-03	-1.008477e-04	-5.289382e-03	3.423531e-05	5.838585e-04	7.855538e-04	3.423531e-05	-3.423531e-05	-3.272429e-03	7.306336e-03
36            	1.361920e-03	3.247689e-20	3.990630e-03	-9.976574e-05	-5.210487e-03	3.404799e-05	5.811940e-04	7.807255e-04	3.404799e-05	-3.404799e-05	-3.215172e-03	7.205802e-03
37            	1.354581e-03	3.217280e-20	3.947665e-03	-9.869161e-05	-5.132224e-03	3.386453e-05	5.785990e-04	7.759822e-04	3.386453e-05	-3.386453e-05	-3.158392e-03	7.106056e-03
38            	1.347504e-03	3.187101e-20	3.905569e-03	-9.763922e-05	-5.055608e-03	3.368759e-05	5.761125e-04	7.713910e-04	3.368759e-05	-3.368759e-05	-3.102824e-03	7.008393e-03
39            	1.340699e-03	3.157429e-20	3.864515e-03	-9.661287e-05	-4.980956e-03	3.351746e-05	5.737364e-04	7.669621e-04	3.351746e-05	-3.351746e-05	-3.048698e-03	6.913213e-03
40            	1.334317e-03	3.128772e-20	3.825614e-03	-9.564035e-05	-4.910288e-03	3.335792e-05	5.715181e-04	7.627988e-04	3.335792e-05	-3.335792e-05	-2.997481e-03	6.823095e-03
41            	1.328268e-03	3.101660e-20	3.788090e-03	-9.470226e-05	-4.842157e-03	3.320670e-05	5.694318e-04	7.588363e-04	3.320670e-05	-3.320670e-05	-2.948112e-03	6.736202e-03
42            	1.322574e-03	3.075595e-20	3.752015e-03	-9.380038e-05	-4.776599e-03	3.306436e-05	5.674868e-04	7.550875e-04	3.306436e-05	-3.306436e-05	-2.900591e-03	6.652607e-03
43            	1.317287e-03	3.050792e-20	3.717821e-03	-9.294553e-05	-4.714394e-03	3.293217e-05	5.656979e-04	7.515890e-04	3.293217e-05	-3.293217e-05	-2.855484e-03	6.573305e-03
44            	1.312397e-03	3.027278e-20	3.685704e-03	-9.214259e-05	-4.655941e-03	3.280993e-05	5.640560e-04	7.483412e-04	3.280993e-05	-3.280993e-05	-2.813090e-03	6.498793e-03
45            	1.307865e-03	3.005090e-20	3.655664e-03	-9.139159e-05	-4.601307e-03	3.269664e-05	5.625412e-04	7.453243e-04	3.269664e-05	-3.269664e-05	-2.773476e-03	6.429139e-03
46            	1.303714e-03	2.984248e-20	3.627729e-03	-9.069323e-05	-4.550498e-03	3.259285e-05	5.611639e-04	7.425503e-04	3.259285e-05	-3.259285e-05	-2.736634e-03	6.364363e-03
47            	1.299930e-03	2.966518e-20	3.601937e-03	-9.004842e-05	-4.503587e-03	3.249824e-05	5.599164e-04	7.400132e-04	3.249824e-05	-3.249824e-05	-2.702618e-03	6.304555e-03
48            	1.296375e-03	2.948295e-20	3.577882e-03	-8.944705e-05	-4.459976e-03	3.240937e-05	5.587403e-04	7.376344e-04	3.240937e-05	-3.240937e-05	-2.671035e-03	6.248917e-03
49            	1.293109e-03	2.931226e-20	3.555637e-03	-8.889092e-05	-4.419697e-03	3.232772e-05	5.576635e-04	7.354453e-04	3.232772e-05	-3.232772e-05	-2.641878e-03	6.197515e-03
50            	1.290199e-03	2.917057e-20	3.535527e-03	-8.838817e-05	-4.383277e-03	3.225498e-05	5.567113e-04	7.334877e-04	3.225498e-05	-3.225498e-05	-2.615513e-03	6.151040e-03
51            	1.287460e-03	2.902409e-20	3.516940e-03	-8.792350e-05	-4.349777e-03	3.218651e-05	5.558067e-04	7.316537e-04	3.218651e-05	-3.218651e-05	-2.591307e-03	6.108247e-03
52            	1.284934e-03	2.888749e-20	3.499936e-03	-8.749840e-05	-4.319242e-03	3.212335e-05	5.549687e-04	7.299655e-04	3.212335e-05	-3.212335e-05	-2.569274e-03	6.069210e-03
53            	1.282626e-03	2.876125e-20	3.484454e-03	-8.711135e-05	-4.291525e-03	3.206566e-05	5.542018e-04	7.284245e-04	3.206566e-05	-3.206566e-05	-2.549298e-03	6.033752e-03
54            	1.280532e-03	2.864518e-20	3.470418e-03	-8.676046e-05	-4.266470e-03	3.201331e-05	5.535058e-04	7.270267e-04	3.201331e-05	-3.201331e-05	-2.531260e-03	6.001679e-03
55            	1.278652e-03	2.853896e-20	3.457740e-03	-8.644349e-05	-4.243903e-03	3.196630e-05	5.528825e-04	7.257694e-04	3.196630e-05	-3.196630e-05	-2.515034e-03	5.972773e-03
56            	1.276967e-03	2.844251e-20	3.446324e-03	-8.615809e-05	-4.223622e-03	3.192419e-05	5.523256e-04	7.246418e-04	3.192419e-05	-3.192419e-05	-2.500460e-03	5.946783e-03
57            	1.275456e-03	2.835522e-20	3.436124e-03	-8.590311e-05	-4.205583e-03	3.188639e-05	5.518247e-04	7.236309e-04	3.188639e-05	-3.188639e-05	-2.487520e-03	5.923645e-03
58            	1.274116e-03	2.827667e-20	3.427083e-03	-8.567708e-05	-4.189649e-03	3.185290e-05	5.513810e-04	7.227351e-04	3.185290e-05	-3.185290e-05	-2.476107e-03	5.903190e-03
59            	1.272931e-03	2.820628e-20	3.419124e-03	-8.547810e-05	-4.175698e-03	3.182327e-05	5.509873e-04	7.219435e-04	3.182327e-05	-3.182327e-05	-2.466136e-03	5.885260e-03
60            	1.271883e-03	2.814340e-20	3.412144e-03	-8.530361e-05	-4.163544e-03	3.179709e-05	5.506381e-04	7.212453e-04	3.179709e-05	-3.179709e-05	-2.457472e-03	5.869617e-03
61            	1.270955e-03	2.808739e-20	3.406031e-03	-8.515078e-05	-4.152987e-03	3.177387e-05	5.503266e-04	7.206281e-04	3.177387e-05	-3.177387e-05	-2.449971e-03	5.856003e-03
62            	1.270134e-03	2.803769e-20	3.400704e-03	-8.501759e-05	-4.143875e-03	3.175335e-05	5.500495e-04	7.200846e-04	3.175335e-05	-3.175335e-05	-2.443523e-03	5.844227e-03
63            	1.269416e-03	2.799390e-20	3.396093e-03	-8.490233e-05	-4.136074e-03	3.173540e-05	5.498057e-04	7.196103e-04	3.173540e-05	-3.173540e-05	-2.438028e-03	5.834121e-03
64            	1.268790e-03	2.795553e-20	3.392127e-03	-8.480317e-05	-4.129449e-03	3.171975e-05	5.495919e-04	7.191982e-04	3.171975e-05	-3.171975e-05	-2.433385e-03	5.825512e-03
65            	1.268250e-03	2.792218e-20	3.388761e-03	-8.471902e-05	-4.123918e-03	3.170625e-05	5.494061e-04	7.188441e-04	3.170625e-05	-3.170625e-05	-2.429537e-03	5.818298e-03
66            	1.267770e-03	2.789325e-20	3.385872e-03	-8.464679e-05	-4.119255e-03	3.169425e-05	5.492382e-04	7.185318e-04	3.169425e-05	-3.169425e-05	-2.426319e-03	5.812191e-03
67            	1.267366e-03	2.786842e-20	3.383490e-03	-8.458725e-05	-4.115519e-03	3.168415e-05	5.490957e-04	7.182702e-04	3.168415e-05	-3.168415e-05	-2.423774e-03	5.807264e-03
68            	1.267034e-03	2.784754e-20	3.381547e-03	-8.453868e-05	-4.112561e-03	3.167585e-05	5.489783e-04	7.180557e-04	3.167585e-05	-3.167585e-05	-2.421787e-03	5.803335e-03
69            	1.266764e-03	2.783032e-20	3.379994e-03	-8.449984e-05	-4.110297e-03	3.166910e-05	5.488821e-04	7.178818e-04	3.166910e-05	-3.166910e-05	-2.420300e-03	5.800294e-03
70            	1.266544e-03	2.781620e-20	3.378770e-03	-8.446924e-05	-4.108622e-03	3.166361e-05	5.488029e-04	7.177413e-04	3.166361e-05	-3.166361e-05	-2.419237e-03	5.798007e-03
71            	1.266370e-03	2.780490e-20	3.377840e-03	-8.444601e-05	-4.107471e-03	3.165925e-05	5.487389e-04	7.176309e-04	3.165925e-05	-3.165925e-05	-2.418551e-03	5.796391e-03
72            	1.266237e-03	2.779613e-20	3.377174e-03	-8.442935e-05	-4.106784e-03	3.165593e-05	5.486892e-04	7.175479e-04	3.165593e-05	-3.165593e-05	-2.418197e-03	5.795372e-03
73            	1.266169e-03	2.778967e-20	3.376765e-03	-8.441913e-05	-4.106498e-03	3.165422e-05	5.486653e-04	7.175036e-04	3.165422e-05	-3.165422e-05	-2.418116e-03	5.794881e-03
74            	1.266136e-03	2.778564e-20	3.376670e-03	-8.441675e-05	-4.106817e-03	3.165340e-05	5.486512e-04	7.174847e-04	3.165340e-05	-3.165340e-05	-2.418482e-03	5.795153e-03
75            	1.266109e-03	2.778356e-20	3.376667e-03	-8.441667e-05	-4.107291e-03	3.165272e-05	5.486376e-04	7.174710e-04	3.165272e-05	-3.165272e-05	-2.418957e-03	5.795624e-03
76            	1.266119e-03	2.778274e-20	3.376815e-03	-8.442038e-05	-4.107998e-03	3.165298e-05	5.486392e-04	7.174800e-04	3.165298e-05	-3.165298e-05	-2.419590e-03	5.796405e-03
77            	1.266148e-03	2.778329e-20	3.377115e-03	-8.442789e-05	-4.108978e-03	3.165369e-05	5.486460e-04	7.175017e-04	3.165369e-05	-3.165369e-05	-2.420420e-03	5.797536e-03
78            	1.266199e-03	2.778527e-20	3.377546e-03	-8.443864e-05	-4.110176e-03	3.165498e-05	5.486610e-04	7.175383e-04	3.165498e-05	-3.165498e-05	-2.421403e-03	5.798948e-03
79            	1.266273e-03	2.778831e-20	3.378083e-03	-8.445207e-05	-4.111542e-03	3.165683e-05	5.486846e-04	7.175887e-04	3.165683e-05	-3.165683e-05	-2.422500e-03	5.800583e-03
80            	1.266363e-03	2.779222e-20	3.378710e-03	-8.446776e-05	-4.113055e-03	3.165908e-05	5.487137e-04	7.176493e-04	3.165908e-05	-3.165908e-05	-2.423700e-03	5.802411e-03
81            	1.266469e-03	2.779698e-20	3.379422e-03	-8.448555e-05	-4.114704e-03	3.166172e-05	5.487489e-04	7.177200e-04	3.166172e-05	-3.166172e-05	-2.424993e-03	5.804415e-03
82            	1.266590e-03	2.780247e-20	3.380202e-03	-8.450505e-05	-4.116455e-03	3.166474e-05	5.487898e-04	7.177999e-04	3.166474e-05	-3.166474e-05	-2.426354e-03	5.806556e-03
83            	1.266724e-03	2.780863e-20	3.381047e-03	-8.452618e-05	-4.118307e-03	3.166810e-05	5.488357e-04	7.178881e-04	3.166810e-05	-3.166810e-05	-2.427783e-03	5.808831e-03
84            	1.266871e-03	2.781540e-20	3.381952e-03	-8.454881e-05	-4.120249e-03	3.167176e-05	5.488865e-04	7.179841e-04	3.167176e-05	-3.167176e-05	-2.429272e-03	5.811225e-03
85            	1.267029e-03	2.782269e-20	3.382913e-03	-8.457281e-05	-4.122272e-03	3.167572e-05	5.489416e-04	7.180872e-04	3.167572e-05	-3.167572e-05	-2.430816e-03	5.813728e-03
86            	1.267197e-03	2.783043e-20	3.383923e-03	-8.459807e-05	-4.124369e-03	3.167992e-05	5.490004e-04	7.181965e-04	3.167992e-05	-3.167992e-05	-2.432408e-03	5.816330e-03
87            	1.267369e-03	2.783859e-20	3.384948e-03	-8.462370e-05	-4.126475e-03	3.168424e-05	5.490610e-04	7.183084e-04	3.168424e-05	-3.168424e-05	-2.434001e-03	5.818949e-03
88            	1.267558e-03	2.784696e-20	3.386030e-03	-8.465075e-05	-4.128660e-03	3.168894e-05	5.491280e-04	7.184295e-04	3.168894e-05	-3.168894e-05	-2.435645e-03	5.821675e-03
89            	1.267752e-03	2.785580e-20	3.387140e-03	-8.467849e-05	-4.130875e-03	3.169381e-05	5.491977e-04	7.185547e-04	3.169381e-05	-3.169381e-05	-2.437305e-03	5.824444e-03
90            	1.267963e-03	2.786489e-20	3.388322e-03	-8.470806e-05	-4.133204e-03	3.169907e-05	5.492734e-04	7.186895e-04	3.169907e-05	-3.169907e-05	-2.439043e-03	5.827365e-03
91            	1.268183e-03	2.787428e-20	3.389541e-03	-8.473851e-05	-4.135577e-03	3.170457e-05	5.493529e-04	7.188299e-04	3.170457e-05	-3.170457e-05	-2.440807e-03	5.830347e-03
92            	1.268404e-03	2.788382e-20	3.390779e-03	-8.476949e-05	-4.137979e-03	3.171011e-05	5.494326e-04	7.189716e-04	3.171011e-05	-3.171011e-05	-2.442589e-03	5.833369e-03
93            	1.268626e-03	2.789345e-20	3.392033e-03	-8.480082e-05	-4.140397e-03	3.171565e-05	5.495123e-04	7.191139e-04	3.171565e-05	-3.171565e-05	-2.444381e-03	5.836414e-03
94            	1.268849e-03	2.790313e-20	3.393297e-03	-8.483242e-05	-4.142824e-03	3.172123e-05	5.495922e-04	7.192570e-04	3.172123e-05	-3.172123e-05	-2.446175e-03	5.839472e-03
95            	1.269071e-03	2.791279e-20	3.394564e-03	-8.486411e-05	-4.145247e-03	3.172678e-05	5.496714e-04	7.193997e-04	3.172678e-05	-3.172678e-05	-2.447965e-03	5.842529e-03
96            	1.269290e-03	2.792167e-20	3.395824e-03	-8.489559e-05	-4.147646e-03	3.173225e-05	5.497495e-04	7.195407e-04	3.173225e-05	-3.173225e-05	-2.449735e-03	5.845558e-03
97            	1.269510e-03	2.793127e-20	3.397079e-03	-8.492698e-05	-4.150027e-03	3.173774e-05	5.498278e-04	7.196818e-04	3.173774e-05	-3.173774e-05	-2.451487e-03	5.848566e-03
98            	1.269727e-03	2.794082e-20	3.398324e-03	-8.495810e-05	-4.152377e-03	3.174318e-05	5.499055e-04	7.198217e-04	3.174318e-05	-3.174318e-05	-2.453214e-03	5.851539e-03
99            	1.269941e-03	2.795026e-20	3.399549e-03	-8.498873e-05	-4.154681e-03	3.174853e-05	5.499820e-04	7.199594e-04	3.174853e-05	-3.174853e-05	-2.454907e-03	5.854456e-03
100           	1.270152e-03	2.795960e-20	3.400750e-03	-8.501876e-05	-4.156933e-03	3.175380e-05	5.500572e-04	7.200947e-04	3.175380e-05	-3.175380e-05	-2.456558e-03	5.857308e-03
101           	1.270358e-03	2.796880e-20	3.401925e-03	-8.504812e-05	-4.159127e-03	3.175896e-05	5.501311e-04	7.202273e-04	3.175896e-05	-3.175896e-05	-2.458165e-03	5.860089e-03
102           	1.270560e-03	2.797782e-20	3.403070e-03	-8.507675e-05	-4.161260e-03	3.176400e-05	5.502033e-04	7.203568e-04	3.176400e-05	-3.176400e-05	-2.459725e-03	5.862795e-03
103           	1.270757e-03	2.798665e-20	3.404184e-03	-8.510459e-05	-4.163328e-03	3.176891e-05	5.502737e-04	7.204828e-04	3.176891e-05	-3.176891e-05	-2.461236e-03	5.865419e-03
104           	1.270947e-03	2.799527e-20	3.405264e-03	-8.513159e-05	-4.165327e-03	3.177368e-05	5.503419e-04	7.206051e-04	3.177368e-05	-3.177368e-05	-2.462695e-03	5.867959e-03
105           	1.271131e-03	2.800366e-20	3.406292e-03	-8.515731e-05	-4.167223e-03	3.177829e-05	5.504084e-04	7.207230e-04	3.177829e-05	-3.177829e-05	-2.464077e-03	5.870369e-03
106           	1.271310e-03	2.801165e-20	3.407287e-03	-8.518218e-05	-4.169050e-03	3.178275e-05	5.504729e-04	7.208373e-04	3.178275e-05	-3.178275e-05	-2.465406e-03	5.872694e-03
107           	1.271484e-03	2.801941e-20	3.408255e-03	-8.520637e-05	-4.170823e-03	3.178710e-05	5.505355e-04	7.209483e-04	3.178710e-05	-3.178710e-05	-2.466695e-03	5.874950e-03
108           	1.271651e-03	2.802689e-20	3.409186e-03	-8.522965e-05	-4.172524e-03	3.179128e-05	5.505960e-04	7.210553e-04	3.179128e-05	-3.179128e-05	-2.467931e-03	5.877117e-03
109           	1.271812e-03	2.803409e-20	3.410076e-03	-8.525191e-05	-4.174147e-03	3.179529e-05	5.506539e-04	7.211577e-04	3.179529e-05	-3.179529e-05	-2.469109e-03	5.879185e-03
110           	1.271964e-03	2.804099e-20	3.410925e-03	-8.527312e-05	-4.175690e-03	3.179910e-05	5.507090e-04	7.212552e-04	3.179910e-05	-3.179910e-05	-2.470228e-03	5.881153e-03
111           	1.272109e-03	2.804757e-20	3.411732e-03	-8.529331e-05	-4.177158e-03	3.180271e-05	5.507610e-04	7.213476e-04	3.180271e-05	-3.180271e-05	-2.471291e-03	5.883024e-03
112           	1.272245e-03	2.805383e-20	3.412500e-03	-8.531251e-05	-4.178552e-03	3.180612e-05	5.508100e-04	7.214350e-04	3.180612e-05	-3.180612e-05	-2.472301e-03	5.884802e-03
113           	1.272373e-03	2.805976e-20	3.413228e-03	-8.533071e-05	-4.179872e-03	3.180933e-05	5.508560e-04	7.215174e-04	3.180933e-05	-3.180933e-05	-2.473258e-03	5.886486e-03
114           	1.272494e-03	2.806536e-20	3.413916e-03	-8.534790e-05	-4.181118e-03	3.181236e-05	5.508993e-04	7.215951e-04	3.181236e-05	-3.181236e-05	-2.474160e-03	5.888076e-03
115           	1.272609e-03	2.807066e-20	3.414566e-03	-8.536415e-05	-4.182292e-03	3.181522e-05	5.509403e-04	7.216686e-04	3.181522e-05	-3.181522e-05	-2.475009e-03	5.889575e-03
116           	1.272716e-03	2.807561e-20	3.415174e-03	-8.537936e-05	-4.183389e-03	3.181790e-05	5.509787e-04	7.217374e-04	3.181790e-05	-3.181790e-05	-2.475802e-03	5.890977e-03
117           	1.272816e-03	2.808024e-20	3.415743e-03	-8.539357e-05	-4.184414e-03	3.182040e-05	5.510145e-04	7.218017e-04	3.182040e-05	-3.182040e-05	-2.476542e-03	5.892285e-03
118           	1.272909e-03	2.808455e-20	3.416273e-03	-8.540681e-05	-4.185367e-03	3.182271e-05	5.510475e-04	7.218611e-04	3.182271e-05	-3.182271e-05	-2.477231e-03	5.893503e-03
119           	1.272992e-03	2.808811e-20	3.416758e-03	-8.541894e-05	-4.186242e-03	3.182480e-05	5.510770e-04	7.219149e-04	3.182480e-05	-3.182480e-05	-2.477863e-03	5.894620e-03
120           	1.273072e-03	2.809184e-20	3.417214e-03	-8.543034e-05	-4.187059e-03	3.182679e-05	5.511055e-04	7.219662e-04	3.182679e-05	-3.182679e-05	-2.478453e-03	5.895666e-03
121           	1.273146e-03	2.809534e-20	3.417637e-03	-8.544092e-05	-4.187815e-03	3.182866e-05	5.511323e-04	7.220141e-04	3.182866e-05	-3.182866e-05	-2.478997e-03	5.896633e-03
122           	1.273216e-03	2.809861e-20	3.418029e-03	-8.545071e-05	-4.188513e-03	3.183040e-05	5.511573e-04	7.220587e-04	3.183040e-05	-3.183040e-05	-2.479499e-03	5.897527e-03
123           	1.273281e-03	2.810165e-20	3.418390e-03	-8.545976e-05	-4.189156e-03	3.183201e-05	5.511805e-04	7.221000e-04	3.183201e-05	-3.183201e-05	-2.479961e-03	5.898351e-03
124           	1.273340e-03	2.810446e-20	3.418724e-03	-8.546810e-05	-4.189746e-03	3.183351e-05	5.512020e-04	7.221382e-04	3.183351e-05	-3.183351e-05	-2.480384e-03	5.899108e-03
125           	1.273395e-03	2.810705e-20	3.419031e-03	-8.547578e-05	-4.190288e-03	3.183488e-05	5.512219e-04	7.221734e-04	3.183488e-05	-3.183488e-05	-2.480772e-03	5.899803e-03
126           	1.273446e-03	2.810944e-20	3.419313e-03	-8.548283e-05	-4.190783e-03	3.183615e-05	5.512403e-04	7.222059e-04	3.183615e-05	-3.183615e-05	-2.481127e-03	5.900440e-03
127           	1.273493e-03	2.811163e-20	3.419571e-03	-8.548929e-05	-4.191235e-03	3.183732e-05	5.512572e-04	7.222358e-04	3.183732e-05	-3.183732e-05	-2.481450e-03	5.901021e-03
128           	1.273536e-03	2.811363e-20	3.419807e-03	-8.549516e-05	-4.191644e-03	3.183839e-05	5.512727e-04	7.222630e-04	3.183839e-05	-3.183839e-05	-2.481741e-03	5.901548e-03
129           	1.273572e-03	2.811543e-20	3.420020e-03	-8.550050e-05	-4.192018e-03	3.183931e-05	5.512857e-04	7.222867e-04	3.183931e-05	-3.183931e-05	-2.482008e-03	5.902028e-03
130           	1.273606e-03	2.811709e-20	3.420212e-03	-8.550529e-05	-4.192352e-03	3.184015e-05	5.512976e-04	7.223082e-04	3.184015e-05	-3.184015e-05	-2.482247e-03	5.902458e-03
131           	1.273636e-03	2.811858e-20	3.420384e-03	-8.550959e-05	-4.192650e-03	3.184090e-05	5.513085e-04	7.223277e-04	3.184090e-05	-3.184090e-05	-2.482458e-03	5.902841e-03
132           	1.273664e-03	2.811993e-20	3.420537e-03	-8.551342e-05	-4.192913e-03	3.184159e-05	5.513184e-04	7.223452e-04	3.184159e-05	-3.184159e-05	-2.482644e-03	5.903181e-03
133           	1.273688e-03	2.812113e-20	3.420673e-03	-8.551683e-05	-4.193145e-03	3.184221e-05	5.513273e-04	7.223610e-04	3.184221e-05	-3.184221e-05	-2.482808e-03	5.903481e-03
134           	1.273711e-03	2.812221e-20	3.420794e-03	-8.551985e-05	-4.193348e-03	3.184276e-05	5.513354e-04	7.223751e-04	3.184276e-05	-3.184276e-05	-2.482952e-03	5.903745e-03
135           	1.273731e-03	2.812317e-20	3.420900e-03	-8.552251e-05	-4.193526e-03	3.184326e-05	5.513427e-04	7.223878e-04	3.184326e-05	-3.184326e-05	-2.483076e-03	5.903977e-03
136           	1.273749e-03	2.812402e-20	3.420994e-03	-8.552486e-05	-4.193681e-03	3.184372e-05	5.513495e-04	7.223992e-04	3.184372e-05	-3.184372e-05	-2.483183e-03	5.904178e-03
137           	1.273765e-03	2.812477e-20	3.421079e-03	-8.552697e-05	-4.193818e-03	3.184414e-05	5.513557e-04	7.224097e-04	3.184414e-05	-3.184414e-05	-2.483278e-03	5.904357e-03
138           	1.273780e-03	2.812544e-20	3.421153e-03	-8.552882e-05	-4.193935e-03	3.184451e-05	5.513614e-04	7.224190e-04	3.184451e-05	-3.184451e-05	-2.483359e-03	5.904511e-03
139           	1.273794e-03	2.812602e-20	3.421217e-03	-8.553043e-05	-4.194036e-03	3.184484e-05	5.513663e-04	7.224272e-04	3.184484e-05	-3.184484e-05	-2.483428e-03	5.904645e-03
140           	1.273805e-03	2.812652e-20	3.421273e-03	-8.553183e-05	-4.194123e-03	3.184513e-05	5.513707e-04	7.224344e-04	3.184513e-05	-3.184513e-05	-2.483486e-03	5.904759e-03
141           	1.273815e-03	2.812695e-20	3.421322e-03	-8.553305e-05	-4.194196e-03	3.184538e-05	5.513746e-04	7.224407e-04	3.184538e-05	-3.184538e-05	-2.483535e-03	5.904857e-03
142           	1.273824e-03	2.812733e-20	3.421364e-03	-8.553409e-05	-4.194257e-03	3.184561e-05	5.513781e-04	7.224463e-04	3.184561e-05	-3.184561e-05	-2.483575e-03	5.904939e-03
143           	1.273832e-03	2.812765e-20	3.421398e-03	-8.553494e-05	-4.194304e-03	3.184579e-05	5.513809e-04	7.224508e-04	3.184579e-05	-3.184579e-05	-2.483605e-03	5.905003e-03
144           	1.273838e-03	2.812790e-20	3.421426e-03	-8.553565e-05	-4.194342e-03	3.184596e-05	5.513835e-04	7.224548e-04	3.184596e-05	-3.184596e-05	-2.483629e-03	5.905055e-03
145           	1.273844e-03	2.812811e-20	3.421451e-03	-8.553627e-05	-4.194373e-03	3.184610e-05	5.513857e-04	7.224583e-04	3.184610e-05	-3.184610e-05	-2.483647e-03	5.905098e-03
146           	1.273849e-03	2.812827e-20	3.421470e-03	-8.553676e-05	-4.194395e-03	3.184622e-05	5.513876e-04	7.224611e-04	3.184622e-05	-3.184622e-05	-2.483660e-03	5.905130e-03
147           	1.273852e-03	2.812839e-20	3.421485e-03	-8.553712e-05	-4.194408e-03	3.184631e-05	5.513890e-04	7.224633e-04	3.184631e-05	-3.184631e-05	-2.483666e-03	5.905151e-03
148           	1.273855e-03	2.812847e-20	3.421495e-03	-8.553737e-05	-4.194415e-03	3.184637e-05	5.513901e-04	7.224648e-04	3.184637e-05	-3.184637e-05	-2.483667e-03	5.905162e-03
149           	1.273857e-03	2.812853e-20	3.421501e-03	-8.553753e-05	-4.194415e-03	3.184642e-05	5.513909e-04	7.224659e-04	3.184642e-05	-3.184642e-05	-2.483664e-03	5.905165e-03
150           	1.273858e-03	2.812855e-20	3.421504e-03	-8.553760e-05	-4.194410e-03	3.184645e-05	5.513913e-04	7.224665e-04	3.184645e-05	-3.184645e-05	-2.483658e-03	5.905162e-03
151           	1.273858e-03	2.812855e-20	3.421504e-03	-8.553760e-05	-4.194400e-03	3.184646e-05	5.513915e-04	7.224668e-04	3.184646e-05	-3.184646e-05	-2.483648e-03	5.905152e-03
152           	1.273858e-03	2.812852e-20	3.421501e-03	-8.553753e-05	-4.194385e-03	3.184645e-05	5.513915e-04	7.224666e-04	3.184645e-05	-3.184645e-05	-2.483635e-03	5.905136e-03
153           	1.273857e-03	2.812848e-20	3.421496e-03	-8.553741e-05	-4.194367e-03	3.184644e-05	5.513913e-04	7.224662e-04	3.184644e-05	-3.184644e-05	-2.483619e-03	5.905115e-03
154           	1.273857e-03	2.812842e-20	3.421490e-03	-8.553724e-05	-4.194346e-03	3.184641e-05	5.513910e-04	7.224655e-04	3.184641e-05	-3.184641e-05	-2.483602e-03	5.905091e-03
155           	1.273855e-03	2.812835e-20	3.421481e-03	-8.553702e-05	-4.194322e-03	3.184638e-05	5.513906e-04	7.224646e-04	3.184638e-05	-3.184638e-05	-2.483582e-03	5.905063e-03
156           	1.273853e-03	2.812827e-20	3.421470e-03	-8.553675e-05	-4.194294e-03	3.184634e-05	5.513900e-04	7.224635e-04	3.184634e-05	-3.184634e-05	-2.483559e-03	5.905029e-03
157           	1.273851e-03	2.812817e-20	3.421457e-03	-8.553644e-05	-4.194264e-03	3.184629e-05	5.513893e-04	7.224622e-04	3.184629e-05	-3.184629e-05	-2.483536e-03	5.904993e-03
158           	1.273849e-03	2.812807e-20	3.421443e-03	-8.553609e-05	-4.194232e-03	3.184623e-05	5.513884e-04	7.224606e-04	3.184623e-05	-3.184623e-05	-2.483510e-03	5.904954e-03
159           	1.273846e-03	2.812795e-20	3.421428e-03	-8.553571e-05	-4.194198e-03	3.184616e-05	5.513875e-04	7.224589e-04	3.184616e-05	-3.184616e-05	-2.483484e-03	5.904912e-03
160           	1.273843e-03	2.812782e-20	3.421412e-03	-8.553530e-05	-4.194162e-03	3.184609e-05	5.513864e-04	7.224570e-04	3.184609e-05	-3.184609e-05	-2.483456e-03	5.904867e-03
161           	1.273840e-03	2.812768e-20	3.421394e-03	-8.553486e-05	-4.194124e-03	3.184601e-05	5.513853e-04	7.224550e-04	3.184601e-05	-3.184601e-05	-2.483427e-03	5.904821e-03
162           	1.273837e-03	2.812754e-20	3.421376e-03	-8.553439e-05	-4.194085e-03	3.184593e-05	5.513841e-04	7.224529e-04	3.184593e-05	-3.184593e-05	-2.483397e-03	5.904772e-03
163           	1.273834e-03	2.812739e-20	3.421356e-03	-8.553390e-05	-4.194044e-03	3.184584e-05	5.513829e-04	7.224507e-04	3.184584e-05	-3.184584e-05	-2.483366e-03	5.904722e-03
164           	1.273830e-03	2.812723e-20	3.421336e-03	-8.553339e-05	-4.194002e-03	3.184575e-05	5.513815e-04	7.224483e-04	3.184575e-05	-3.184575e-05	-2.483334e-03	5.904670e-03
165           	1.273826e-03	2.812706e-20	3.421314e-03	-8.553286e-05	-4.193959e-03	3.184565e-05	5.513801e-04	7.224459e-04	3.184565e-05	-3.184565e-05	-2.483301e-03	5.904616e-03
166           	1.273822e-03	2.812689e-20	3.421293e-03	-8.553233e-05	-4.193916e-03	3.184555e-05	5.513787e-04	7.224434e-04	3.184555e-05	-3.184555e-05	-2.483269e-03	5.904562e-03
167           	1.273818e-03	2.812672e-20	3.421272e-03	-8.553179e-05	-4.193873e-03	3.184545e-05	5.513773e-04	7.224408e-04	3.184545e-05	-3.184545e-05	-2.483237e-03	5.904509e-03
168           	1.273814e-03	2.812654e-20	3.421249e-03	-8.553121e-05	-4.193827e-03	3.184534e-05	5.513757e-04	7.224381e-04	3.184534e-05	-3.184534e-05	-2.483203e-03	5.904452e-03
169           	1.273809e-03	2.812636e-20	3.421224e-03	-8.553061e-05	-4.193780e-03	3.184523e-05	5.513741e-04	7.224353e-04	3.184523e-05	-3.184523e-05	-2.483168e-03	5.904392e-03
170           	1.273805e-03	2.812617e-20	3.421201e-03	-8.553002e-05	-4.193734e-03	3.184512e-05	5.513725e-04	7.224325e-04	3.184512e-05	-3.184512e-05	-2.483134e-03	5.904335e-03
171           	1.273801e-03	2.812598e-20	3.421178e-03	-8.552944e-05	-4.193690e-03	3.184501e-05	5.513709e-04	7.224297e-04	3.184501e-05	-3.184501e-05	-2.483101e-03	5.904278e-03
172           	1.273796e-03	2.812579e-20	3.421153e-03	-8.552883e-05	-4.193643e-03	3.184490e-05	5.513693e-04	7.224269e-04	3.184490e-05	-3.184490e-05	-2.483066e-03	5.904220e-03
173           	1.273792e-03	2.812560e-20	3.421129e-03	-8.552821e-05	-4.193596e-03	3.184479e-05	5.513676e-04	7.224240e-04	3.184479e-05	-3.184479e-05	-2.483032e-03	5.904160e-03
174           	1.273787e-03	2.812541e-20	3.421105e-03	-8.552762e-05	-4.193551e-03	3.184468e-05	5.513659e-04	7.224212e-04	3.184468e-05	-3.184468e-05	-2.482999e-03	5.904104e-03
175           	1.273783e-03	2.812522e-20	3.421081e-03	-8.552702e-05	-4.193506e-03	3.184457e-05	5.513643e-04	7.224184e-04	3.184457e-05	-3.184457e-05	-2.482965e-03	5.904046e-03
176           	1.273778e-03	2.812503e-20	3.421057e-03	-8.552641e-05	-4.193460e-03	3.184446e-05	5.513627e-04	7.224156e-04	3.184446e-05	-3.184446e-05	-2.482932e-03	5.903988e-03
177           	1.273774e-03	2.812485e-20	3.421033e-03	-8.552583e-05	-4.193417e-03	3.184435e-05	5.513612e-04	7.224129e-04	3.184435e-05	-3.184435e-05	-2.482900e-03	5.903933e-03
178           	1.273770e-03	2.812466e-20	3.421011e-03	-8.552527e-05	-4.193374e-03	3.184425e-05	5.513597e-04	7.224102e-04	3.184425e-05	-3.184425e-05	-2.482869e-03	5.903880e-03
179           	1.273766e-03	2.812449e-20	3.420988e-03	-8.552471e-05	-4.193332e-03	3.184415e-05	5.513582e-04	7.224076e-04	3.184415e-05	-3.184415e-05	-2.482838e-03	5.903826e-03
180           	1.273762e-03	2.812431e-20	3.420966e-03	-8.552415e-05	-4.193291e-03	3.184405e-05	5.513568e-04	7.224051e-04	3.184405e-05	-3.184405e-05	-2.482808e-03	5.903774e-03
181           	1.273758e-03	2.812414e-20	3.420944e-03	-8.552361e-05	-4.193251e-03	3.184395e-05	5.513553e-04	7.224026e-04	3.184395e-05	-3.184395e-05	-2.482779e-03	5.903723e-03
182           	1.273754e-03	2.812398e-20	3.420924e-03	-8.552309e-05	-4.193212e-03	3.184385e-05	5.513539e-04	7.224001e-04	3.184385e-05	-3.184385e-05	-2.482751e-03	5.903674e-03
183           	1.273750e-03	2.812382e-20	3.420903e-03	-8.552258e-05	-4.193175e-03	3.184376e-05	5.513526e-04	7.223978e-04	3.184376e-05	-3.184376e-05	-2.482724e-03	5.903627e-03
184           	1.273747e-03	2.812366e-20	3.420884e-03	-8.552209e-05	-4.193139e-03	3.184367e-05	5.513513e-04	7.223955e-04	3.184367e-05	-3.184367e-05	-2.482697e-03	5.903581e-03
185           	1.273743e-03	2.812352e-20	3.420865e-03	-8.552163e-05	-4.193105e-03	3.184359e-05	5.513501e-04	7.223934e-04	3.184359e-05	-3.184359e-05	-2.482672e-03	5.903537e-03
186           	1.273740e-03	2.812338e-20	3.420847e-03	-8.552118e-05	-4.193072e-03	3.184351e-05	5.513490e-04	7.223913e-04	3.184351e-05	-3.184351e-05	-2.482648e-03	5.903496e-03
187           	1.273737e-03	2.812326e-20	3.420830e-03	-8.552075e-05	-4.193041e-03	3.184343e-05	5.513479e-04	7.223894e-04	3.184343e-05	-3.184343e-05	-2.482626e-03	5.903456e-03
188           	1.273734e-03	2.812313e-20	3.420814e-03	-8.552034e-05	-4.193011e-03	3.184336e-05	5.513468e-04	7.223875e-04	3.184336e-05	-3.184336e-05	-2.482604e-03	5.903417e-03
189           	1.273732e-03	2.812301e-20	3.420798e-03	-8.551995e-05	-4.192982e-03	3.184329e-05	5.513458e-04	7.223857e-04	3.184329e-05	-3.184329e-05	-2.482583e-03	5.903381e-03
190           	1.273729e-03	2.812289e-20	3.420783e-03	-8.551958e-05	-4.192955e-03	3.184322e-05	5.513449e-04	7.223840e-04	3.184322e-05	-3.184322e-05	-2.482563e-03	5.903346e-03
191           	1.273726e-03	2.812277e-20	3.420769e-03	-8.551922e-05	-4.192929e-03	3.184316e-05	5.513439e-04	7.223824e-04	3.184316e-05	-3.184316e-05	-2.482545e-03	5.903314e-03
192           	1.273724e-03	2.812267e-20	3.420756e-03	-8.551889e-05	-4.192905e-03	3.184310e-05	5.513431e-04	7.223809e-04	3.184310e-05	-3.184310e-05	-2.482527e-03	5.903283e-03
193           	1.273722e-03	2.812256e-20	3.420743e-03	-8.551857e-05	-4.192882e-03	3.184304e-05	5.513423e-04	7.223794e-04	3.184304e-05	-3.184304e-05	-2.482510e-03	5.903253e-03
194           	1.273720e-03	2.812247e-20	3.420731e-03	-8.551827e-05	-4.192860e-03	3.184299e-05	5.513415e-04	7.223780e-04	3.184299e-05	-3.184299e-05	-2.482495e-03	5.903226e-03
195           	1.273718e-03	2.812238e-20	3.420720e-03	-8.551799e-05	-4.192840e-03	3.184294e-05	5.513408e-04	7.223767e-04	3.184294e-05	-3.184294e-05	-2.482480e-03	5.903200e-03
196           	1.273716e-03	2.812229e-20	3.420709e-03	-8.551773e-05	-4.192821e-03	3.184289e-05	5.513401e-04	7.223755e-04	3.184289e-05	-3.184289e-05	-2.482466e-03	5.903175e-03
197           	1.273714e-03	2.812221e-20	3.420699e-03	-8.551748e-05	-4.192803e-03	3.184285e-05	5.513394e-04	7.223744e-04	3.184285e-05	-3.184285e-05	-2.482454e-03	5.903153e-03
198           	1.273712e-03	2.812213e-20	3.420690e-03	-8.551725e-05	-4.192787e-03	3.184280e-05	5.513388e-04	7.223733e-04	3.184280e-05	-3.184280e-05	-2.482442e-03	5.903132e-03
199           	1.273711e-03	2.812206e-20	3.420681e-03	-8.551703e-05	-4.192771e-03	3.184277e-05	5.513383e-04	7.223723e-04	3.184277e-05	-3.184277e-05	-2.482431e-03	5.903112e-03
200           	1.273709e-03	2.812200e-20	3.420673e-03	-8.551683e-05	-4.192757e-03	3.184273e-05	5.513378e-04	7.223714e-04	3.184273e-05	-3.184273e-05	-2.482420e-03	5.903093e-03
201           	1.273708e-03	2.812193e-20	3.420666e-03	-8.551664e-05	-4.192744e-03	3.184270e-05	5.513373e-04	7.223706e-04	3.184270e-05	-3.184270e-05	-2.482411e-03	5.903076e-03
202           	1.273707e-03	2.812188e-20	3.420659e-03	-8.551647e-05	-4.192731e-03	3.184267e-05	5.513368e-04	7.223698e-04	3.184267e-05	-3.184267e-05	-2.482402e-03	5.903061e-03
203           	1.273705e-03	2.812182e-20	3.420652e-03	-8.551631e-05	-4.192720e-03	3.184264e-05	5.513364e-04	7.223690e-04	3.184264e-05	-3.184264e-05	-2.482394e-03	5.903046e-03
204           	1.273704e-03	2.812177e-20	3.420647e-03	-8.551616e-05	-4.192710e-03	3.184261e-05	5.513360e-04	7.223684e-04	3.184261e-05	-3.184261e-05	-2.482386e-03	5.903033e-03
205           	1.273703e-03	2.812173e-20	3.420641e-03	-8.551603e-05	-4.192700e-03	3.184259e-05	5.513357e-04	7.223677e-04	3.184259e-05	-3.184259e-05	-2.482380e-03	5.903021e-03
206           	1.273702e-03	2.812169e-20	3.420636e-03	-8.551590e-05	-4.192691e-03	3.184256e-05	5.513353e-04	7.223671e-04	3.184256e-05	-3.184256e-05	-2.482373e-03	5.903009e-03
207           	1.273702e-03	2.812165e-20	3.420632e-03	-8.551579e-05	-4.192683e-03	3.184254e-05	5.513350e-04	7.223666e-04	3.184254e-05	-3.184254e-05	-2.482368e-03	5.902999e-03
208           	1.273701e-03	2.812161e-20	3.420627e-03	-8.551568e-05	-4.192676e-03	3.184252e-05	5.513347e-04	7.223661e-04	3.184252e-05	-3.184252e-05	-2.482363e-03	5.902990e-03
209           	1.273700e-03	2.812158e-20	3.420624e-03	-8.551559e-05	-4.192670e-03	3.184250e-05	5.513345e-04	7.223657e-04	3.184250e-05	-3.184250e-05	-2.482358e-03	5.902982e-03
210           	1.273700e-03	2.812155e-20	3.420620e-03	-8.551550e-05	-4.192664e-03	3.184249e-05	5.513343e-04	7.223653e-04	3.184249e-05	-3.184249e-05	-2.482354e-03	5.902974e-03
211           	1.273699e-03	2.812152e-20	3.420617e-03	-8.551542e-05	-4.192658e-03	3.184247e-05	5.513340e-04	7.223649e-04	3.184247e-05	-3.184247e-05	-2.482350e-03	5.902967e-03
212           	1.273698e-03	2.812150e-20	3.420614e-03	-8.551535e-05	-4.192653e-03	3.184246e-05	5.513338e-04	7.223645e-04	3.184246e-05	-3.184246e-05	-2.482346e-03	5.902960e-03
213           	1.273698e-03	2.812147e-20	3.420611e-03	-8.551528e-05	-4.192649e-03	3.184245e-05	5.513337e-04	7.223642e-04	3.184245e-05	-3.184245e-05	-2.482343e-03	5.902955e-03
214           	1.273697e-03	2.812145e-20	3.420609e-03	-8.551522e-05	-4.192645e-03	3.184244e-05	5.513335e-04	7.223639e-04	3.184244e-05	-3.184244e-05	-2.482341e-03	5.902949e-03
215           	1.273697e-03	2.812144e-20	3.420607e-03	-8.551517e-05	-4.192642e-03	3.184243e-05	5.513333e-04	7.223637e-04	3.184243e-05	-3.184243e-05	-2.482338e-03	5.902945e-03
216           	1.273697e-03	2.812142e-20	3.420605e-03	-8.551512e-05	-4.192638e-03	3.184242e-05	5.513332e-04	7.223635e-04	3.184242e-05	-3.184242e-05	-2.482336e-03	5.902941e-03
217           	1.273696e-03	2.812141e-20	3.420603e-03	-8.551508e-05	-4.192636e-03	3.184241e-05	5.513331e-04	7.223633e-04	3.184241e-05	-3.184241e-05	-2.482334e-03	5.902938e-03
218           	1.273696e-03	2.812139e-20	3.420602e-03	-8.551505e-05	-4.192634e-03	3.184240e-05	5.513330e-04	7.223631e-04	3.184240e-05	-3.184240e-05	-2.482333e-03	5.902935e-03
219           	1.273696e-03	2.812138e-20	3.420601e-03	-8.551502e-05	-4.192632e-03	3.184240e-05	5.513329e-04	7.223629e-04	3.184240e-05	-3.184240e-05	-2.482331e-03	5.902932e-03
220           	1.273696e-03	2.812137e-20	3.420600e-03	-8.551499e-05	-4.192630e-03	3.184239e-05	5.513328e-04	7.223628e-04	3.184239e-05	-3.184239e-05	-2.482330e-03	5.902930e-03
221           	1.273695e-03	2.812137e-20	3.420599e-03	-8.551497e-05	-4.192629e-03	3.184239e-05	5.513327e-04	7.223627e-04	3.184239e-05	-3.184239e-05	-2.482329e-03	5.902928e-03
222           	1.273695e-03	2.812136e-20	3.420598e-03	-8.551495e-05	-4.192628e-03	3.184238e-05	5.513327e-04	7.223626e-04	3.184238e-05	-3.184238e-05	-2.482329e-03	5.902927e-03
223           	1.273695e-03	2.812135e-20	3.420597e-03	-8.551493e-05	-4.192627e-03	3.184238e-05	5.513326e-04	7.223625e-04	3.184238e-05	-3.184238e-05	-2.482328e-03	5.902925e-03
224           	1.273695e-03	2.812135e-20	3.420597e-03	-8.551492e-05	-4.192626e-03	3.184238e-05	5.513326e-04	7.223624e-04	3.184238e-05	-3.184238e-05	-2.482328e-03	5.902925e-03
225           	1.273695e-03	2.812135e-20	3.420596e-03	-8.551491e-05	-4.192626e-03	3.184237e-05	5.513326e-04	7.223624e-04	3.184237e-05	-3.184237e-05	-2.482328e-03	5.902924e-03
226           	1.273695e-03	2.812134e-20	3.420596e-03	-8.551490e-05	-4.192625e-03	3.184237e-05	5.513325e-04	7.223623e-04	3.184237e-05	-3.184237e-05	-2.482327e-03	5.902923e-03
227           	1.273695e-03	2.812134e-20	3.420596e-03	-8.551490e-05	-4.192625e-03	3.184237e-05	5.513325e-04	7.223623e-04	3.184237e-05	-3.184237e-05	-2.482327e-03	5.902923e-03
228           	1.273695e-03	2.812134e-20	3.420596e-03	-8.551489e-05	-4.192625e-03	3.184237e-05	5.513325e-04	7.223623e-04	3.184237e-05	-3.184237e-05	-2.482327e-03	5.902923e-03
229           	1.273695e-03	2.812134e-20	3.420596e-03	-8.551489e-05	-4.192625e-03	3.184237e-05	5.513325e-04	7.223623e-04	3.184237e-05	-3.184237e-05	-2.482328e-03	5.902923e-03
230           	1.273695e-03	2.812134e-20	3.420596e-03	-8.551489e-05	-4.192626e-03	3.184237e-05	5.513325e-04	7.223623e-04	3.184237e-05	-3.184237e-05	-2.482328e-03	5.902923e-03
231           	1.273695e-03	2.812134e-20	3.420596e-03	-8.551489e-05	-4.192626e-03	3.184237e-05	5.513325e-04	7.223623e-04	3.184237e-05	-3.184237e-05	-2.482328e-03	5.902924e-03
232           	1.273695e-03	2.812134e-20	3.420596e-03	-8.551490e-05	-4.192626e-03	3.184237e-05	5.513325e-04	7.223623e-04	3.184237e-05	-3.184237e-05	-2.482328e-03	5.902924e-03
233           	1.273695e-03	2.812134e-20	3.420596e-03	-8.551490e-05	-4.192627e-03	3.184237e-05	5.513325e-04	7.223623e-04	3.184237e-05	-3.184237e-05	-2.482329e-03	5.902925e-03
234           	1.273695e-03	2.812135e-20	3.420596e-03	-8.551491e-05	-4.192627e-03	3.184237e-05	5.513325e-04	7.223623e-04	3.184237e-05	-3.184237e-05	-2.482329e-03	5.902926e-03
235           	1.273695e-03	2.812135e-20	3.420597e-03	-8.551491e-05	-4.192628e-03	3.184237e-05	5.513325e-04	7.223624e-04	3.184237e-05	-3.184237e-05	-2.482330e-03	5.902926e-03
236           	1.273695e-03	2.812135e-20	3.420597e-03	-8.551492e-05	-4.192629e-03	3.184237e-05	5.513325e-04	7.223624e-04	3.184237e-05	-3.184237e-05	-2.482330e-03	5.902927e-03
237           	1.273695e-03	2.812135e-20	3.420597e-03	-8.551493e-05	-4.192630e-03	3.184237e-05	5.513326e-04	7.223624e-04	3.184237e-05	-3.184237e-05	-2.482331e-03	5.902928e-03
238           	1.273695e-03	2.812136e-20	3.420597e-03	-8.551494e-05	-4.192630e-03	3.184238e-05	5.513326e-04	7.223624e-04	3.184238e-05	-3.184238e-05	-2.482332e-03	5.902929e-03
239           	1.273695e-03	2.812136e-20	3.420598e-03	-8.551495e-05	-4.192631e-03	3.184238e-05	5.513326e-04	7.223625e-04	3.184238e-05	-3.184238e-05	-2.482332e-03	5.902930e-03
240           	1.273695e-03	2.812136e-20	3.420598e-03	-8.551496e-05	-4.192632e-03	3.184238e-05	5.513326e-04	7.223625e-04	3.184238e-05	-3.184238e-05	-2.482333e-03	5.902931e-03
241           	1.273695e-03	2.812137e-20	3.420599e-03	-8.551497e-05	-4.192633e-03	3.184238e-05	5.513327e-04	7.223626e-04	3.184238e-05	-3.184238e-05	-2.482334e-03	5.902932e-03
242           	1.273695e-03	2.812137e-20	3.420599e-03	-8.551498e-05	-4.192634e-03	3.184238e-05	5.513327e-04	7.223626e-04	3.184238e-05	-3.184238e-05	-2.482334e-03	5.902933e-03
243           	1.273695e-03	2.812137e-20	3.420600e-03	-8.551499e-05	-4.192635e-03	3.184238e-05	5.513327e-04	7.223627e-04	3.184238e-05	-3.184238e-05	-2.482335e-03	5.902934e-03
244           	1.273695e-03	2.812138e-20	3.420600e-03	-8.551500e-05	-4.192636e-03	3.184239e-05	5.513327e-04	7.223627e-04	3.184239e-05	-3.184239e-05	-2.482336e-03	5.902936e-03
245           	1.273696e-03	2.812138e-20	3.420600e-03	-8.551501e-05	-4.192636e-03	3.184239e-05	5.513328e-04	7.223628e-04	3.184239e-05	-3.184239e-05	-2.482336e-03	5.902937e-03
246           	1.273696e-03	2.812139e-20	3.420601e-03	-8.551502e-05	-4.192637e-03	3.184239e-05	5.513328e-04	7.223628e-04	3.184239e-05	-3.184239e-05	-2.482337e-03	5.902938e-03
