# Force coefficients
# dragDir     : (1.000000e+00 0.000000e+00 0.000000e+00)
# sideDir     : (0.000000e+00 0.000000e+00 -1.000000e+00)
# liftDir     : (0.000000e+00 1.000000e+00 0.000000e+00)
# rollAxis    : (1.000000e+00 0.000000e+00 0.000000e+00)
# pitchAxis   : (0.000000e+00 0.000000e+00 -1.000000e+00)
# yawAxis     : (0.000000e+00 1.000000e+00 0.000000e+00)
# magUInf     : 2.000000e-02
# lRef        : 1.000000e-01
# Aref        : 1.000000e-01
# CofR        : (0.000000e+00 0.000000e+00 0.000000e+00)
#
# Time        	Cd            	Cs            	Cl            	CmRoll        	CmPitch       	CmYaw         	Cd(f)         	Cd(r)         	Cs(f)         	Cs(r)         	Cl(f)         	Cl(r)         
1             	3.230612e-03	1.360135e-19	-4.404385e-03	1.101096e-04	1.535702e-02	8.076529e-05	1.725415e-03	1.505196e-03	8.076529e-05	-8.076529e-05	1.315482e-02	-1.755921e-02
2             	7.023173e-03	6.865783e-20	-6.159286e-03	1.539822e-04	2.624397e-02	1.755793e-04	3.665569e-03	3.357605e-03	1.755793e-04	-1.755793e-04	2.316432e-02	-2.932361e-02
3             	5.641900e-03	1.106576e-20	-2.022546e-03	5.056365e-05	1.497429e-02	1.410475e-04	2.871514e-03	2.770387e-03	1.410475e-04	-1.410475e-04	1.396302e-02	-1.598556e-02
4             	4.909791e-03	-2.643543e-20	-1.399463e-03	3.498657e-05	1.202146e-02	1.227448e-04	2.489882e-03	2.419909e-03	1.227448e-04	-1.227448e-04	1.132173e-02	-1.272119e-02
5             	4.558127e-03	-3.612397e-20	-1.630344e-03	4.075861e-05	1.165766e-02	1.139532e-04	2.319822e-03	2.238305e-03	1.139532e-04	-1.139532e-04	1.084249e-02	-1.247283e-02
6             	4.767953e-03	-3.698158e-20	-2.910598e-03	7.276496e-05	1.467568e-02	1.191988e-04	2.456741e-03	2.311211e-03	1.191988e-04	-1.191988e-04	1.322039e-02	-1.613098e-02
7             	4.860126e-03	-3.177345e-20	-3.505710e-03	8.764275e-05	1.611763e-02	1.215031e-04	2.517706e-03	2.342420e-03	1.215031e-04	-1.215031e-04	1.436478e-02	-1.787049e-02
8             	4.875027e-03	-2.680570e-20	-3.727523e-03	9.318807e-05	1.663692e-02	1.218757e-04	2.530701e-03	2.344325e-03	1.218757e-04	-1.218757e-04	1.477316e-02	-1.850068e-02
9             	4.777184e-03	-2.069194e-20	-3.656131e-03	9.140327e-05	1.629992e-02	1.194296e-04	2.479995e-03	2.297189e-03	1.194296e-04	-1.194296e-04	1.447185e-02	-1.812798e-02
10            	4.640063e-03	-2.106583e-20	-3.532026e-03	8.830065e-05	1.575112e-02	1.160016e-04	2.408332e-03	2.231731e-03	1.160016e-04	-1.160016e-04	1.398510e-02	-1.751713e-02
11            	4.493870e-03	-1.824185e-20	-3.330994e-03	8.327485e-05	1.504006e-02	1.123468e-04	2.330210e-03	2.163660e-03	1.123468e-04	-1.123468e-04	1.337456e-02	-1.670556e-02
12            	4.376839e-03	-1.806040e-20	-3.171552e-03	7.928879e-05	1.447971e-02	1.094210e-04	2.267708e-03	2.109130e-03	1.094210e-04	-1.094210e-04	1.289394e-02	-1.606549e-02
13            	4.290641e-03	-1.753494e-20	-2.994595e-03	7.486487e-05	1.397036e-02	1.072660e-04	2.220185e-03	2.070456e-03	1.072660e-04	-1.072660e-04	1.247306e-02	-1.546766e-02
14            	4.224283e-03	-1.735961e-20	-2.785971e-03	6.964927e-05	1.344540e-02	1.056071e-04	2.181791e-03	2.042492e-03	1.056071e-04	-1.056071e-04	1.205242e-02	-1.483839e-02
15            	4.175551e-03	-1.627479e-20	-2.571012e-03	6.427529e-05	1.295638e-02	1.043888e-04	2.152051e-03	2.023500e-03	1.043888e-04	-1.043888e-04	1.167087e-02	-1.424188e-02
16            	4.111514e-03	-1.494935e-20	-2.288393e-03	5.720983e-05	1.230670e-02	1.027879e-04	2.112967e-03	1.998547e-03	1.027879e-04	-1.027879e-04	1.116250e-02	-1.345090e-02
17            	4.055499e-03	-1.396657e-20	-2.012146e-03	5.030364e-05	1.168730e-02	1.013875e-04	2.078053e-03	1.977446e-03	1.013875e-04	-1.013875e-04	1.068123e-02	-1.269338e-02
18            	3.999495e-03	-1.291441e-20	-1.721659e-03	4.304146e-05	1.104090e-02	9.998737e-05	2.042789e-03	1.956706e-03	9.998737e-05	-9.998737e-05	1.018007e-02	-1.190173e-02
19            	3.948601e-03	-1.197523e-20	-1.440811e-03	3.602028e-05	1.041974e-02	9.871502e-05	2.010321e-03	1.938280e-03	9.871502e-05	-9.871502e-05	9.699335e-03	-1.114015e-02
20            	3.901705e-03	-1.107287e-20	-1.175320e-03	2.938299e-05	9.831545e-03	9.754263e-05	1.980236e-03	1.921470e-03	9.754263e-05	-9.754263e-05	9.243886e-03	-1.041921e-02
21            	3.858236e-03	-1.024930e-20	-9.311408e-04	2.327852e-05	9.285197e-03	9.645591e-05	1.952397e-03	1.905840e-03	9.645591e-05	-9.645591e-05	8.819627e-03	-9.750768e-03
22            	3.818296e-03	-9.545419e-21	-7.151443e-04	1.787861e-05	8.793958e-03	9.545739e-05	1.927026e-03	1.891269e-03	9.545739e-05	-9.545739e-05	8.436386e-03	-9.151530e-03
23            	3.788757e-03	-9.069909e-21	-5.498738e-04	1.374684e-05	8.416475e-03	9.471894e-05	1.908126e-03	1.880632e-03	9.471894e-05	-9.471894e-05	8.141538e-03	-8.691412e-03
24            	3.757145e-03	-8.618921e-21	-4.043490e-04	1.010873e-05	8.066444e-03	9.392863e-05	1.888681e-03	1.868464e-03	9.392863e-05	-9.392863e-05	7.864270e-03	-8.268619e-03
25            	3.727540e-03	-8.346834e-21	-2.944171e-04	7.360428e-06	7.784622e-03	9.318850e-05	1.871130e-03	1.856410e-03	9.318850e-05	-9.318850e-05	7.637413e-03	-7.931830e-03
26            	3.698223e-03	-8.317005e-21	-2.191005e-04	5.477512e-06	7.569053e-03	9.245557e-05	1.854589e-03	1.843634e-03	9.245557e-05	-9.245557e-05	7.459503e-03	-7.678603e-03
27            	3.675830e-03	-8.282820e-21	-1.894371e-04	4.735927e-06	7.456285e-03	9.189575e-05	1.842651e-03	1.833179e-03	9.189575e-05	-9.189575e-05	7.361566e-03	-7.551003e-03
28            	3.650651e-03	-8.610580e-21	-1.951641e-04	4.879102e-06	7.407748e-03	9.126627e-05	1.830204e-03	1.820446e-03	9.126627e-05	-9.126627e-05	7.310166e-03	-7.505330e-03
29            	3.651835e-03	-8.761890e-21	-2.483596e-04	6.208990e-06	7.509792e-03	9.129587e-05	1.832126e-03	1.819708e-03	9.129587e-05	-9.129587e-05	7.385612e-03	-7.633972e-03
30            	3.653484e-03	-8.948775e-21	-3.177900e-04	7.944751e-06	7.643119e-03	9.133709e-05	1.834687e-03	1.818797e-03	9.133709e-05	-9.133709e-05	7.484224e-03	-7.802014e-03
31            	3.672509e-03	-9.299169e-21	-4.037249e-04	1.009312e-05	7.848422e-03	9.181273e-05	1.846348e-03	1.826161e-03	9.181273e-05	-9.181273e-05	7.646560e-03	-8.050284e-03
32            	3.689004e-03	-9.548806e-21	-4.779902e-04	1.194976e-05	8.024333e-03	9.222509e-05	1.856452e-03	1.832552e-03	9.222509e-05	-9.222509e-05	7.785337e-03	-8.263328e-03
33            	3.713451e-03	-9.779828e-21	-5.656920e-04	1.414230e-05	8.244821e-03	9.283627e-05	1.870868e-03	1.842583e-03	9.283627e-05	-9.283627e-05	7.961975e-03	-8.527667e-03
34            	3.732330e-03	-9.923388e-21	-6.175737e-04	1.543934e-05	8.383419e-03	9.330825e-05	1.881604e-03	1.850726e-03	9.330825e-05	-9.330825e-05	8.074633e-03	-8.692206e-03
35            	3.750222e-03	-1.003982e-20	-6.612229e-04	1.653057e-05	8.502186e-03	9.375555e-05	1.891642e-03	1.858580e-03	9.375555e-05	-9.375555e-05	8.171575e-03	-8.832798e-03
36            	3.759137e-03	-1.005736e-20	-6.811566e-04	1.702892e-05	8.554489e-03	9.397843e-05	1.896598e-03	1.862540e-03	9.397843e-05	-9.397843e-05	8.213910e-03	-8.895067e-03
37            	3.764979e-03	-1.006305e-20	-6.966872e-04	1.741718e-05	8.590822e-03	9.412448e-05	1.899907e-03	1.865072e-03	9.412448e-05	-9.412448e-05	8.242479e-03	-8.939166e-03
38            	3.765088e-03	-1.001480e-20	-7.037802e-04	1.759451e-05	8.598532e-03	9.412721e-05	1.900139e-03	1.864950e-03	9.412721e-05	-9.412721e-05	8.246641e-03	-8.950422e-03
39            	3.763407e-03	-9.928356e-21	-7.161781e-04	1.790445e-05	8.613158e-03	9.408517e-05	1.899608e-03	1.863799e-03	9.408517e-05	-9.408517e-05	8.255069e-03	-8.971247e-03
40            	3.760379e-03	-1.000253e-20	-7.335126e-04	1.833781e-05	8.635324e-03	9.400948e-05	1.898527e-03	1.861852e-03	9.400948e-05	-9.400948e-05	8.268567e-03	-9.002080e-03
41            	3.760495e-03	-1.007047e-20	-7.651125e-04	1.912781e-05	8.693483e-03	9.401236e-05	1.899375e-03	1.861119e-03	9.401236e-05	-9.401236e-05	8.310927e-03	-9.076040e-03
42            	3.762151e-03	-1.015929e-20	-8.014062e-04	2.003515e-05	8.766295e-03	9.405379e-05	1.901111e-03	1.861041e-03	9.405379e-05	-9.405379e-05	8.365591e-03	-9.166998e-03
43            	3.766426e-03	-1.030018e-20	-8.411946e-04	2.102987e-05	8.852657e-03	9.416064e-05	1.904243e-03	1.862183e-03	9.416064e-05	-9.416064e-05	8.432059e-03	-9.273254e-03
44            	3.772320e-03	-1.043119e-20	-8.787233e-04	2.196808e-05	8.939585e-03	9.430800e-05	1.908128e-03	1.864192e-03	9.430800e-05	-9.430800e-05	8.500224e-03	-9.378947e-03
45            	3.778973e-03	-1.055367e-20	-9.103805e-04	2.275951e-05	9.017512e-03	9.447433e-05	1.912246e-03	1.866727e-03	9.447433e-05	-9.447433e-05	8.562322e-03	-9.472702e-03
46            	3.786642e-03	-1.062168e-20	-9.352113e-04	2.338028e-05	9.084620e-03	9.466605e-05	1.916701e-03	1.869941e-03	9.466605e-05	-9.466605e-05	8.617014e-03	-9.552225e-03
47            	3.794465e-03	-1.063717e-20	-9.497820e-04	2.374455e-05	9.131676e-03	9.486162e-05	1.920977e-03	1.873488e-03	9.486162e-05	-9.486162e-05	8.656785e-03	-9.606567e-03
48            	3.800449e-03	-1.063861e-20	-9.510440e-04	2.377610e-05	9.148000e-03	9.501121e-05	1.924000e-03	1.876448e-03	9.501121e-05	-9.501121e-05	8.672478e-03	-9.623522e-03
49            	3.802492e-03	-1.059943e-20	-9.399552e-04	2.349888e-05	9.130897e-03	9.506231e-05	1.924745e-03	1.877747e-03	9.506231e-05	-9.506231e-05	8.660920e-03	-9.600875e-03
50            	3.801404e-03	-1.052807e-20	-9.226174e-04	2.306543e-05	9.094500e-03	9.503510e-05	1.923767e-03	1.877637e-03	9.503510e-05	-9.503510e-05	8.633191e-03	-9.555808e-03
51            	3.797886e-03	-1.042938e-20	-9.033974e-04	2.258493e-05	9.048749e-03	9.494714e-05	1.921528e-03	1.876358e-03	9.494714e-05	-9.494714e-05	8.597051e-03	-9.500448e-03
52            	3.792123e-03	-1.035349e-20	-8.824482e-04	2.206120e-05	8.994675e-03	9.480308e-05	1.918123e-03	1.874000e-03	9.480308e-05	-9.480308e-05	8.553451e-03	-9.435899e-03
53            	3.786846e-03	-1.031959e-20	-8.704815e-04	2.176204e-05	8.959519e-03	9.467114e-05	1.915185e-03	1.871661e-03	9.467114e-05	-9.467114e-05	8.524278e-03	-9.394760e-03
54            	3.782195e-03	-1.028586e-20	-8.634758e-04	2.158689e-05	8.935977e-03	9.455486e-05	1.912684e-03	1.869510e-03	9.455486e-05	-9.455486e-05	8.504239e-03	-9.367715e-03
55            	3.778778e-03	-1.026314e-20	-8.623236e-04	2.155809e-05	8.926997e-03	9.446944e-05	1.910947e-03	1.867831e-03	9.446944e-05	-9.446944e-05	8.495835e-03	-9.358158e-03
56            	3.777749e-03	-1.026982e-20	-8.668388e-04	2.167097e-05	8.934797e-03	9.444373e-05	1.910546e-03	1.867204e-03	9.444373e-05	-9.444373e-05	8.501378e-03	-9.368216e-03
57            	3.778141e-03	-1.029748e-20	-8.728454e-04	2.182114e-05	8.948858e-03	9.445352e-05	1.910891e-03	1.867249e-03	9.445352e-05	-9.445352e-05	8.512435e-03	-9.385281e-03
58            	3.779468e-03	-1.033305e-20	-8.786651e-04	2.196663e-05	8.964744e-03	9.448670e-05	1.911701e-03	1.867767e-03	9.448670e-05	-9.448670e-05	8.525411e-03	-9.404076e-03
59            	3.781782e-03	-1.034593e-20	-8.831175e-04	2.207794e-05	8.980072e-03	9.454454e-05	1.912969e-03	1.868813e-03	9.454454e-05	-9.454454e-05	8.538514e-03	-9.421631e-03
60            	3.784419e-03	-1.035823e-20	-8.840166e-04	2.210042e-05	8.988751e-03	9.461047e-05	1.914310e-03	1.870109e-03	9.461047e-05	-9.461047e-05	8.546743e-03	-9.430760e-03
61            	3.786455e-03	-1.035439e-20	-8.803208e-04	2.200802e-05	8.986662e-03	9.466138e-05	1.915236e-03	1.871220e-03	9.466138e-05	-9.466138e-05	8.546502e-03	-9.426823e-03
62            	3.786999e-03	-1.032882e-20	-8.715922e-04	2.178980e-05	8.971211e-03	9.467496e-05	1.915289e-03	1.871709e-03	9.467496e-05	-9.467496e-05	8.535415e-03	-9.407007e-03
63            	3.785740e-03	-1.029218e-20	-8.599326e-04	2.149831e-05	8.945462e-03	9.464349e-05	1.914368e-03	1.871372e-03	9.464349e-05	-9.464349e-05	8.515496e-03	-9.375428e-03
64            	3.783809e-03	-1.024905e-20	-8.493646e-04	2.123411e-05	8.920127e-03	9.459521e-05	1.913138e-03	1.870670e-03	9.459521e-05	-9.459521e-05	8.495445e-03	-9.344810e-03
65            	3.781600e-03	-1.021019e-20	-8.406329e-04	2.101582e-05	8.897656e-03	9.453999e-05	1.911816e-03	1.869784e-03	9.453999e-05	-9.453999e-05	8.477339e-03	-9.317972e-03
66            	3.779049e-03	-1.018999e-20	-8.337504e-04	2.084376e-05	8.878067e-03	9.447622e-05	1.910368e-03	1.868681e-03	9.447622e-05	-9.447622e-05	8.461191e-03	-9.294942e-03
67            	3.776373e-03	-1.018003e-20	-8.297609e-04	2.074402e-05	8.864010e-03	9.440932e-05	1.908930e-03	1.867442e-03	9.440932e-05	-9.440932e-05	8.449129e-03	-9.278890e-03
68            	3.774414e-03	-1.017824e-20	-8.300626e-04	2.075157e-05	8.860205e-03	9.436034e-05	1.907958e-03	1.866455e-03	9.436034e-05	-9.436034e-05	8.445174e-03	-9.275236e-03
69            	3.773724e-03	-1.018724e-20	-8.340239e-04	2.085060e-05	8.866598e-03	9.434310e-05	1.907713e-03	1.866011e-03	9.434310e-05	-9.434310e-05	8.449586e-03	-9.283610e-03
70            	3.774136e-03	-1.020949e-20	-8.397700e-04	2.099425e-05	8.879009e-03	9.435340e-05	1.908062e-03	1.866074e-03	9.435340e-05	-9.435340e-05	8.459124e-03	-9.298894e-03
71            	3.775211e-03	-1.023781e-20	-8.456051e-04	2.114013e-05	8.893173e-03	9.438027e-05	1.908746e-03	1.866465e-03	9.438027e-05	-9.438027e-05	8.470371e-03	-9.315976e-03
72            	3.776721e-03	-1.025541e-20	-8.507026e-04	2.126757e-05	8.906879e-03	9.441803e-05	1.909628e-03	1.867093e-03	9.441803e-05	-9.441803e-05	8.481528e-03	-9.332230e-03
73            	3.778552e-03	-1.026465e-20	-8.543988e-04	2.135997e-05	8.918452e-03	9.446380e-05	1.910636e-03	1.867916e-03	9.446380e-05	-9.446380e-05	8.491253e-03	-9.345652e-03
74            	3.780249e-03	-1.026873e-20	-8.556955e-04	2.139239e-05	8.924892e-03	9.450622e-05	1.911517e-03	1.868732e-03	9.450622e-05	-9.450622e-05	8.497044e-03	-9.352740e-03
75            	3.781293e-03	-1.026671e-20	-8.541748e-04	2.135437e-05	8.924131e-03	9.453232e-05	1.912001e-03	1.869292e-03	9.453232e-05	-9.453232e-05	8.497043e-03	-9.351218e-03
76            	3.781415e-03	-1.025579e-20	-8.505945e-04	2.126486e-05	8.917127e-03	9.453537e-05	1.911972e-03	1.869443e-03	9.453537e-05	-9.453537e-05	8.491829e-03	-9.342424e-03
77            	3.780890e-03	-1.023710e-20	-8.464776e-04	2.116194e-05	8.907526e-03	9.452225e-05	1.911607e-03	1.869283e-03	9.452225e-05	-9.452225e-05	8.484287e-03	-9.330764e-03
78            	3.780022e-03	-1.022013e-20	-8.428232e-04	2.107058e-05	8.898008e-03	9.450056e-05	1.911082e-03	1.868941e-03	9.450056e-05	-9.450056e-05	8.476597e-03	-9.319420e-03
79            	3.778861e-03	-1.021179e-20	-8.400224e-04	2.100056e-05	8.889535e-03	9.447152e-05	1.910431e-03	1.868430e-03	9.447152e-05	-9.447152e-05	8.469524e-03	-9.309546e-03
80            	3.777636e-03	-1.020602e-20	-8.387339e-04	2.096835e-05	8.884010e-03	9.444089e-05	1.909786e-03	1.867849e-03	9.444089e-05	-9.444089e-05	8.464643e-03	-9.303377e-03
81            	3.776602e-03	-1.020710e-20	-8.392851e-04	2.098213e-05	8.882636e-03	9.441504e-05	1.909283e-03	1.867319e-03	9.441504e-05	-9.441504e-05	8.462993e-03	-9.302278e-03
82            	3.776317e-03	-1.021177e-20	-8.419752e-04	2.104938e-05	8.887279e-03	9.440791e-05	1.909208e-03	1.867109e-03	9.440791e-05	-9.440791e-05	8.466292e-03	-9.308267e-03
83            	3.776540e-03	-1.022268e-20	-8.453033e-04	2.113258e-05	8.894386e-03	9.441351e-05	1.909403e-03	1.867138e-03	9.441351e-05	-9.441351e-05	8.471735e-03	-9.317038e-03
84            	3.777109e-03	-1.023710e-20	-8.488170e-04	2.122043e-05	8.902668e-03	9.442773e-05	1.909775e-03	1.867334e-03	9.442773e-05	-9.442773e-05	8.478259e-03	-9.327076e-03
85            	3.777927e-03	-1.024983e-20	-8.519468e-04	2.129867e-05	8.910823e-03	9.444818e-05	1.910262e-03	1.867665e-03	9.444818e-05	-9.444818e-05	8.484849e-03	-9.336796e-03
86            	3.778915e-03	-1.025636e-20	-8.542607e-04	2.135652e-05	8.917737e-03	9.447287e-05	1.910814e-03	1.868101e-03	9.447287e-05	-9.447287e-05	8.490607e-03	-9.344868e-03
87            	3.779849e-03	-1.026069e-20	-8.552470e-04	2.138118e-05	8.921853e-03	9.449622e-05	1.911306e-03	1.868543e-03	9.449622e-05	-9.449622e-05	8.494230e-03	-9.349477e-03
88            	3.780460e-03	-1.026043e-20	-8.546650e-04	2.136663e-05	8.922070e-03	9.451150e-05	1.911597e-03	1.868863e-03	9.451150e-05	-9.451150e-05	8.494737e-03	-9.349402e-03
89            	3.780575e-03	-1.025518e-20	-8.528768e-04	2.132192e-05	8.918729e-03	9.451438e-05	1.911609e-03	1.868966e-03	9.451438e-05	-9.451438e-05	8.492291e-03	-9.345168e-03
90            	3.780365e-03	-1.024530e-20	-8.506860e-04	2.126715e-05	8.913856e-03	9.450912e-05	1.911450e-03	1.868915e-03	9.450912e-05	-9.450912e-05	8.488513e-03	-9.339199e-03
91            	3.779916e-03	-1.023506e-20	-8.485193e-04	2.121298e-05	8.908444e-03	9.449791e-05	1.911171e-03	1.868745e-03	9.449791e-05	-9.449791e-05	8.484184e-03	-9.332703e-03
92            	3.779331e-03	-1.022895e-20	-8.467529e-04	2.116882e-05	8.903512e-03	9.448327e-05	1.910834e-03	1.868496e-03	9.448327e-05	-9.448327e-05	8.480136e-03	-9.326889e-03
93            	3.778633e-03	-1.022584e-20	-8.455538e-04	2.113884e-05	8.899503e-03	9.446583e-05	1.910455e-03	1.868178e-03	9.446583e-05	-9.446583e-05	8.476726e-03	-9.322280e-03
94            	3.778032e-03	-1.022447e-20	-8.453431e-04	2.113358e-05	8.897687e-03	9.445079e-05	1.910149e-03	1.867882e-03	9.445079e-05	-9.445079e-05	8.475015e-03	-9.320359e-03
95            	3.777751e-03	-1.022537e-20	-8.462564e-04	2.115641e-05	8.898869e-03	9.444377e-05	1.910032e-03	1.867719e-03	9.444377e-05	-9.444377e-05	8.475740e-03	-9.321997e-03
96            	3.777773e-03	-1.022990e-20	-8.477413e-04	2.119353e-05	8.901893e-03	9.444433e-05	1.910080e-03	1.867693e-03	9.444433e-05	-9.444433e-05	8.478023e-03	-9.325764e-03
97            	3.778007e-03	-1.023714e-20	-8.493716e-04	2.123429e-05	8.905707e-03	9.445018e-05	1.910238e-03	1.867769e-03	9.445018e-05	-9.445018e-05	8.481021e-03	-9.330393e-03
98            	3.778342e-03	-1.024325e-20	-8.507803e-04	2.126951e-05	8.909342e-03	9.445855e-05	1.910441e-03	1.867902e-03	9.445855e-05	-9.445855e-05	8.483952e-03	-9.334732e-03
99            	3.778775e-03	-1.024692e-20	-8.518951e-04	2.129738e-05	8.912596e-03	9.446939e-05	1.910685e-03	1.868090e-03	9.446939e-05	-9.446939e-05	8.486649e-03	-9.338544e-03
100           	3.779250e-03	-1.024900e-20	-8.525098e-04	2.131274e-05	8.914938e-03	9.448125e-05	1.910938e-03	1.868312e-03	9.448125e-05	-9.448125e-05	8.488684e-03	-9.341193e-03
101           	3.779616e-03	-1.024910e-20	-8.523435e-04	2.130859e-05	8.915463e-03	9.449040e-05	1.911117e-03	1.868499e-03	9.449040e-05	-9.449040e-05	8.489291e-03	-9.341635e-03
102           	3.779727e-03	-1.024729e-20	-8.514474e-04	2.128618e-05	8.913931e-03	9.449317e-05	1.911150e-03	1.868577e-03	9.449317e-05	-9.449317e-05	8.488207e-03	-9.339654e-03
103           	3.779648e-03	-1.024267e-20	-8.502751e-04	2.125688e-05	8.911412e-03	9.449119e-05	1.911081e-03	1.868567e-03	9.449119e-05	-9.449119e-05	8.486275e-03	-9.336550e-03
104           	3.779432e-03	-1.023731e-20	-8.490644e-04	2.122661e-05	8.908488e-03	9.448580e-05	1.910943e-03	1.868489e-03	9.448580e-05	-9.448580e-05	8.483955e-03	-9.333020e-03
105           	3.779159e-03	-1.023330e-20	-8.480731e-04	2.120183e-05	8.905854e-03	9.447896e-05	1.910781e-03	1.868377e-03	9.447896e-05	-9.447896e-05	8.481817e-03	-9.329890e-03
106           	3.778816e-03	-1.023150e-20	-8.473137e-04	2.118284e-05	8.903529e-03	9.447039e-05	1.910591e-03	1.868225e-03	9.447039e-05	-9.447039e-05	8.479872e-03	-9.327186e-03
107           	3.778482e-03	-1.023026e-20	-8.470188e-04	2.117547e-05	8.902165e-03	9.446206e-05	1.910417e-03	1.868066e-03	9.446206e-05	-9.446206e-05	8.478655e-03	-9.325674e-03
108           	3.778253e-03	-1.023007e-20	-8.472555e-04	2.118139e-05	8.902119e-03	9.445632e-05	1.910308e-03	1.867945e-03	9.445632e-05	-9.445632e-05	8.478492e-03	-9.325747e-03
109           	3.778214e-03	-1.023204e-20	-8.479456e-04	2.119864e-05	8.903415e-03	9.445536e-05	1.910306e-03	1.867909e-03	9.445536e-05	-9.445536e-05	8.479442e-03	-9.327388e-03
110           	3.778299e-03	-1.023563e-20	-8.487840e-04	2.121960e-05	8.905284e-03	9.445749e-05	1.910369e-03	1.867930e-03	9.445749e-05	-9.445749e-05	8.480892e-03	-9.329676e-03
111           	3.778465e-03	-1.023931e-20	-8.495896e-04	2.123974e-05	8.907296e-03	9.446162e-05	1.910472e-03	1.867993e-03	9.446162e-05	-9.446162e-05	8.482501e-03	-9.332090e-03
112           	3.778683e-03	-1.024156e-20	-8.502498e-04	2.125625e-05	8.909132e-03	9.446707e-05	1.910598e-03	1.868085e-03	9.446707e-05	-9.446707e-05	8.484007e-03	-9.334257e-03
113           	3.778951e-03	-1.024247e-20	-8.507037e-04	2.126759e-05	8.910664e-03	9.447377e-05	1.910743e-03	1.868208e-03	9.447377e-05	-9.447377e-05	8.485312e-03	-9.336016e-03
114           	3.779165e-03	-1.024322e-20	-8.507416e-04	2.126854e-05	8.911237e-03	9.447913e-05	1.910851e-03	1.868314e-03	9.447913e-05	-9.447913e-05	8.485866e-03	-9.336607e-03
115           	3.779268e-03	-1.024276e-20	-8.503923e-04	2.125981e-05	8.910771e-03	9.448169e-05	1.910894e-03	1.868374e-03	9.448169e-05	-9.448169e-05	8.485574e-03	-9.335967e-03
116           	3.779253e-03	-1.024083e-20	-8.498229e-04	2.124557e-05	8.909598e-03	9.448133e-05	1.910872e-03	1.868381e-03	9.448133e-05	-9.448133e-05	8.484687e-03	-9.334510e-03
117           	3.779158e-03	-1.023813e-20	-8.492039e-04	2.123010e-05	8.908135e-03	9.447894e-05	1.910809e-03	1.868349e-03	9.447894e-05	-9.447894e-05	8.483533e-03	-9.332737e-03
118           	3.779025e-03	-1.023590e-20	-8.486747e-04	2.121687e-05	8.906753e-03	9.447562e-05	1.910729e-03	1.868296e-03	9.447562e-05	-9.447562e-05	8.482416e-03	-9.331090e-03
119           	3.778855e-03	-1.023462e-20	-8.482653e-04	2.120663e-05	8.905537e-03	9.447138e-05	1.910634e-03	1.868221e-03	9.447138e-05	-9.447138e-05	8.481404e-03	-9.329669e-03
120           	3.778679e-03	-1.023394e-20	-8.480587e-04	2.120147e-05	8.904712e-03	9.446698e-05	1.910541e-03	1.868138e-03	9.446698e-05	-9.446698e-05	8.480682e-03	-9.328741e-03
121           	3.778552e-03	-1.023397e-20	-8.481493e-04	2.120373e-05	8.904595e-03	9.446379e-05	1.910480e-03	1.868072e-03	9.446379e-05	-9.446379e-05	8.480520e-03	-9.328669e-03
122           	3.778519e-03	-1.023468e-20	-8.484922e-04	2.121231e-05	8.905205e-03	9.446297e-05	1.910472e-03	1.868047e-03	9.446297e-05	-9.446297e-05	8.480959e-03	-9.329451e-03
123           	3.778553e-03	-1.023641e-20	-8.489270e-04	2.122318e-05	8.906149e-03	9.446382e-05	1.910500e-03	1.868053e-03	9.446382e-05	-9.446382e-05	8.481685e-03	-9.330612e-03
124           	3.778634e-03	-1.023821e-20	-8.493600e-04	2.123400e-05	8.907209e-03	9.446586e-05	1.910551e-03	1.868083e-03	9.446586e-05	-9.446586e-05	8.482529e-03	-9.331889e-03
125           	3.778737e-03	-1.023968e-20	-8.497155e-04	2.124289e-05	8.908163e-03	9.446841e-05	1.910611e-03	1.868125e-03	9.446841e-05	-9.446841e-05	8.483305e-03	-9.333021e-03
126           	3.778869e-03	-1.024033e-20	-8.499891e-04	2.124973e-05	8.909020e-03	9.447173e-05	1.910684e-03	1.868185e-03	9.447173e-05	-9.447173e-05	8.484026e-03	-9.334015e-03
127           	3.778988e-03	-1.024091e-20	-8.500705e-04	2.125176e-05	8.909459e-03	9.447471e-05	1.910746e-03	1.868242e-03	9.447471e-05	-9.447471e-05	8.484424e-03	-9.334495e-03
128           	3.779059e-03	-1.024086e-20	-8.499447e-04	2.124862e-05	8.909370e-03	9.447647e-05	1.910778e-03	1.868281e-03	9.447647e-05	-9.447647e-05	8.484397e-03	-9.334342e-03
129           	3.779065e-03	-1.023999e-20	-8.496736e-04	2.124184e-05	8.908842e-03	9.447662e-05	1.910774e-03	1.868291e-03	9.447662e-05	-9.447662e-05	8.484005e-03	-9.333679e-03
130           	3.779025e-03	-1.023857e-20	-8.493553e-04	2.123388e-05	8.908113e-03	9.447563e-05	1.910747e-03	1.868279e-03	9.447563e-05	-9.447563e-05	8.483436e-03	-9.332791e-03
131           	3.778964e-03	-1.023730e-20	-8.490694e-04	2.122673e-05	8.907391e-03	9.447410e-05	1.910709e-03	1.868255e-03	9.447410e-05	-9.447410e-05	8.482857e-03	-9.331926e-03
132           	3.778882e-03	-1.023649e-20	-8.488332e-04	2.122083e-05	8.906725e-03	9.447204e-05	1.910662e-03	1.868220e-03	9.447204e-05	-9.447204e-05	8.482308e-03	-9.331142e-03
133           	3.778787e-03	-1.023608e-20	-8.486846e-04	2.121711e-05	8.906205e-03	9.446967e-05	1.910610e-03	1.868176e-03	9.446967e-05	-9.446967e-05	8.481863e-03	-9.330548e-03
134           	3.778711e-03	-1.023594e-20	-8.486857e-04	2.121714e-05	8.906032e-03	9.446778e-05	1.910573e-03	1.868138e-03	9.446778e-05	-9.446778e-05	8.481690e-03	-9.330375e-03
135           	3.778677e-03	-1.023618e-20	-8.488241e-04	2.122060e-05	8.906232e-03	9.446692e-05	1.910559e-03	1.868118e-03	9.446692e-05	-9.446692e-05	8.481820e-03	-9.330644e-03
136           	3.778685e-03	-1.023695e-20	-8.490374e-04	2.122593e-05	8.906676e-03	9.446712e-05	1.910568e-03	1.868116e-03	9.446712e-05	-9.446712e-05	8.482157e-03	-9.331195e-03
137           	3.778721e-03	-1.023797e-20	-8.492677e-04	2.123169e-05	8.907222e-03	9.446803e-05	1.910592e-03	1.868129e-03	9.446803e-05	-9.446803e-05	8.482588e-03	-9.331856e-03
138           	3.778772e-03	-1.023876e-20	-8.494638e-04	2.123659e-05	8.907736e-03	9.446929e-05	1.910622e-03	1.868149e-03	9.446929e-05	-9.446929e-05	8.483004e-03	-9.332468e-03
139           	3.778836e-03	-1.023917e-20	-8.496156e-04	2.124039e-05	8.908192e-03	9.447091e-05	1.910659e-03	1.868178e-03	9.447091e-05	-9.447091e-05	8.483385e-03	-9.333000e-03
140           	3.778901e-03	-1.023945e-20	-8.496840e-04	2.124210e-05	8.908480e-03	9.447253e-05	1.910693e-03	1.868209e-03	9.447253e-05	-9.447253e-05	8.483638e-03	-9.333322e-03
141           	3.778948e-03	-1.023946e-20	-8.496476e-04	2.124119e-05	8.908515e-03	9.447370e-05	1.910715e-03	1.868233e-03	9.447370e-05	-9.447370e-05	8.483692e-03	-9.333339e-03
142           	3.778958e-03	-1.023913e-20	-8.495159e-04	2.123790e-05	8.908275e-03	9.447395e-05	1.910717e-03	1.868241e-03	9.447395e-05	-9.447395e-05	8.483517e-03	-9.333033e-03
143           	3.778945e-03	-1.023848e-20	-8.493558e-04	2.123389e-05	8.907923e-03	9.447361e-05	1.910706e-03	1.868238e-03	9.447361e-05	-9.447361e-05	8.483246e-03	-9.332601e-03
144           	3.778912e-03	-1.023781e-20	-8.491947e-04	2.122987e-05	8.907525e-03	9.447281e-05	1.910686e-03	1.868226e-03	9.447281e-05	-9.447281e-05	8.482928e-03	-9.332122e-03
145           	3.778873e-03	-1.023729e-20	-8.490665e-04	2.122666e-05	8.907174e-03	9.447182e-05	1.910663e-03	1.868210e-03	9.447182e-05	-9.447182e-05	8.482641e-03	-9.331708e-03
146           	3.778823e-03	-1.023708e-20	-8.489719e-04	2.122430e-05	8.906870e-03	9.447059e-05	1.910636e-03	1.868187e-03	9.447059e-05	-9.447059e-05	8.482384e-03	-9.331355e-03
147           	3.778781e-03	-1.023689e-20	-8.489509e-04	2.122377e-05	8.906729e-03	9.446952e-05	1.910614e-03	1.868167e-03	9.446952e-05	-9.446952e-05	8.482253e-03	-9.331204e-03
148           	3.778757e-03	-1.023692e-20	-8.490042e-04	2.122510e-05	8.906780e-03	9.446892e-05	1.910604e-03	1.868153e-03	9.446892e-05	-9.446892e-05	8.482278e-03	-9.331282e-03
149           	3.778756e-03	-1.023727e-20	-8.491082e-04	2.122770e-05	8.906986e-03	9.446891e-05	1.910606e-03	1.868150e-03	9.446891e-05	-9.446891e-05	8.482432e-03	-9.331540e-03
150           	3.778772e-03	-1.023780e-20	-8.492271e-04	2.123068e-05	8.907261e-03	9.446930e-05	1.910617e-03	1.868155e-03	9.446930e-05	-9.446930e-05	8.482647e-03	-9.331874e-03
151           	3.778796e-03	-1.023826e-20	-8.493327e-04	2.123332e-05	8.907529e-03	9.446989e-05	1.910631e-03	1.868165e-03	9.446989e-05	-9.446989e-05	8.482863e-03	-9.332195e-03
152           	3.778827e-03	-1.023855e-20	-8.494187e-04	2.123547e-05	8.907774e-03	9.447067e-05	1.910649e-03	1.868178e-03	9.447067e-05	-9.447067e-05	8.483065e-03	-9.332483e-03
153           	3.778861e-03	-1.023871e-20	-8.494707e-04	2.123677e-05	8.907959e-03	9.447153e-05	1.910667e-03	1.868194e-03	9.447153e-05	-9.447153e-05	8.483223e-03	-9.332694e-03
154           	3.778889e-03	-1.023874e-20	-8.494685e-04	2.123671e-05	8.908019e-03	9.447224e-05	1.910681e-03	1.868208e-03	9.447224e-05	-9.447224e-05	8.483285e-03	-9.332754e-03
155           	3.778900e-03	-1.023864e-20	-8.494126e-04	2.123532e-05	8.907932e-03	9.447250e-05	1.910685e-03	1.868215e-03	9.447250e-05	-9.447250e-05	8.483226e-03	-9.332639e-03
156           	3.778897e-03	-1.023835e-20	-8.493331e-04	2.123333e-05	8.907765e-03	9.447241e-05	1.910682e-03	1.868215e-03	9.447241e-05	-9.447241e-05	8.483099e-03	-9.332432e-03
157           	3.778883e-03	-1.023797e-20	-8.492481e-04	2.123120e-05	8.907562e-03	9.447206e-05	1.910672e-03	1.868210e-03	9.447206e-05	-9.447206e-05	8.482938e-03	-9.332186e-03
158           	3.778864e-03	-1.023767e-20	-8.491761e-04	2.122940e-05	8.907372e-03	9.447159e-05	1.910661e-03	1.868202e-03	9.447159e-05	-9.447159e-05	8.482784e-03	-9.331960e-03
159           	3.778839e-03	-1.023753e-20	-8.491203e-04	2.122801e-05	8.907203e-03	9.447098e-05	1.910648e-03	1.868192e-03	9.447098e-05	-9.447098e-05	8.482643e-03	-9.331763e-03
160           	3.778815e-03	-1.023742e-20	-8.490969e-04	2.122742e-05	8.907101e-03	9.447038e-05	1.910635e-03	1.868180e-03	9.447038e-05	-9.447038e-05	8.482552e-03	-9.331649e-03
161           	3.778799e-03	-1.023742e-20	-8.491128e-04	2.122782e-05	8.907094e-03	9.446996e-05	1.910627e-03	1.868171e-03	9.446996e-05	-9.446996e-05	8.482538e-03	-9.331651e-03
162           	3.778795e-03	-1.023754e-20	-8.491620e-04	2.122905e-05	8.907186e-03	9.446989e-05	1.910627e-03	1.868169e-03	9.446989e-05	-9.446989e-05	8.482605e-03	-9.331767e-03
163           	3.778801e-03	-1.023780e-20	-8.492218e-04	2.123055e-05	8.907318e-03	9.447003e-05	1.910631e-03	1.868170e-03	9.447003e-05	-9.447003e-05	8.482707e-03	-9.331929e-03
164           	3.778813e-03	-1.023804e-20	-8.492806e-04	2.123202e-05	8.907464e-03	9.447032e-05	1.910638e-03	1.868174e-03	9.447032e-05	-9.447032e-05	8.482824e-03	-9.332104e-03
165           	3.778828e-03	-1.023823e-20	-8.493274e-04	2.123318e-05	8.907593e-03	9.447069e-05	1.910647e-03	1.868181e-03	9.447069e-05	-9.447069e-05	8.482929e-03	-9.332256e-03
166           	3.778846e-03	-1.023830e-20	-8.493615e-04	2.123404e-05	8.907704e-03	9.447116e-05	1.910657e-03	1.868189e-03	9.447116e-05	-9.447116e-05	8.483023e-03	-9.332385e-03
167           	3.778862e-03	-1.023837e-20	-8.493673e-04	2.123418e-05	8.907752e-03	9.447154e-05	1.910665e-03	1.868197e-03	9.447154e-05	-9.447154e-05	8.483068e-03	-9.332435e-03
168           	3.778870e-03	-1.023836e-20	-8.493457e-04	2.123364e-05	8.907727e-03	9.447175e-05	1.910669e-03	1.868201e-03	9.447175e-05	-9.447175e-05	8.483055e-03	-9.332400e-03
169           	3.778870e-03	-1.023822e-20	-8.493066e-04	2.123266e-05	8.907649e-03	9.447174e-05	1.910667e-03	1.868202e-03	9.447174e-05	-9.447174e-05	8.482995e-03	-9.332302e-03
170           	3.778864e-03	-1.023802e-20	-8.492626e-04	2.123156e-05	8.907547e-03	9.447159e-05	1.910663e-03	1.868200e-03	9.447159e-05	-9.447159e-05	8.482915e-03	-9.332178e-03
171           	3.778855e-03	-1.023786e-20	-8.492236e-04	2.123059e-05	8.907447e-03	9.447137e-05	1.910658e-03	1.868197e-03	9.447137e-05	-9.447137e-05	8.482835e-03	-9.332059e-03
172           	3.778843e-03	-1.023775e-20	-8.491921e-04	2.122980e-05	8.907356e-03	9.447107e-05	1.910651e-03	1.868192e-03	9.447107e-05	-9.447107e-05	8.482760e-03	-9.331952e-03
173           	3.778830e-03	-1.023769e-20	-8.491741e-04	2.122935e-05	8.907290e-03	9.447075e-05	1.910644e-03	1.868186e-03	9.447075e-05	-9.447075e-05	8.482703e-03	-9.331877e-03
174           	3.778820e-03	-1.023768e-20	-8.491768e-04	2.122942e-05	8.907272e-03	9.447050e-05	1.910639e-03	1.868181e-03	9.447050e-05	-9.447050e-05	8.482684e-03	-9.331861e-03
175           	3.778817e-03	-1.023773e-20	-8.491989e-04	2.122997e-05	8.907309e-03	9.447041e-05	1.910638e-03	1.868178e-03	9.447041e-05	-9.447041e-05	8.482709e-03	-9.331908e-03
176           	3.778818e-03	-1.023784e-20	-8.492287e-04	2.123072e-05	8.907372e-03	9.447045e-05	1.910640e-03	1.868178e-03	9.447045e-05	-9.447045e-05	8.482758e-03	-9.331986e-03
177           	3.778824e-03	-1.023798e-20	-8.492603e-04	2.123151e-05	8.907448e-03	9.447059e-05	1.910643e-03	1.868180e-03	9.447059e-05	-9.447059e-05	8.482818e-03	-9.332078e-03
178           	3.778831e-03	-1.023809e-20	-8.492867e-04	2.123217e-05	8.907518e-03	9.447077e-05	1.910648e-03	1.868183e-03	9.447077e-05	-9.447077e-05	8.482874e-03	-9.332161e-03
179           	3.778840e-03	-1.023814e-20	-8.493072e-04	2.123268e-05	8.907580e-03	9.447100e-05	1.910653e-03	1.868187e-03	9.447100e-05	-9.447100e-05	8.482927e-03	-9.332234e-03
180           	3.778849e-03	-1.023818e-20	-8.493152e-04	2.123288e-05	8.907617e-03	9.447122e-05	1.910657e-03	1.868192e-03	9.447122e-05	-9.447122e-05	8.482959e-03	-9.332275e-03
181           	3.778855e-03	-1.023818e-20	-8.493085e-04	2.123271e-05	8.907617e-03	9.447137e-05	1.910660e-03	1.868195e-03	9.447137e-05	-9.447137e-05	8.482963e-03	-9.332271e-03
182           	3.778856e-03	-1.023813e-20	-8.492899e-04	2.123225e-05	8.907582e-03	9.447139e-05	1.910660e-03	1.868196e-03	9.447139e-05	-9.447139e-05	8.482937e-03	-9.332227e-03
183           	3.778854e-03	-1.023804e-20	-8.492679e-04	2.123170e-05	8.907533e-03	9.447134e-05	1.910658e-03	1.868195e-03	9.447134e-05	-9.447134e-05	8.482899e-03	-9.332167e-03
184           	3.778849e-03	-1.023794e-20	-8.492464e-04	2.123116e-05	8.907480e-03	9.447123e-05	1.910656e-03	1.868193e-03	9.447123e-05	-9.447123e-05	8.482857e-03	-9.332103e-03
185           	3.778844e-03	-1.023788e-20	-8.492289e-04	2.123072e-05	8.907431e-03	9.447109e-05	1.910653e-03	1.868191e-03	9.447109e-05	-9.447109e-05	8.482817e-03	-9.332046e-03
186           	3.778837e-03	-1.023785e-20	-8.492166e-04	2.123041e-05	8.907390e-03	9.447092e-05	1.910649e-03	1.868188e-03	9.447092e-05	-9.447092e-05	8.482782e-03	-9.331999e-03
187           	3.778831e-03	-1.023783e-20	-8.492149e-04	2.123037e-05	8.907374e-03	9.447077e-05	1.910646e-03	1.868185e-03	9.447077e-05	-9.447077e-05	8.482766e-03	-9.331981e-03
188           	3.778828e-03	-1.023784e-20	-8.492234e-04	2.123058e-05	8.907384e-03	9.447070e-05	1.910645e-03	1.868183e-03	9.447070e-05	-9.447070e-05	8.482772e-03	-9.331995e-03
189           	3.778828e-03	-1.023789e-20	-8.492384e-04	2.123096e-05	8.907414e-03	9.447070e-05	1.910645e-03	1.868183e-03	9.447070e-05	-9.447070e-05	8.482795e-03	-9.332033e-03
190           	3.778830e-03	-1.023796e-20	-8.492549e-04	2.123137e-05	8.907453e-03	9.447076e-05	1.910647e-03	1.868184e-03	9.447076e-05	-9.447076e-05	8.482825e-03	-9.332080e-03
191           	3.778834e-03	-1.023803e-20	-8.492693e-04	2.123173e-05	8.907490e-03	9.447085e-05	1.910649e-03	1.868185e-03	9.447085e-05	-9.447085e-05	8.482855e-03	-9.332125e-03
192           	3.778838e-03	-1.023806e-20	-8.492809e-04	2.123202e-05	8.907524e-03	9.447096e-05	1.910651e-03	1.868187e-03	9.447096e-05	-9.447096e-05	8.482883e-03	-9.332164e-03
193           	3.778843e-03	-1.023808e-20	-8.492870e-04	2.123217e-05	8.907547e-03	9.447108e-05	1.910654e-03	1.868189e-03	9.447108e-05	-9.447108e-05	8.482904e-03	-9.332191e-03
194           	3.778847e-03	-1.023808e-20	-8.492855e-04	2.123214e-05	8.907553e-03	9.447117e-05	1.910656e-03	1.868191e-03	9.447117e-05	-9.447117e-05	8.482910e-03	-9.332196e-03
195           	3.778848e-03	-1.023806e-20	-8.492767e-04	2.123192e-05	8.907537e-03	9.447120e-05	1.910656e-03	1.868192e-03	9.447120e-05	-9.447120e-05	8.482899e-03	-9.332176e-03
196           	3.778847e-03	-1.023802e-20	-8.492653e-04	2.123163e-05	8.907513e-03	9.447118e-05	1.910655e-03	1.868192e-03	9.447118e-05	-9.447118e-05	8.482880e-03	-9.332146e-03
197           	3.778845e-03	-1.023797e-20	-8.492535e-04	2.123134e-05	8.907484e-03	9.447112e-05	1.910654e-03	1.868191e-03	9.447112e-05	-9.447112e-05	8.482858e-03	-9.332111e-03
198           	3.778842e-03	-1.023793e-20	-8.492439e-04	2.123110e-05	8.907458e-03	9.447106e-05	1.910652e-03	1.868190e-03	9.447106e-05	-9.447106e-05	8.482836e-03	-9.332080e-03
199           	3.778839e-03	-1.023791e-20	-8.492367e-04	2.123092e-05	8.907436e-03	9.447097e-05	1.910650e-03	1.868188e-03	9.447097e-05	-9.447097e-05	8.482818e-03	-9.332054e-03
200           	3.778836e-03	-1.023790e-20	-8.492343e-04	2.123086e-05	8.907424e-03	9.447089e-05	1.910649e-03	1.868187e-03	9.447089e-05	-9.447089e-05	8.482806e-03	-9.332041e-03
201           	3.778834e-03	-1.023790e-20	-8.492373e-04	2.123093e-05	8.907425e-03	9.447084e-05	1.910648e-03	1.868186e-03	9.447084e-05	-9.447084e-05	8.482806e-03	-9.332044e-03
202           	3.778833e-03	-1.023792e-20	-8.492445e-04	2.123111e-05	8.907439e-03	9.447083e-05	1.910648e-03	1.868186e-03	9.447083e-05	-9.447083e-05	8.482817e-03	-9.332061e-03
203           	3.778834e-03	-1.023796e-20	-8.492529e-04	2.123132e-05	8.907458e-03	9.447086e-05	1.910648e-03	1.868186e-03	9.447086e-05	-9.447086e-05	8.482831e-03	-9.332084e-03
204           	3.778836e-03	-1.023799e-20	-8.492608e-04	2.123152e-05	8.907478e-03	9.447090e-05	1.910649e-03	1.868186e-03	9.447090e-05	-9.447090e-05	8.482847e-03	-9.332108e-03
205           	3.778838e-03	-1.023802e-20	-8.492672e-04	2.123168e-05	8.907496e-03	9.447095e-05	1.910651e-03	1.868187e-03	9.447095e-05	-9.447095e-05	8.482862e-03	-9.332129e-03
206           	3.778841e-03	-1.023802e-20	-8.492715e-04	2.123179e-05	8.907510e-03	9.447102e-05	1.910652e-03	1.868189e-03	9.447102e-05	-9.447102e-05	8.482875e-03	-9.332146e-03
207           	3.778843e-03	-1.023803e-20	-8.492717e-04	2.123179e-05	8.907515e-03	9.447107e-05	1.910653e-03	1.868190e-03	9.447107e-05	-9.447107e-05	8.482880e-03	-9.332151e-03
208           	3.778844e-03	-1.023803e-20	-8.492680e-04	2.123170e-05	8.907510e-03	9.447109e-05	1.910654e-03	1.868190e-03	9.447109e-05	-9.447109e-05	8.482876e-03	-9.332144e-03
209           	3.778843e-03	-1.023801e-20	-8.492624e-04	2.123156e-05	8.907499e-03	9.447109e-05	1.910653e-03	1.868190e-03	9.447109e-05	-9.447109e-05	8.482867e-03	-9.332130e-03
210           	3.778843e-03	-1.023798e-20	-8.492563e-04	2.123141e-05	8.907484e-03	9.447106e-05	1.910653e-03	1.868190e-03	9.447106e-05	-9.447106e-05	8.482856e-03	-9.332112e-03
211           	3.778841e-03	-1.023796e-20	-8.492510e-04	2.123128e-05	8.907470e-03	9.447103e-05	1.910652e-03	1.868189e-03	9.447103e-05	-9.447103e-05	8.482845e-03	-9.332096e-03
212           	3.778840e-03	-1.023795e-20	-8.492469e-04	2.123117e-05	8.907458e-03	9.447099e-05	1.910651e-03	1.868189e-03	9.447099e-05	-9.447099e-05	8.482835e-03	-9.332082e-03
213           	3.778838e-03	-1.023794e-20	-8.492450e-04	2.123112e-05	8.907450e-03	9.447094e-05	1.910650e-03	1.868188e-03	9.447094e-05	-9.447094e-05	8.482828e-03	-9.332073e-03
214           	3.778836e-03	-1.023794e-20	-8.492458e-04	2.123115e-05	8.907449e-03	9.447091e-05	1.910649e-03	1.868187e-03	9.447091e-05	-9.447091e-05	8.482826e-03	-9.332072e-03
215           	3.778836e-03	-1.023795e-20	-8.492493e-04	2.123123e-05	8.907455e-03	9.447090e-05	1.910649e-03	1.868187e-03	9.447090e-05	-9.447090e-05	8.482831e-03	-9.332080e-03
216           	3.778837e-03	-1.023796e-20	-8.492536e-04	2.123134e-05	8.907465e-03	9.447091e-05	1.910650e-03	1.868187e-03	9.447091e-05	-9.447091e-05	8.482838e-03	-9.332091e-03
217           	3.778837e-03	-1.023798e-20	-8.492579e-04	2.123145e-05	8.907475e-03	9.447093e-05	1.910650e-03	1.868187e-03	9.447093e-05	-9.447093e-05	8.482846e-03	-9.332104e-03
218           	3.778838e-03	-1.023799e-20	-8.492614e-04	2.123153e-05	8.907485e-03	9.447096e-05	1.910651e-03	1.868188e-03	9.447096e-05	-9.447096e-05	8.482854e-03	-9.332115e-03
219           	3.778840e-03	-1.023800e-20	-8.492640e-04	2.123160e-05	8.907493e-03	9.447099e-05	1.910651e-03	1.868188e-03	9.447099e-05	-9.447099e-05	8.482861e-03	-9.332125e-03
220           	3.778841e-03	-1.023801e-20	-8.492646e-04	2.123162e-05	8.907497e-03	9.447102e-05	1.910652e-03	1.868189e-03	9.447102e-05	-9.447102e-05	8.482865e-03	-9.332129e-03
221           	3.778842e-03	-1.023801e-20	-8.492633e-04	2.123158e-05	8.907496e-03	9.447104e-05	1.910652e-03	1.868189e-03	9.447104e-05	-9.447104e-05	8.482864e-03	-9.332127e-03
222           	3.778842e-03	-1.023800e-20	-8.492605e-04	2.123151e-05	8.907490e-03	9.447104e-05	1.910652e-03	1.868189e-03	9.447104e-05	-9.447104e-05	8.482860e-03	-9.332121e-03
223           	3.778841e-03	-1.023798e-20	-8.492573e-04	2.123143e-05	8.907483e-03	9.447103e-05	1.910652e-03	1.868189e-03	9.447103e-05	-9.447103e-05	8.482854e-03	-9.332112e-03
