# Force coefficients
# dragDir     : (1.000000e+00 0.000000e+00 0.000000e+00)
# sideDir     : (0.000000e+00 0.000000e+00 -1.000000e+00)
# liftDir     : (0.000000e+00 1.000000e+00 0.000000e+00)
# rollAxis    : (1.000000e+00 0.000000e+00 0.000000e+00)
# pitchAxis   : (0.000000e+00 0.000000e+00 -1.000000e+00)
# yawAxis     : (0.000000e+00 1.000000e+00 0.000000e+00)
# magUInf     : 2.000000e-02
# lRef        : 1.000000e-01
# Aref        : 1.000000e-01
# CofR        : (0.000000e+00 0.000000e+00 0.000000e+00)
#
# Time        	Cd            	Cs            	Cl            	CmRoll        	CmPitch       	CmYaw         	Cd(f)         	Cd(r)         	Cs(f)         	Cs(r)         	Cl(f)         	Cl(r)         
1             	3.368263e-03	6.898440e-19	2.267609e-03	-5.669022e-05	2.896097e-03	8.420658e-05	1.627441e-03	1.740822e-03	8.420658e-05	-8.420658e-05	4.029902e-03	-1.762293e-03
2             	7.154702e-03	4.087436e-19	3.531286e-03	-8.828215e-05	9.117773e-03	1.788675e-04	3.489069e-03	3.665633e-03	1.788675e-04	-1.788675e-04	1.088342e-02	-7.352130e-03
3             	5.852013e-03	-1.041500e-19	2.558591e-03	-6.396478e-05	8.411255e-03	1.463003e-04	2.862042e-03	2.989972e-03	1.463003e-04	-1.463003e-04	9.690551e-03	-7.131959e-03
4             	4.247379e-03	-1.222458e-19	2.265471e-03	-5.663676e-05	5.501400e-03	1.061845e-04	2.067053e-03	2.180326e-03	1.061845e-04	-1.061845e-04	6.634135e-03	-4.368665e-03
5             	3.071721e-03	-5.282738e-20	2.368412e-03	-5.921030e-05	2.621799e-03	7.679302e-05	1.476650e-03	1.595071e-03	7.679302e-05	-7.679302e-05	3.806005e-03	-1.437593e-03
6             	2.753394e-03	7.458271e-21	2.637267e-03	-6.593168e-05	1.362142e-03	6.883486e-05	1.310766e-03	1.442629e-03	6.883486e-05	-6.883486e-05	2.680775e-03	-4.350828e-05
7             	2.665954e-03	4.177927e-20	2.911635e-03	-7.279089e-05	5.539386e-04	6.664884e-05	1.260186e-03	1.405768e-03	6.664884e-05	-6.664884e-05	2.009756e-03	9.018791e-04
8             	3.050848e-03	5.322051e-20	3.412158e-03	-8.530394e-05	4.242229e-04	7.627119e-05	1.440120e-03	1.610728e-03	7.627119e-05	-7.627119e-05	2.130302e-03	1.281856e-03
9             	3.362079e-03	4.907054e-20	3.897400e-03	-9.743500e-05	1.759002e-04	8.405198e-05	1.583605e-03	1.778475e-03	8.405198e-05	-8.405198e-05	2.124600e-03	1.772800e-03
10            	3.675863e-03	4.846442e-20	4.463803e-03	-1.115951e-04	-1.784833e-04	9.189657e-05	1.726336e-03	1.949526e-03	9.189657e-05	-9.189657e-05	2.053418e-03	2.410385e-03
11            	3.774684e-03	4.682807e-20	4.799414e-03	-1.199854e-04	-5.387508e-04	9.436710e-05	1.767357e-03	2.007327e-03	9.436710e-05	-9.436710e-05	1.860956e-03	2.938458e-03
12            	3.828263e-03	4.551933e-20	5.112476e-03	-1.278119e-04	-9.524709e-04	9.570657e-05	1.786320e-03	2.041943e-03	9.570657e-05	-9.570657e-05	1.603767e-03	3.508709e-03
13            	3.823047e-03	4.486478e-20	5.281331e-03	-1.320333e-04	-1.219336e-03	9.557616e-05	1.779490e-03	2.043557e-03	9.557616e-05	-9.557616e-05	1.421330e-03	3.860002e-03
14            	3.797980e-03	4.497519e-20	5.371298e-03	-1.342824e-04	-1.387933e-03	9.494949e-05	1.764707e-03	2.033272e-03	9.494949e-05	-9.494949e-05	1.297716e-03	4.073582e-03
15            	3.763472e-03	4.544861e-20	5.416620e-03	-1.354155e-04	-1.505359e-03	9.408680e-05	1.746321e-03	2.017152e-03	9.408680e-05	-9.408680e-05	1.202951e-03	4.213669e-03
16            	3.725230e-03	4.546126e-20	5.449997e-03	-1.362499e-04	-1.619976e-03	9.313075e-05	1.726365e-03	1.998865e-03	9.313075e-05	-9.313075e-05	1.105023e-03	4.344974e-03
17            	3.687697e-03	4.559532e-20	5.486136e-03	-1.371534e-04	-1.749336e-03	9.219242e-05	1.706695e-03	1.981002e-03	9.219242e-05	-9.219242e-05	9.937324e-04	4.492404e-03
18            	3.649878e-03	4.571510e-20	5.526582e-03	-1.381646e-04	-1.895862e-03	9.124694e-05	1.686774e-03	1.963103e-03	9.124694e-05	-9.124694e-05	8.674295e-04	4.659153e-03
19            	3.614722e-03	4.574177e-20	5.567703e-03	-1.391926e-04	-2.043066e-03	9.036806e-05	1.668169e-03	1.946554e-03	9.036806e-05	-9.036806e-05	7.407852e-04	4.826918e-03
20            	3.576527e-03	4.560470e-20	5.597918e-03	-1.399480e-04	-2.177953e-03	8.941317e-05	1.648316e-03	1.928211e-03	8.941317e-05	-8.941317e-05	6.210064e-04	4.976912e-03
21            	3.536132e-03	4.525549e-20	5.601601e-03	-1.400400e-04	-2.264707e-03	8.840329e-05	1.628026e-03	1.908106e-03	8.840329e-05	-8.840329e-05	5.360940e-04	5.065507e-03
22            	3.494690e-03	4.471593e-20	5.567778e-03	-1.391945e-04	-2.278309e-03	8.736724e-05	1.608150e-03	1.886539e-03	8.736724e-05	-8.736724e-05	5.055799e-04	5.062198e-03
23            	3.455182e-03	4.410320e-20	5.496334e-03	-1.374083e-04	-2.212342e-03	8.637954e-05	1.590182e-03	1.864999e-03	8.637954e-05	-8.637954e-05	5.358251e-04	4.960509e-03
24            	3.421472e-03	4.356620e-20	5.399780e-03	-1.349945e-04	-2.084831e-03	8.553680e-05	1.575741e-03	1.845730e-03	8.553680e-05	-8.553680e-05	6.150591e-04	4.784721e-03
25            	3.396415e-03	4.313421e-20	5.296092e-03	-1.324023e-04	-1.926922e-03	8.491039e-05	1.565805e-03	1.830610e-03	8.491039e-05	-8.491039e-05	7.211235e-04	4.574968e-03
26            	3.379946e-03	4.282914e-20	5.200599e-03	-1.300150e-04	-1.770311e-03	8.449865e-05	1.559958e-03	1.819988e-03	8.449865e-05	-8.449865e-05	8.299890e-04	4.370610e-03
27            	3.371574e-03	4.293067e-20	5.123581e-03	-1.280895e-04	-1.637125e-03	8.428935e-05	1.557698e-03	1.813877e-03	8.428935e-05	-8.428935e-05	9.246658e-04	4.198916e-03
28            	3.368630e-03	4.326948e-20	5.075276e-03	-1.268819e-04	-1.553444e-03	8.421576e-05	1.557433e-03	1.811197e-03	8.421576e-05	-8.421576e-05	9.841945e-04	4.091082e-03
29            	3.372117e-03	4.366559e-20	5.068210e-03	-1.267052e-04	-1.541527e-03	8.430293e-05	1.559353e-03	1.812764e-03	8.430293e-05	-8.430293e-05	9.925780e-04	4.075632e-03
30            	3.373325e-03	4.372850e-20	5.081341e-03	-1.270335e-04	-1.575747e-03	8.433314e-05	1.559629e-03	1.813696e-03	8.433314e-05	-8.433314e-05	9.649234e-04	4.116418e-03
31            	3.371201e-03	4.375543e-20	5.102025e-03	-1.275506e-04	-1.631450e-03	8.428003e-05	1.558050e-03	1.813151e-03	8.428003e-05	-8.428003e-05	9.195627e-04	4.182462e-03
32            	3.365471e-03	4.361795e-20	5.116734e-03	-1.279184e-04	-1.680858e-03	8.413678e-05	1.554817e-03	1.810654e-03	8.413678e-05	-8.413678e-05	8.775088e-04	4.239225e-03
33            	3.357608e-03	4.354972e-20	5.117361e-03	-1.279340e-04	-1.703836e-03	8.394019e-05	1.550870e-03	1.806738e-03	8.394019e-05	-8.394019e-05	8.548445e-04	4.262516e-03
34            	3.349541e-03	4.361094e-20	5.098905e-03	-1.274726e-04	-1.686296e-03	8.373852e-05	1.547298e-03	1.802243e-03	8.373852e-05	-8.373852e-05	8.631571e-04	4.235748e-03
35            	3.344791e-03	4.353113e-20	5.067903e-03	-1.266976e-04	-1.634766e-03	8.361977e-05	1.545698e-03	1.799093e-03	8.361977e-05	-8.361977e-05	8.991855e-04	4.168718e-03
36            	3.344653e-03	4.365606e-20	5.032008e-03	-1.258002e-04	-1.563200e-03	8.361632e-05	1.546526e-03	1.798127e-03	8.361632e-05	-8.361632e-05	9.528037e-04	4.079204e-03
37            	3.350770e-03	4.389805e-20	5.003606e-03	-1.250902e-04	-1.494137e-03	8.376925e-05	1.550295e-03	1.800475e-03	8.376925e-05	-8.376925e-05	1.007666e-03	3.995940e-03
38            	3.360993e-03	4.422878e-20	4.992495e-03	-1.248124e-04	-1.452594e-03	8.402482e-05	1.555684e-03	1.805309e-03	8.402482e-05	-8.402482e-05	1.043654e-03	3.948841e-03
39            	3.374613e-03	4.464232e-20	5.005028e-03	-1.251257e-04	-1.452826e-03	8.436533e-05	1.562181e-03	1.812432e-03	8.436533e-05	-8.436533e-05	1.049688e-03	3.955340e-03
40            	3.386563e-03	4.488166e-20	5.036602e-03	-1.259151e-04	-1.495788e-03	8.466406e-05	1.567366e-03	1.819196e-03	8.466406e-05	-8.466406e-05	1.022513e-03	4.014089e-03
41            	3.393277e-03	4.493988e-20	5.075508e-03	-1.268877e-04	-1.564587e-03	8.483193e-05	1.569751e-03	1.823526e-03	8.483193e-05	-8.483193e-05	9.731674e-04	4.102341e-03
42            	3.396740e-03	4.505382e-20	5.114234e-03	-1.278558e-04	-1.638906e-03	8.491850e-05	1.570514e-03	1.826226e-03	8.491850e-05	-8.491850e-05	9.182104e-04	4.196023e-03
43            	3.397288e-03	4.510291e-20	5.142885e-03	-1.285721e-04	-1.697386e-03	8.493219e-05	1.570072e-03	1.827216e-03	8.493219e-05	-8.493219e-05	8.740571e-04	4.268828e-03
44            	3.395683e-03	4.499170e-20	5.158760e-03	-1.289690e-04	-1.732996e-03	8.489208e-05	1.568873e-03	1.826811e-03	8.489208e-05	-8.489208e-05	8.463836e-04	4.312376e-03
45            	3.393700e-03	4.490490e-20	5.160405e-03	-1.290101e-04	-1.739215e-03	8.484251e-05	1.567840e-03	1.825860e-03	8.484251e-05	-8.484251e-05	8.409879e-04	4.319417e-03
46            	3.392883e-03	4.487156e-20	5.151418e-03	-1.287855e-04	-1.720761e-03	8.482208e-05	1.567656e-03	1.825227e-03	8.482208e-05	-8.482208e-05	8.549485e-04	4.296470e-03
47            	3.395197e-03	4.490959e-20	5.139836e-03	-1.284959e-04	-1.690442e-03	8.487992e-05	1.569102e-03	1.826094e-03	8.487992e-05	-8.487992e-05	8.794758e-04	4.260360e-03
48            	3.399476e-03	4.503063e-20	5.132101e-03	-1.283025e-04	-1.664569e-03	8.498690e-05	1.571435e-03	1.828041e-03	8.498690e-05	-8.498690e-05	9.014818e-04	4.230619e-03
49            	3.406021e-03	4.517139e-20	5.133995e-03	-1.283499e-04	-1.654407e-03	8.515054e-05	1.574661e-03	1.831361e-03	8.515054e-05	-8.515054e-05	9.125906e-04	4.221404e-03
50            	3.414500e-03	4.537995e-20	5.149493e-03	-1.287373e-04	-1.668573e-03	8.536250e-05	1.578513e-03	1.835987e-03	8.536250e-05	-8.536250e-05	9.061731e-04	4.243320e-03
51            	3.422251e-03	4.565016e-20	5.176558e-03	-1.294139e-04	-1.708236e-03	8.555628e-05	1.581712e-03	1.840540e-03	8.555628e-05	-8.555628e-05	8.800432e-04	4.296515e-03
52            	3.426103e-03	4.570121e-20	5.207151e-03	-1.301788e-04	-1.763219e-03	8.565258e-05	1.582873e-03	1.843230e-03	8.565258e-05	-8.565258e-05	8.403567e-04	4.366794e-03
53            	3.426818e-03	4.575766e-20	5.233087e-03	-1.308272e-04	-1.814695e-03	8.567045e-05	1.582582e-03	1.844236e-03	8.567045e-05	-8.567045e-05	8.018490e-04	4.431238e-03
54            	3.425663e-03	4.577364e-20	5.250438e-03	-1.312610e-04	-1.851821e-03	8.564156e-05	1.581570e-03	1.844092e-03	8.564156e-05	-8.564156e-05	7.733981e-04	4.477040e-03
55            	3.423240e-03	4.570826e-20	5.257979e-03	-1.314495e-04	-1.870838e-03	8.558100e-05	1.580170e-03	1.843069e-03	8.558100e-05	-8.558100e-05	7.581513e-04	4.499828e-03
56            	3.420547e-03	4.560835e-20	5.254921e-03	-1.313730e-04	-1.868191e-03	8.551366e-05	1.578900e-03	1.841646e-03	8.551366e-05	-8.551366e-05	7.592696e-04	4.495651e-03
57            	3.418732e-03	4.555042e-20	5.244751e-03	-1.311188e-04	-1.849095e-03	8.546830e-05	1.578247e-03	1.840485e-03	8.546830e-05	-8.546830e-05	7.732804e-04	4.471471e-03
58            	3.419080e-03	4.558649e-20	5.233648e-03	-1.308412e-04	-1.823882e-03	8.547701e-05	1.578699e-03	1.840381e-03	8.547701e-05	-8.547701e-05	7.929421e-04	4.440706e-03
59            	3.420640e-03	4.561261e-20	5.225719e-03	-1.306430e-04	-1.803275e-03	8.551599e-05	1.579677e-03	1.840963e-03	8.551599e-05	-8.551599e-05	8.095848e-04	4.416134e-03
60            	3.423435e-03	4.566588e-20	5.224565e-03	-1.306141e-04	-1.794609e-03	8.558588e-05	1.581103e-03	1.842332e-03	8.558588e-05	-8.558588e-05	8.176737e-04	4.406891e-03
61            	3.426737e-03	4.574424e-20	5.231702e-03	-1.307926e-04	-1.802425e-03	8.566842e-05	1.582576e-03	1.844161e-03	8.566842e-05	-8.566842e-05	8.134261e-04	4.418276e-03
62            	3.429362e-03	4.585680e-20	5.245537e-03	-1.311384e-04	-1.825663e-03	8.573405e-05	1.583543e-03	1.845819e-03	8.573405e-05	-8.573405e-05	7.971050e-04	4.448432e-03
63            	3.430061e-03	4.586900e-20	5.260938e-03	-1.315235e-04	-1.856053e-03	8.575152e-05	1.583507e-03	1.846554e-03	8.575152e-05	-8.575152e-05	7.744156e-04	4.486522e-03
64            	3.429105e-03	4.587495e-20	5.273317e-03	-1.318329e-04	-1.883341e-03	8.572763e-05	1.582720e-03	1.846385e-03	8.572763e-05	-8.572763e-05	7.533180e-04	4.519999e-03
65            	3.427003e-03	4.585174e-20	5.279913e-03	-1.319978e-04	-1.900731e-03	8.567507e-05	1.581504e-03	1.845499e-03	8.567507e-05	-8.567507e-05	7.392251e-04	4.540688e-03
66            	3.424227e-03	4.581297e-20	5.279759e-03	-1.319940e-04	-1.905280e-03	8.560567e-05	1.580119e-03	1.844107e-03	8.560567e-05	-8.560567e-05	7.345996e-04	4.545159e-03
67            	3.421300e-03	4.573156e-20	5.272906e-03	-1.318226e-04	-1.896155e-03	8.553249e-05	1.578827e-03	1.842472e-03	8.553249e-05	-8.553249e-05	7.402983e-04	4.532608e-03
68            	3.419105e-03	4.569198e-20	5.261250e-03	-1.315312e-04	-1.875685e-03	8.547763e-05	1.578021e-03	1.841084e-03	8.547763e-05	-8.547763e-05	7.549398e-04	4.506310e-03
69            	3.418390e-03	4.566639e-20	5.249159e-03	-1.312290e-04	-1.851543e-03	8.545976e-05	1.577966e-03	1.840424e-03	8.545976e-05	-8.545976e-05	7.730361e-04	4.476122e-03
70            	3.419006e-03	4.566379e-20	5.240919e-03	-1.310230e-04	-1.832972e-03	8.547514e-05	1.578480e-03	1.840526e-03	8.547514e-05	-8.547514e-05	7.874871e-04	4.453432e-03
71            	3.420268e-03	4.567936e-20	5.237921e-03	-1.309480e-04	-1.824263e-03	8.550670e-05	1.579186e-03	1.841082e-03	8.550670e-05	-8.550670e-05	7.946980e-04	4.443223e-03
72            	3.421702e-03	4.571304e-20	5.240200e-03	-1.310050e-04	-1.826382e-03	8.554255e-05	1.579846e-03	1.841856e-03	8.554255e-05	-8.554255e-05	7.937178e-04	4.446483e-03
73            	3.422633e-03	4.576596e-20	5.246844e-03	-1.311711e-04	-1.838705e-03	8.556582e-05	1.580145e-03	1.842487e-03	8.556582e-05	-8.556582e-05	7.847172e-04	4.462127e-03
74            	3.422475e-03	4.575883e-20	5.254631e-03	-1.313658e-04	-1.855546e-03	8.556189e-05	1.579872e-03	1.842603e-03	8.556189e-05	-8.556189e-05	7.717701e-04	4.482861e-03
75            	3.421428e-03	4.575171e-20	5.260757e-03	-1.315189e-04	-1.870545e-03	8.553571e-05	1.579195e-03	1.842233e-03	8.553571e-05	-8.553571e-05	7.598332e-04	4.500924e-03
76            	3.419601e-03	4.572221e-20	5.263081e-03	-1.315770e-04	-1.879052e-03	8.549003e-05	1.578224e-03	1.841378e-03	8.549003e-05	-8.549003e-05	7.524881e-04	4.510593e-03
77            	3.417409e-03	4.568441e-20	5.260673e-03	-1.315168e-04	-1.878310e-03	8.543522e-05	1.577188e-03	1.840221e-03	8.543522e-05	-8.543522e-05	7.520259e-04	4.508647e-03
78            	3.415232e-03	4.563462e-20	5.253495e-03	-1.313374e-04	-1.867573e-03	8.538079e-05	1.576278e-03	1.838953e-03	8.538079e-05	-8.538079e-05	7.591747e-04	4.494321e-03
79            	3.413883e-03	4.559401e-20	5.243599e-03	-1.310900e-04	-1.849553e-03	8.534707e-05	1.575851e-03	1.838031e-03	8.534707e-05	-8.534707e-05	7.722468e-04	4.471352e-03
80            	3.413569e-03	4.557645e-20	5.234603e-03	-1.308651e-04	-1.831458e-03	8.533922e-05	1.575919e-03	1.837650e-03	8.533922e-05	-8.533922e-05	7.858440e-04	4.448759e-03
81            	3.414030e-03	4.557518e-20	5.228714e-03	-1.307179e-04	-1.818430e-03	8.535076e-05	1.576297e-03	1.837733e-03	8.535076e-05	-8.535076e-05	7.959269e-04	4.432787e-03
82            	3.414930e-03	4.558511e-20	5.226675e-03	-1.306669e-04	-1.812670e-03	8.537325e-05	1.576798e-03	1.838132e-03	8.537325e-05	-8.537325e-05	8.006678e-04	4.426007e-03
83            	3.416016e-03	4.561834e-20	5.228277e-03	-1.307069e-04	-1.814179e-03	8.540041e-05	1.577301e-03	1.838715e-03	8.540041e-05	-8.540041e-05	7.999593e-04	4.428317e-03
84            	3.416674e-03	4.564702e-20	5.232900e-03	-1.308225e-04	-1.822890e-03	8.541685e-05	1.577515e-03	1.839160e-03	8.541685e-05	-8.541685e-05	7.935598e-04	4.439340e-03
85            	3.416554e-03	4.564120e-20	5.238145e-03	-1.309536e-04	-1.834390e-03	8.541386e-05	1.577324e-03	1.839231e-03	8.541386e-05	-8.541386e-05	7.846830e-04	4.453462e-03
86            	3.415836e-03	4.563455e-20	5.241980e-03	-1.310495e-04	-1.844006e-03	8.539591e-05	1.576869e-03	1.838968e-03	8.539591e-05	-8.539591e-05	7.769844e-04	4.464996e-03
87            	3.414629e-03	4.561293e-20	5.243076e-03	-1.310769e-04	-1.848787e-03	8.536571e-05	1.576237e-03	1.838391e-03	8.536571e-05	-8.536571e-05	7.727509e-04	4.470325e-03
88            	3.413286e-03	4.558653e-20	5.240913e-03	-1.310228e-04	-1.846934e-03	8.533214e-05	1.575620e-03	1.837666e-03	8.533214e-05	-8.533214e-05	7.735224e-04	4.467391e-03
89            	3.411892e-03	4.553412e-20	5.235628e-03	-1.308907e-04	-1.838678e-03	8.529731e-05	1.575055e-03	1.836837e-03	8.529731e-05	-8.529731e-05	7.791356e-04	4.456492e-03
90            	3.411263e-03	4.552221e-20	5.228968e-03	-1.307242e-04	-1.826024e-03	8.528157e-05	1.574907e-03	1.836356e-03	8.528157e-05	-8.528157e-05	7.884600e-04	4.440508e-03
91            	3.411325e-03	4.551409e-20	5.223213e-03	-1.305803e-04	-1.813947e-03	8.528313e-05	1.575082e-03	1.836243e-03	8.528313e-05	-8.528313e-05	7.976595e-04	4.425553e-03
92            	3.411885e-03	4.551786e-20	5.219777e-03	-1.304944e-04	-1.805798e-03	8.529713e-05	1.575448e-03	1.836437e-03	8.529713e-05	-8.529713e-05	8.040904e-04	4.415687e-03
93            	3.412739e-03	4.552955e-20	5.219129e-03	-1.304782e-04	-1.802941e-03	8.531848e-05	1.575891e-03	1.836848e-03	8.531848e-05	-8.531848e-05	8.066237e-04	4.412505e-03
94            	3.413674e-03	4.556257e-20	5.221274e-03	-1.305318e-04	-1.805780e-03	8.534186e-05	1.576305e-03	1.837369e-03	8.534186e-05	-8.534186e-05	8.048566e-04	4.416417e-03
95            	3.414227e-03	4.558444e-20	5.225343e-03	-1.306336e-04	-1.813401e-03	8.535569e-05	1.576480e-03	1.837747e-03	8.535569e-05	-8.535569e-05	7.992711e-04	4.426072e-03
96            	3.414172e-03	4.558058e-20	5.229417e-03	-1.307354e-04	-1.822182e-03	8.535429e-05	1.576350e-03	1.837821e-03	8.535429e-05	-8.535429e-05	7.925262e-04	4.436891e-03
97            	3.413706e-03	4.557636e-20	5.232161e-03	-1.308040e-04	-1.828909e-03	8.534264e-05	1.576049e-03	1.837657e-03	8.534264e-05	-8.534264e-05	7.871715e-04	4.444990e-03
98            	3.412966e-03	4.556355e-20	5.232835e-03	-1.308209e-04	-1.831788e-03	8.532414e-05	1.575662e-03	1.837304e-03	8.532414e-05	-8.532414e-05	7.846295e-04	4.448205e-03
99            	3.412024e-03	4.553707e-20	5.231240e-03	-1.307810e-04	-1.830300e-03	8.530060e-05	1.575231e-03	1.836793e-03	8.530060e-05	-8.530060e-05	7.853199e-04	4.445920e-03
100           	3.411203e-03	4.550985e-20	5.227662e-03	-1.306915e-04	-1.824432e-03	8.528007e-05	1.574910e-03	1.836293e-03	8.528007e-05	-8.528007e-05	7.893993e-04	4.438262e-03
101           	3.410984e-03	4.550637e-20	5.223404e-03	-1.305851e-04	-1.815932e-03	8.527460e-05	1.574907e-03	1.836077e-03	8.527460e-05	-8.527460e-05	7.957702e-04	4.427634e-03
102           	3.411177e-03	4.550401e-20	5.219924e-03	-1.304981e-04	-1.808294e-03	8.527944e-05	1.575091e-03	1.836087e-03	8.527944e-05	-8.527944e-05	8.016678e-04	4.418256e-03
103           	3.411694e-03	4.550954e-20	5.218094e-03	-1.304523e-04	-1.803511e-03	8.529235e-05	1.575395e-03	1.836299e-03	8.529235e-05	-8.529235e-05	8.055364e-04	4.412557e-03
104           	3.412374e-03	4.552017e-20	5.218205e-03	-1.304551e-04	-1.802494e-03	8.530936e-05	1.575732e-03	1.836642e-03	8.530936e-05	-8.530936e-05	8.066084e-04	4.411596e-03
105           	3.413106e-03	4.554728e-20	5.220271e-03	-1.305068e-04	-1.805463e-03	8.532766e-05	1.576046e-03	1.837060e-03	8.532766e-05	-8.532766e-05	8.046729e-04	4.415598e-03
106           	3.413514e-03	4.556284e-20	5.223522e-03	-1.305881e-04	-1.811546e-03	8.533785e-05	1.576169e-03	1.837345e-03	8.533785e-05	-8.533785e-05	8.002151e-04	4.423307e-03
107           	3.413542e-03	4.556117e-20	5.226720e-03	-1.306680e-04	-1.818218e-03	8.533855e-05	1.576103e-03	1.837439e-03	8.533855e-05	-8.533855e-05	7.951422e-04	4.431578e-03
108           	3.413187e-03	4.555877e-20	5.228760e-03	-1.307190e-04	-1.823194e-03	8.532968e-05	1.575875e-03	1.837313e-03	8.532968e-05	-8.532968e-05	7.911857e-04	4.437574e-03
109           	3.412631e-03	4.555019e-20	5.229211e-03	-1.307303e-04	-1.825214e-03	8.531577e-05	1.575585e-03	1.837046e-03	8.531577e-05	-8.531577e-05	7.893919e-04	4.439819e-03
110           	3.411981e-03	4.552648e-20	5.227940e-03	-1.306985e-04	-1.823796e-03	8.529953e-05	1.575292e-03	1.836689e-03	8.529953e-05	-8.529953e-05	7.901741e-04	4.437766e-03
111           	3.411511e-03	4.551010e-20	5.225390e-03	-1.306347e-04	-1.819348e-03	8.528776e-05	1.575121e-03	1.836390e-03	8.528776e-05	-8.528776e-05	7.933465e-04	4.432043e-03
112           	3.411439e-03	4.551081e-20	5.222611e-03	-1.305653e-04	-1.813638e-03	8.528597e-05	1.575154e-03	1.836285e-03	8.528597e-05	-8.528597e-05	7.976677e-04	4.424943e-03
113           	3.411638e-03	4.551127e-20	5.220477e-03	-1.305119e-04	-1.808781e-03	8.529094e-05	1.575307e-03	1.836331e-03	8.529094e-05	-8.529094e-05	8.014568e-04	4.419020e-03
114           	3.412042e-03	4.551744e-20	5.219544e-03	-1.304886e-04	-1.806063e-03	8.530105e-05	1.575532e-03	1.836510e-03	8.530105e-05	-8.530105e-05	8.037097e-04	4.415835e-03
115           	3.412541e-03	4.552605e-20	5.219953e-03	-1.304988e-04	-1.805982e-03	8.531353e-05	1.575772e-03	1.836769e-03	8.531353e-05	-8.531353e-05	8.039942e-04	4.415958e-03
116           	3.413070e-03	4.554871e-20	5.221718e-03	-1.305429e-04	-1.808670e-03	8.532676e-05	1.575992e-03	1.837078e-03	8.532676e-05	-8.532676e-05	8.021887e-04	4.419529e-03
117           	3.413325e-03	4.555870e-20	5.224134e-03	-1.306033e-04	-1.813260e-03	8.533313e-05	1.576059e-03	1.837266e-03	8.533313e-05	-8.533313e-05	7.988072e-04	4.425327e-03
118           	3.413288e-03	4.555669e-20	5.226303e-03	-1.306576e-04	-1.817885e-03	8.533219e-05	1.575986e-03	1.837301e-03	8.533219e-05	-8.533219e-05	7.952665e-04	4.431037e-03
119           	3.413038e-03	4.555451e-20	5.227606e-03	-1.306901e-04	-1.821088e-03	8.532594e-05	1.575829e-03	1.837209e-03	8.532594e-05	-8.532594e-05	7.927145e-04	4.434891e-03
120           	3.412659e-03	4.554873e-20	5.227806e-03	-1.306952e-04	-1.822222e-03	8.531647e-05	1.575634e-03	1.837025e-03	8.531647e-05	-8.531647e-05	7.916808e-04	4.436125e-03
121           	3.412216e-03	4.553066e-20	5.226800e-03	-1.306700e-04	-1.820954e-03	8.530539e-05	1.575438e-03	1.836778e-03	8.530539e-05	-8.530539e-05	7.924458e-04	4.434354e-03
122           	3.411939e-03	4.552045e-20	5.224986e-03	-1.306246e-04	-1.817664e-03	8.529846e-05	1.575345e-03	1.836594e-03	8.529846e-05	-8.529846e-05	7.948287e-04	4.430157e-03
123           	3.411923e-03	4.552215e-20	5.223163e-03	-1.305791e-04	-1.813853e-03	8.529808e-05	1.575383e-03	1.836541e-03	8.529808e-05	-8.529808e-05	7.977287e-04	4.425434e-03
124           	3.412088e-03	4.552338e-20	5.221865e-03	-1.305466e-04	-1.810810e-03	8.530220e-05	1.575497e-03	1.836591e-03	8.530220e-05	-8.530220e-05	8.001223e-04	4.421742e-03
125           	3.412384e-03	4.552829e-20	5.221430e-03	-1.305357e-04	-1.809333e-03	8.530961e-05	1.575656e-03	1.836728e-03	8.530961e-05	-8.530961e-05	8.013816e-04	4.420048e-03
126           	3.412733e-03	4.553475e-20	5.221923e-03	-1.305481e-04	-1.809710e-03	8.531832e-05	1.575818e-03	1.836915e-03	8.531832e-05	-8.531832e-05	8.012515e-04	4.420672e-03
127           	3.413089e-03	4.555102e-20	5.223315e-03	-1.305829e-04	-1.811938e-03	8.532723e-05	1.575962e-03	1.837127e-03	8.532723e-05	-8.532723e-05	7.997195e-04	4.423595e-03
128           	3.413223e-03	4.555662e-20	5.225008e-03	-1.306252e-04	-1.815235e-03	8.533058e-05	1.575986e-03	1.837237e-03	8.533058e-05	-8.533058e-05	7.972690e-04	4.427739e-03
129           	3.413171e-03	4.555508e-20	5.226430e-03	-1.306608e-04	-1.818315e-03	8.532926e-05	1.575925e-03	1.837246e-03	8.532926e-05	-8.532926e-05	7.948997e-04	4.431531e-03
130           	3.412977e-03	4.555317e-20	5.227224e-03	-1.306806e-04	-1.820340e-03	8.532444e-05	1.575808e-03	1.837169e-03	8.532444e-05	-8.532444e-05	7.932721e-04	4.433952e-03
131           	3.412706e-03	4.554903e-20	5.227237e-03	-1.306809e-04	-1.820874e-03	8.531766e-05	1.575672e-03	1.837034e-03	8.531766e-05	-8.531766e-05	7.927445e-04	4.434493e-03
132           	3.412403e-03	4.553647e-20	5.226423e-03	-1.306606e-04	-1.819743e-03	8.531006e-05	1.575541e-03	1.836862e-03	8.531006e-05	-8.531006e-05	7.934684e-04	4.432955e-03
133           	3.412233e-03	4.553000e-20	5.225118e-03	-1.306279e-04	-1.817318e-03	8.530582e-05	1.575489e-03	1.836744e-03	8.530582e-05	-8.530582e-05	7.952411e-04	4.429876e-03
134           	3.412248e-03	4.553145e-20	5.223887e-03	-1.305972e-04	-1.814694e-03	8.530621e-05	1.575527e-03	1.836721e-03	8.530621e-05	-8.530621e-05	7.972496e-04	4.426637e-03
135           	3.412381e-03	4.553275e-20	5.223071e-03	-1.305768e-04	-1.812725e-03	8.530953e-05	1.575614e-03	1.836767e-03	8.530953e-05	-8.530953e-05	7.988105e-04	4.424260e-03
136           	3.412595e-03	4.553637e-20	5.222870e-03	-1.305718e-04	-1.811899e-03	8.531488e-05	1.575726e-03	1.836869e-03	8.531488e-05	-8.531488e-05	7.995365e-04	4.423334e-03
137           	3.412860e-03	4.554457e-20	5.223331e-03	-1.305833e-04	-1.812358e-03	8.532149e-05	1.575847e-03	1.837013e-03	8.532149e-05	-8.532149e-05	7.993081e-04	4.424023e-03
138           	3.413088e-03	4.555233e-20	5.224344e-03	-1.306086e-04	-1.814037e-03	8.532719e-05	1.575935e-03	1.837152e-03	8.532719e-05	-8.532719e-05	7.981350e-04	4.426209e-03
139           	3.413141e-03	4.555282e-20	5.225512e-03	-1.306378e-04	-1.816392e-03	8.532852e-05	1.575933e-03	1.837208e-03	8.532852e-05	-8.532852e-05	7.963642e-04	4.429148e-03
140           	3.413079e-03	4.555341e-20	5.226451e-03	-1.306613e-04	-1.818480e-03	8.532696e-05	1.575878e-03	1.837201e-03	8.532696e-05	-8.532696e-05	7.947457e-04	4.431705e-03
141           	3.412930e-03	4.555183e-20	5.226923e-03	-1.306731e-04	-1.819749e-03	8.532325e-05	1.575792e-03	1.837138e-03	8.532325e-05	-8.532325e-05	7.937123e-04	4.433211e-03
142           	3.412737e-03	4.554889e-20	5.226848e-03	-1.306712e-04	-1.819953e-03	8.531841e-05	1.575697e-03	1.837039e-03	8.531841e-05	-8.531841e-05	7.934712e-04	4.433377e-03
143           	3.412532e-03	4.554098e-20	5.226218e-03	-1.306554e-04	-1.819018e-03	8.531330e-05	1.575611e-03	1.836921e-03	8.531330e-05	-8.531330e-05	7.940905e-04	4.432127e-03
144           	3.412429e-03	4.553689e-20	5.225284e-03	-1.306321e-04	-1.817249e-03	8.531073e-05	1.575582e-03	1.836847e-03	8.531073e-05	-8.531073e-05	7.953930e-04	4.429891e-03
145           	3.412437e-03	4.553774e-20	5.224404e-03	-1.306101e-04	-1.815385e-03	8.531093e-05	1.575608e-03	1.836829e-03	8.531093e-05	-8.531093e-05	7.968169e-04	4.427587e-03
146           	3.412549e-03	4.553877e-20	5.223870e-03	-1.305968e-04	-1.814048e-03	8.531373e-05	1.575678e-03	1.836871e-03	8.531373e-05	-8.531373e-05	7.978868e-04	4.425983e-03
147           	3.412715e-03	4.554148e-20	5.223793e-03	-1.305948e-04	-1.813568e-03	8.531789e-05	1.575763e-03	1.836953e-03	8.531789e-05	-8.531789e-05	7.983288e-04	4.425464e-03
148           	3.412906e-03	4.554856e-20	5.224213e-03	-1.306053e-04	-1.814082e-03	8.532265e-05	1.575848e-03	1.837058e-03	8.532265e-05	-8.532265e-05	7.980240e-04	4.426189e-03
149           	3.413035e-03	4.555317e-20	5.224987e-03	-1.306247e-04	-1.815462e-03	8.532586e-05	1.575893e-03	1.837142e-03	8.532586e-05	-8.532586e-05	7.970312e-04	4.427956e-03
150           	3.413056e-03	4.555301e-20	5.225786e-03	-1.306446e-04	-1.817100e-03	8.532640e-05	1.575883e-03	1.837173e-03	8.532640e-05	-8.532640e-05	7.957929e-04	4.429993e-03
151           	3.413001e-03	4.555290e-20	5.226379e-03	-1.306595e-04	-1.818447e-03	8.532503e-05	1.575841e-03	1.837160e-03	8.532503e-05	-8.532503e-05	7.947426e-04	4.431637e-03
152           	3.412890e-03	4.555126e-20	5.226624e-03	-1.306656e-04	-1.819168e-03	8.532225e-05	1.575779e-03	1.837111e-03	8.532225e-05	-8.532225e-05	7.941435e-04	4.432480e-03
153           	3.412754e-03	4.554894e-20	5.226485e-03	-1.306621e-04	-1.819131e-03	8.531885e-05	1.575715e-03	1.837039e-03	8.531885e-05	-8.531885e-05	7.941113e-04	4.432374e-03
154           	3.412612e-03	4.554247e-20	5.225971e-03	-1.306493e-04	-1.818323e-03	8.531530e-05	1.575657e-03	1.836955e-03	8.531530e-05	-8.531530e-05	7.946624e-04	4.431308e-03
155           	3.412554e-03	4.554015e-20	5.225304e-03	-1.306326e-04	-1.817029e-03	8.531386e-05	1.575645e-03	1.836910e-03	8.531386e-05	-8.531386e-05	7.956224e-04	4.429681e-03
156           	3.412581e-03	4.554111e-20	5.224738e-03	-1.306185e-04	-1.815790e-03	8.531451e-05	1.575672e-03	1.836909e-03	8.531451e-05	-8.531451e-05	7.965791e-04	4.428159e-03
157           	3.412662e-03	4.554210e-20	5.224430e-03	-1.306107e-04	-1.814987e-03	8.531656e-05	1.575720e-03	1.836942e-03	8.531656e-05	-8.531656e-05	7.972281e-04	4.427201e-03
158           	3.412777e-03	4.554405e-20	5.224436e-03	-1.306109e-04	-1.814782e-03	8.531943e-05	1.575778e-03	1.836999e-03	8.531943e-05	-8.531943e-05	7.974357e-04	4.427000e-03
159           	3.412909e-03	4.554968e-20	5.224785e-03	-1.306196e-04	-1.815260e-03	8.532272e-05	1.575835e-03	1.837074e-03	8.532272e-05	-8.532272e-05	7.971322e-04	4.427653e-03
160           	3.412987e-03	4.555261e-20	5.225341e-03	-1.306335e-04	-1.816278e-03	8.532468e-05	1.575860e-03	1.837127e-03	8.532468e-05	-8.532468e-05	7.963924e-04	4.428949e-03
161           	3.412998e-03	4.555224e-20	5.225896e-03	-1.306474e-04	-1.817418e-03	8.532496e-05	1.575852e-03	1.837147e-03	8.532496e-05	-8.532496e-05	7.955295e-04	4.430366e-03
162           	3.412945e-03	4.555200e-20	5.226272e-03	-1.306568e-04	-1.818310e-03	8.532362e-05	1.575816e-03	1.837129e-03	8.532362e-05	-8.532362e-05	7.948259e-04	4.431447e-03
163           	3.412854e-03	4.555066e-20	5.226386e-03	-1.306596e-04	-1.818720e-03	8.532136e-05	1.575768e-03	1.837087e-03	8.532136e-05	-8.532136e-05	7.944733e-04	4.431913e-03
164           	3.412748e-03	4.554744e-20	5.226218e-03	-1.306554e-04	-1.818568e-03	8.531871e-05	1.575719e-03	1.837030e-03	8.531871e-05	-8.531871e-05	7.945411e-04	4.431677e-03
165           	3.412659e-03	4.554439e-20	5.225819e-03	-1.306455e-04	-1.817902e-03	8.531647e-05	1.575684e-03	1.836975e-03	8.531647e-05	-8.531647e-05	7.950072e-04	4.430812e-03
166           	3.412639e-03	4.554429e-20	5.225353e-03	-1.306338e-04	-1.816957e-03	8.531598e-05	1.575686e-03	1.836953e-03	8.531598e-05	-8.531598e-05	7.957197e-04	4.429633e-03
167           	3.412667e-03	4.554414e-20	5.224976e-03	-1.306244e-04	-1.816112e-03	8.531667e-05	1.575709e-03	1.836958e-03	8.531667e-05	-8.531667e-05	7.963760e-04	4.428600e-03
168           	3.412730e-03	4.554488e-20	5.224791e-03	-1.306198e-04	-1.815603e-03	8.531825e-05	1.575745e-03	1.836985e-03	8.531825e-05	-8.531825e-05	7.967923e-04	4.427999e-03
169           	3.412812e-03	4.554621e-20	5.224830e-03	-1.306207e-04	-1.815529e-03	8.532031e-05	1.575785e-03	1.837027e-03	8.532031e-05	-8.532031e-05	7.968863e-04	4.427943e-03
170           	3.412899e-03	4.554954e-20	5.225099e-03	-1.306275e-04	-1.815927e-03	8.532248e-05	1.575822e-03	1.837077e-03	8.532248e-05	-8.532248e-05	7.966226e-04	4.428476e-03
171           	3.412945e-03	4.555135e-20	5.225496e-03	-1.306374e-04	-1.816674e-03	8.532362e-05	1.575835e-03	1.837110e-03	8.532362e-05	-8.532362e-05	7.960736e-04	4.429422e-03
172           	3.412944e-03	4.555112e-20	5.225874e-03	-1.306468e-04	-1.817467e-03	8.532361e-05	1.575825e-03	1.837119e-03	8.532361e-05	-8.532361e-05	7.954698e-04	4.430404e-03
173           	3.412901e-03	4.555079e-20	5.226110e-03	-1.306528e-04	-1.818046e-03	8.532252e-05	1.575798e-03	1.837103e-03	8.532252e-05	-8.532252e-05	7.950092e-04	4.431101e-03
174           	3.412835e-03	4.554977e-20	5.226158e-03	-1.306540e-04	-1.818273e-03	8.532087e-05	1.575763e-03	1.837071e-03	8.532087e-05	-8.532087e-05	7.948066e-04	4.431352e-03
175           	3.412758e-03	4.554706e-20	5.226007e-03	-1.306502e-04	-1.818101e-03	8.531896e-05	1.575729e-03	1.837029e-03	8.531896e-05	-8.531896e-05	7.949028e-04	4.431104e-03
176           	3.412703e-03	4.554518e-20	5.225709e-03	-1.306427e-04	-1.817580e-03	8.531758e-05	1.575709e-03	1.836994e-03	8.531758e-05	-8.531758e-05	7.952744e-04	4.430435e-03
177           	3.412694e-03	4.554523e-20	5.225387e-03	-1.306347e-04	-1.816917e-03	8.531736e-05	1.575713e-03	1.836982e-03	8.531736e-05	-8.531736e-05	7.957763e-04	4.429610e-03
178           	3.412717e-03	4.554527e-20	5.225141e-03	-1.306285e-04	-1.816358e-03	8.531793e-05	1.575730e-03	1.836987e-03	8.531793e-05	-8.531793e-05	7.962122e-04	4.428929e-03
179           	3.412763e-03	4.554595e-20	5.225036e-03	-1.306259e-04	-1.816050e-03	8.531907e-05	1.575756e-03	1.837007e-03	8.531907e-05	-8.531907e-05	7.964676e-04	4.428568e-03
180           	3.412820e-03	4.554691e-20	5.225085e-03	-1.306271e-04	-1.816048e-03	8.532049e-05	1.575783e-03	1.837037e-03	8.532049e-05	-8.532049e-05	7.964947e-04	4.428591e-03
181           	3.412880e-03	4.554963e-20	5.225293e-03	-1.306323e-04	-1.816368e-03	8.532200e-05	1.575808e-03	1.837072e-03	8.532200e-05	-8.532200e-05	7.962787e-04	4.429014e-03
182           	3.412907e-03	4.555071e-20	5.225571e-03	-1.306393e-04	-1.816900e-03	8.532267e-05	1.575814e-03	1.837093e-03	8.532267e-05	-8.532267e-05	7.958855e-04	4.429685e-03
183           	3.412900e-03	4.555037e-20	5.225815e-03	-1.306454e-04	-1.817426e-03	8.532249e-05	1.575804e-03	1.837095e-03	8.532249e-05	-8.532249e-05	7.954814e-04	4.430334e-03
184           	3.412868e-03	4.555005e-20	5.225957e-03	-1.306489e-04	-1.817783e-03	8.532171e-05	1.575785e-03	1.837083e-03	8.532171e-05	-8.532171e-05	7.951954e-04	4.430762e-03
185           	3.412822e-03	4.554930e-20	5.225970e-03	-1.306493e-04	-1.817897e-03	8.532056e-05	1.575762e-03	1.837060e-03	8.532056e-05	-8.532056e-05	7.950876e-04	4.430882e-03
186           	3.412769e-03	4.554712e-20	5.225843e-03	-1.306461e-04	-1.817733e-03	8.531922e-05	1.575738e-03	1.837030e-03	8.531922e-05	-8.531922e-05	7.951886e-04	4.430654e-03
187           	3.412735e-03	4.554589e-20	5.225623e-03	-1.306406e-04	-1.817335e-03	8.531838e-05	1.575727e-03	1.837008e-03	8.531838e-05	-8.531838e-05	7.954762e-04	4.430147e-03
188           	3.412733e-03	4.554605e-20	5.225406e-03	-1.306352e-04	-1.816883e-03	8.531832e-05	1.575731e-03	1.837002e-03	8.531832e-05	-8.531832e-05	7.958198e-04	4.429586e-03
189           	3.412751e-03	4.554615e-20	5.225252e-03	-1.306313e-04	-1.816525e-03	8.531877e-05	1.575744e-03	1.837007e-03	8.531877e-05	-8.531877e-05	7.961008e-04	4.429151e-03
190           	3.412784e-03	4.554667e-20	5.225198e-03	-1.306300e-04	-1.816350e-03	8.531961e-05	1.575762e-03	1.837022e-03	8.531961e-05	-8.531961e-05	7.962491e-04	4.428949e-03
191           	3.412827e-03	4.554793e-20	5.225256e-03	-1.306314e-04	-1.816390e-03	8.532068e-05	1.575782e-03	1.837045e-03	8.532068e-05	-8.532068e-05	7.962385e-04	4.429018e-03
192           	3.412865e-03	4.554918e-20	5.225411e-03	-1.306353e-04	-1.816641e-03	8.532163e-05	1.575797e-03	1.837068e-03	8.532163e-05	-8.532163e-05	7.960643e-04	4.429346e-03
193           	3.412876e-03	4.554928e-20	5.225600e-03	-1.306400e-04	-1.817021e-03	8.532189e-05	1.575798e-03	1.837078e-03	8.532189e-05	-8.532189e-05	7.957796e-04	4.429821e-03
194           	3.412867e-03	4.554939e-20	5.225760e-03	-1.306440e-04	-1.817371e-03	8.532168e-05	1.575790e-03	1.837078e-03	8.532168e-05	-8.532168e-05	7.955085e-04	4.430251e-03
195           	3.412843e-03	4.554913e-20	5.225843e-03	-1.306461e-04	-1.817593e-03	8.532107e-05	1.575775e-03	1.837067e-03	8.532107e-05	-8.532107e-05	7.953284e-04	4.430515e-03
196           	3.412810e-03	4.554862e-20	5.225836e-03	-1.306459e-04	-1.817641e-03	8.532024e-05	1.575759e-03	1.837051e-03	8.532024e-05	-8.532024e-05	7.952774e-04	4.430559e-03
197           	3.412775e-03	4.554734e-20	5.225735e-03	-1.306434e-04	-1.817496e-03	8.531937e-05	1.575744e-03	1.837031e-03	8.531937e-05	-8.531937e-05	7.953716e-04	4.430364e-03
198           	3.412755e-03	4.554656e-20	5.225577e-03	-1.306394e-04	-1.817201e-03	8.531887e-05	1.575738e-03	1.837017e-03	8.531887e-05	-8.531887e-05	7.955872e-04	4.429990e-03
199           	3.412753e-03	4.554662e-20	5.225422e-03	-1.306355e-04	-1.816878e-03	8.531883e-05	1.575741e-03	1.837012e-03	8.531883e-05	-8.531883e-05	7.958330e-04	4.429589e-03
200           	3.412770e-03	4.554673e-20	5.225321e-03	-1.306330e-04	-1.816634e-03	8.531925e-05	1.575752e-03	1.837018e-03	8.531925e-05	-8.531925e-05	7.960265e-04	4.429294e-03
201           	3.412796e-03	4.554713e-20	5.225296e-03	-1.306324e-04	-1.816531e-03	8.531991e-05	1.575766e-03	1.837031e-03	8.531991e-05	-8.531991e-05	7.961166e-04	4.429179e-03
202           	3.412827e-03	4.554808e-20	5.225351e-03	-1.306338e-04	-1.816588e-03	8.532067e-05	1.575780e-03	1.837047e-03	8.532067e-05	-8.532067e-05	7.960870e-04	4.429263e-03
203           	3.412852e-03	4.554892e-20	5.225468e-03	-1.306367e-04	-1.816787e-03	8.532130e-05	1.575789e-03	1.837063e-03	8.532130e-05	-8.532130e-05	7.959473e-04	4.429521e-03
204           	3.412856e-03	4.554894e-20	5.225602e-03	-1.306401e-04	-1.817061e-03	8.532141e-05	1.575788e-03	1.837068e-03	8.532141e-05	-8.532141e-05	7.957402e-04	4.429862e-03
205           	3.412848e-03	4.554896e-20	5.225708e-03	-1.306427e-04	-1.817299e-03	8.532119e-05	1.575781e-03	1.837066e-03	8.532119e-05	-8.532119e-05	7.955544e-04	4.430153e-03
206           	3.412829e-03	4.554870e-20	5.225756e-03	-1.306439e-04	-1.817438e-03	8.532072e-05	1.575770e-03	1.837058e-03	8.532072e-05	-8.532072e-05	7.954405e-04	4.430316e-03
207           	3.412805e-03	4.554833e-20	5.225742e-03	-1.306435e-04	-1.817452e-03	8.532013e-05	1.575759e-03	1.837046e-03	8.532013e-05	-8.532013e-05	7.954192e-04	4.430323e-03
208           	3.412780e-03	4.554730e-20	5.225662e-03	-1.306416e-04	-1.817332e-03	8.531951e-05	1.575749e-03	1.837032e-03	8.531951e-05	-8.531951e-05	7.954992e-04	4.430163e-03
209           	3.412768e-03	4.554682e-20	5.225549e-03	-1.306387e-04	-1.817117e-03	8.531920e-05	1.575745e-03	1.837023e-03	8.531920e-05	-8.531920e-05	7.956574e-04	4.429891e-03
210           	3.412769e-03	4.554691e-20	5.225444e-03	-1.306361e-04	-1.816895e-03	8.531923e-05	1.575749e-03	1.837021e-03	8.531923e-05	-8.531923e-05	7.958271e-04	4.429617e-03
211           	3.412782e-03	4.554702e-20	5.225380e-03	-1.306345e-04	-1.816737e-03	8.531955e-05	1.575757e-03	1.837026e-03	8.531955e-05	-8.531955e-05	7.959532e-04	4.429427e-03
212           	3.412801e-03	4.554732e-20	5.225370e-03	-1.306343e-04	-1.816679e-03	8.532003e-05	1.575766e-03	1.837035e-03	8.532003e-05	-8.532003e-05	7.960056e-04	4.429364e-03
213           	3.412823e-03	4.554816e-20	5.225418e-03	-1.306354e-04	-1.816738e-03	8.532058e-05	1.575776e-03	1.837047e-03	8.532058e-05	-8.532058e-05	7.959708e-04	4.429447e-03
214           	3.412837e-03	4.554868e-20	5.225507e-03	-1.306377e-04	-1.816897e-03	8.532094e-05	1.575781e-03	1.837056e-03	8.532094e-05	-8.532094e-05	7.958562e-04	4.429650e-03
215           	3.412839e-03	4.554863e-20	5.225597e-03	-1.306399e-04	-1.817085e-03	8.532098e-05	1.575780e-03	1.837060e-03	8.532098e-05	-8.532098e-05	7.957141e-04	4.429883e-03
216           	3.412832e-03	4.554860e-20	5.225664e-03	-1.306416e-04	-1.817237e-03	8.532081e-05	1.575775e-03	1.837058e-03	8.532081e-05	-8.532081e-05	7.955947e-04	4.430069e-03
217           	3.412819e-03	4.554839e-20	5.225689e-03	-1.306422e-04	-1.817316e-03	8.532047e-05	1.575767e-03	1.837052e-03	8.532047e-05	-8.532047e-05	7.955287e-04	4.430160e-03
218           	3.412801e-03	4.554789e-20	5.225669e-03	-1.306417e-04	-1.817307e-03	8.532002e-05	1.575759e-03	1.837042e-03	8.532002e-05	-8.532002e-05	7.955274e-04	4.430141e-03
219           	3.412785e-03	4.554736e-20	5.225607e-03	-1.306402e-04	-1.817208e-03	8.531962e-05	1.575752e-03	1.837033e-03	8.531962e-05	-8.531962e-05	7.955951e-04	4.430012e-03
220           	3.412778e-03	4.554708e-20	5.225527e-03	-1.306382e-04	-1.817052e-03	8.531946e-05	1.575751e-03	1.837027e-03	8.531946e-05	-8.531946e-05	7.957112e-04	4.429816e-03
221           	3.412782e-03	4.554716e-20	5.225459e-03	-1.306365e-04	-1.816904e-03	8.531954e-05	1.575754e-03	1.837027e-03	8.531954e-05	-8.531954e-05	7.958258e-04	4.429633e-03
222           	3.412791e-03	4.554727e-20	5.225422e-03	-1.306356e-04	-1.816808e-03	8.531978e-05	1.575760e-03	1.837031e-03	8.531978e-05	-8.531978e-05	7.959030e-04	4.429519e-03
223           	3.412805e-03	4.554750e-20	5.225423e-03	-1.306356e-04	-1.816784e-03	8.532012e-05	1.575767e-03	1.837038e-03	8.532012e-05	-8.532012e-05	7.959273e-04	4.429496e-03
224           	3.412820e-03	4.554817e-20	5.225464e-03	-1.306366e-04	-1.816840e-03	8.532050e-05	1.575773e-03	1.837047e-03	8.532050e-05	-8.532050e-05	7.958916e-04	4.429572e-03
225           	3.412829e-03	4.554848e-20	5.225528e-03	-1.306382e-04	-1.816959e-03	8.532072e-05	1.575776e-03	1.837053e-03	8.532072e-05	-8.532072e-05	7.958054e-04	4.429723e-03
226           	3.412830e-03	4.554843e-20	5.225592e-03	-1.306398e-04	-1.817090e-03	8.532075e-05	1.575775e-03	1.837055e-03	8.532075e-05	-8.532075e-05	7.957056e-04	4.429886e-03
227           	3.412823e-03	4.554839e-20	5.225634e-03	-1.306409e-04	-1.817192e-03	8.532058e-05	1.575771e-03	1.837052e-03	8.532058e-05	-8.532058e-05	7.956249e-04	4.430009e-03
228           	3.412812e-03	4.554822e-20	5.225646e-03	-1.306411e-04	-1.817237e-03	8.532031e-05	1.575765e-03	1.837047e-03	8.532031e-05	-8.532031e-05	7.955858e-04	4.430060e-03
229           	3.412799e-03	4.554779e-20	5.225624e-03	-1.306406e-04	-1.817216e-03	8.531999e-05	1.575759e-03	1.837040e-03	8.531999e-05	-8.531999e-05	7.955960e-04	4.430028e-03
230           	3.412789e-03	4.554743e-20	5.225576e-03	-1.306394e-04	-1.817135e-03	8.531972e-05	1.575755e-03	1.837034e-03	8.531972e-05	-8.531972e-05	7.956526e-04	4.429923e-03
231           	3.412787e-03	4.554742e-20	5.225520e-03	-1.306380e-04	-1.817023e-03	8.531967e-05	1.575755e-03	1.837031e-03	8.531967e-05	-8.531967e-05	7.957372e-04	4.429783e-03
232           	3.412790e-03	4.554740e-20	5.225476e-03	-1.306369e-04	-1.816924e-03	8.531975e-05	1.575758e-03	1.837032e-03	8.531975e-05	-8.531975e-05	7.958145e-04	4.429662e-03
233           	3.412797e-03	4.554749e-20	5.225454e-03	-1.306364e-04	-1.816864e-03	8.531994e-05	1.575762e-03	1.837035e-03	8.531994e-05	-8.531994e-05	7.958632e-04	4.429591e-03
234           	3.412807e-03	4.554764e-20	5.225459e-03	-1.306365e-04	-1.816856e-03	8.532018e-05	1.575767e-03	1.837040e-03	8.532018e-05	-8.532018e-05	7.958738e-04	4.429585e-03
235           	3.412817e-03	4.554804e-20	5.225491e-03	-1.306373e-04	-1.816903e-03	8.532043e-05	1.575771e-03	1.837046e-03	8.532043e-05	-8.532043e-05	7.958425e-04	4.429648e-03
236           	3.412822e-03	4.554825e-20	5.225537e-03	-1.306384e-04	-1.816990e-03	8.532056e-05	1.575773e-03	1.837050e-03	8.532056e-05	-8.532056e-05	7.957782e-04	4.429759e-03
237           	3.412822e-03	4.554821e-20	5.225581e-03	-1.306395e-04	-1.817082e-03	8.532055e-05	1.575772e-03	1.837051e-03	8.532055e-05	-8.532055e-05	7.957082e-04	4.429873e-03
238           	3.412817e-03	4.554817e-20	5.225607e-03	-1.306402e-04	-1.817148e-03	8.532042e-05	1.575768e-03	1.837049e-03	8.532042e-05	-8.532042e-05	7.956553e-04	4.429952e-03
239           	3.412809e-03	4.554805e-20	5.225612e-03	-1.306403e-04	-1.817173e-03	8.532023e-05	1.575764e-03	1.837045e-03	8.532023e-05	-8.532023e-05	7.956328e-04	4.429979e-03
240           	3.412800e-03	4.554772e-20	5.225593e-03	-1.306398e-04	-1.817150e-03	8.532000e-05	1.575760e-03	1.837040e-03	8.532000e-05	-8.532000e-05	7.956463e-04	4.429947e-03
241           	3.412794e-03	4.554750e-20	5.225557e-03	-1.306389e-04	-1.817085e-03	8.531985e-05	1.575758e-03	1.837036e-03	8.531985e-05	-8.531985e-05	7.956932e-04	4.429863e-03
242           	3.412793e-03	4.554751e-20	5.225519e-03	-1.306380e-04	-1.817007e-03	8.531982e-05	1.575759e-03	1.837034e-03	8.531982e-05	-8.531982e-05	7.957521e-04	4.429767e-03
243           	3.412796e-03	4.554752e-20	5.225491e-03	-1.306373e-04	-1.816943e-03	8.531989e-05	1.575761e-03	1.837035e-03	8.531989e-05	-8.531989e-05	7.958021e-04	4.429689e-03
244           	3.412801e-03	4.554761e-20	5.225479e-03	-1.306370e-04	-1.816909e-03	8.532003e-05	1.575764e-03	1.837038e-03	8.532003e-05	-8.532003e-05	7.958302e-04	4.429649e-03
245           	3.412808e-03	4.554772e-20	5.225487e-03	-1.306372e-04	-1.816912e-03	8.532020e-05	1.575767e-03	1.837041e-03	8.532020e-05	-8.532020e-05	7.958312e-04	4.429655e-03
246           	3.412815e-03	4.554804e-20	5.225512e-03	-1.306378e-04	-1.816952e-03	8.532037e-05	1.575770e-03	1.837045e-03	8.532037e-05	-8.532037e-05	7.958039e-04	4.429708e-03
247           	3.412818e-03	4.554816e-20	5.225545e-03	-1.306386e-04	-1.817016e-03	8.532044e-05	1.575770e-03	1.837047e-03	8.532044e-05	-8.532044e-05	7.957569e-04	4.429788e-03
248           	3.412816e-03	4.554812e-20	5.225573e-03	-1.306393e-04	-1.817076e-03	8.532041e-05	1.575769e-03	1.837048e-03	8.532041e-05	-8.532041e-05	7.957100e-04	4.429863e-03
249           	3.412813e-03	4.554807e-20	5.225588e-03	-1.306397e-04	-1.817116e-03	8.532031e-05	1.575767e-03	1.837046e-03	8.532031e-05	-8.532031e-05	7.956780e-04	4.429910e-03
250           	3.412807e-03	4.554798e-20	5.225588e-03	-1.306397e-04	-1.817127e-03	8.532018e-05	1.575764e-03	1.837043e-03	8.532018e-05	-8.532018e-05	7.956674e-04	4.429921e-03
251           	3.412801e-03	4.554771e-20	5.225572e-03	-1.306393e-04	-1.817104e-03	8.532002e-05	1.575761e-03	1.837040e-03	8.532002e-05	-8.532002e-05	7.956815e-04	4.429890e-03
252           	3.412797e-03	4.554757e-20	5.225545e-03	-1.306386e-04	-1.817056e-03	8.531993e-05	1.575760e-03	1.837037e-03	8.531993e-05	-8.531993e-05	7.957168e-04	4.429829e-03
253           	3.412797e-03	4.554760e-20	5.225520e-03	-1.306380e-04	-1.817003e-03	8.531993e-05	1.575761e-03	1.837037e-03	8.531993e-05	-8.531993e-05	7.957575e-04	4.429763e-03
254           	3.412799e-03	4.554761e-20	5.225503e-03	-1.306376e-04	-1.816961e-03	8.531999e-05	1.575762e-03	1.837037e-03	8.531999e-05	-8.531999e-05	7.957898e-04	4.429713e-03
255           	3.412803e-03	4.554768e-20	5.225497e-03	-1.306374e-04	-1.816943e-03	8.532009e-05	1.575764e-03	1.837039e-03	8.532009e-05	-8.532009e-05	7.958060e-04	4.429691e-03
256           	3.412809e-03	4.554783e-20	5.225505e-03	-1.306376e-04	-1.816949e-03	8.532021e-05	1.575767e-03	1.837042e-03	8.532021e-05	-8.532021e-05	7.958033e-04	4.429702e-03
257           	3.412813e-03	4.554798e-20	5.225524e-03	-1.306381e-04	-1.816980e-03	8.532032e-05	1.575768e-03	1.837045e-03	8.532032e-05	-8.532032e-05	7.957816e-04	4.429742e-03
258           	3.412814e-03	4.554798e-20	5.225546e-03	-1.306387e-04	-1.817026e-03	8.532035e-05	1.575768e-03	1.837046e-03	8.532035e-05	-8.532035e-05	7.957476e-04	4.429799e-03
259           	3.412813e-03	4.554800e-20	5.225565e-03	-1.306391e-04	-1.817066e-03	8.532032e-05	1.575767e-03	1.837046e-03	8.532032e-05	-8.532032e-05	7.957160e-04	4.429849e-03
260           	3.412810e-03	4.554796e-20	5.225574e-03	-1.306393e-04	-1.817091e-03	8.532025e-05	1.575766e-03	1.837044e-03	8.532025e-05	-8.532025e-05	7.956957e-04	4.429878e-03
261           	3.412806e-03	4.554790e-20	5.225572e-03	-1.306393e-04	-1.817095e-03	8.532015e-05	1.575764e-03	1.837042e-03	8.532015e-05	-8.532015e-05	7.956908e-04	4.429881e-03
262           	3.412802e-03	4.554775e-20	5.225560e-03	-1.306390e-04	-1.817077e-03	8.532004e-05	1.575762e-03	1.837040e-03	8.532004e-05	-8.532004e-05	7.957030e-04	4.429857e-03
263           	3.412800e-03	4.554766e-20	5.225541e-03	-1.306385e-04	-1.817041e-03	8.531999e-05	1.575761e-03	1.837038e-03	8.531999e-05	-8.531999e-05	7.957290e-04	4.429812e-03
264           	3.412800e-03	4.554767e-20	5.225523e-03	-1.306381e-04	-1.817003e-03	8.531999e-05	1.575762e-03	1.837038e-03	8.531999e-05	-8.531999e-05	7.957579e-04	4.429765e-03
265           	3.412802e-03	4.554768e-20	5.225511e-03	-1.306378e-04	-1.816976e-03	8.532004e-05	1.575763e-03	1.837039e-03	8.532004e-05	-8.532004e-05	7.957800e-04	4.429731e-03
266           	3.412805e-03	4.554773e-20	5.225509e-03	-1.306377e-04	-1.816965e-03	8.532012e-05	1.575765e-03	1.837040e-03	8.532012e-05	-8.532012e-05	7.957898e-04	4.429719e-03
267           	3.412809e-03	4.554786e-20	5.225516e-03	-1.306379e-04	-1.816973e-03	8.532021e-05	1.575766e-03	1.837042e-03	8.532021e-05	-8.532021e-05	7.957852e-04	4.429731e-03
268           	3.412811e-03	4.554795e-20	5.225531e-03	-1.306383e-04	-1.816999e-03	8.532028e-05	1.575767e-03	1.837044e-03	8.532028e-05	-8.532028e-05	7.957669e-04	4.429764e-03
269           	3.412812e-03	4.554795e-20	5.225547e-03	-1.306387e-04	-1.817031e-03	8.532029e-05	1.575767e-03	1.837044e-03	8.532029e-05	-8.532029e-05	7.957425e-04	4.429804e-03
270           	3.412811e-03	4.554795e-20	5.225558e-03	-1.306390e-04	-1.817058e-03	8.532026e-05	1.575766e-03	1.837044e-03	8.532026e-05	-8.532026e-05	7.957215e-04	4.429837e-03
271           	3.412808e-03	4.554791e-20	5.225563e-03	-1.306391e-04	-1.817073e-03	8.532021e-05	1.575765e-03	1.837043e-03	8.532021e-05	-8.532021e-05	7.957092e-04	4.429854e-03
272           	3.412806e-03	4.554787e-20	5.225561e-03	-1.306390e-04	-1.817072e-03	8.532014e-05	1.575764e-03	1.837042e-03	8.532014e-05	-8.532014e-05	7.957080e-04	4.429853e-03
273           	3.412803e-03	4.554774e-20	5.225551e-03	-1.306388e-04	-1.817057e-03	8.532007e-05	1.575763e-03	1.837040e-03	8.532007e-05	-8.532007e-05	7.957186e-04	4.429832e-03
274           	3.412801e-03	4.554769e-20	5.225537e-03	-1.306384e-04	-1.817031e-03	8.532003e-05	1.575762e-03	1.837039e-03	8.532003e-05	-8.532003e-05	7.957377e-04	4.429800e-03
275           	3.412802e-03	4.554771e-20	5.225526e-03	-1.306381e-04	-1.817006e-03	8.532004e-05	1.575763e-03	1.837039e-03	8.532004e-05	-8.532004e-05	7.957572e-04	4.429768e-03
276           	3.412803e-03	4.554772e-20	5.225519e-03	-1.306380e-04	-1.816989e-03	8.532008e-05	1.575764e-03	1.837040e-03	8.532008e-05	-8.532008e-05	7.957709e-04	4.429748e-03
277           	3.412806e-03	4.554776e-20	5.225518e-03	-1.306380e-04	-1.816983e-03	8.532014e-05	1.575765e-03	1.837041e-03	8.532014e-05	-8.532014e-05	7.957759e-04	4.429743e-03
278           	3.412808e-03	4.554787e-20	5.225525e-03	-1.306381e-04	-1.816992e-03	8.532020e-05	1.575766e-03	1.837042e-03	8.532020e-05	-8.532020e-05	7.957707e-04	4.429754e-03
279           	3.412810e-03	4.554792e-20	5.225536e-03	-1.306384e-04	-1.817011e-03	8.532024e-05	1.575766e-03	1.837043e-03	8.532024e-05	-8.532024e-05	7.957566e-04	4.429779e-03
280           	3.412810e-03	4.554792e-20	5.225546e-03	-1.306387e-04	-1.817033e-03	8.532025e-05	1.575766e-03	1.837044e-03	8.532025e-05	-8.532025e-05	7.957399e-04	4.429806e-03
281           	3.412809e-03	4.554791e-20	5.225554e-03	-1.306388e-04	-1.817050e-03	8.532022e-05	1.575766e-03	1.837043e-03	8.532022e-05	-8.532022e-05	7.957263e-04	4.429827e-03
282           	3.412807e-03	4.554788e-20	5.225556e-03	-1.306389e-04	-1.817059e-03	8.532018e-05	1.575765e-03	1.837043e-03	8.532018e-05	-8.532018e-05	7.957192e-04	4.429837e-03
283           	3.412805e-03	4.554782e-20	5.225553e-03	-1.306388e-04	-1.817057e-03	8.532013e-05	1.575764e-03	1.837041e-03	8.532013e-05	-8.532013e-05	7.957199e-04	4.429833e-03
284           	3.412803e-03	4.554776e-20	5.225546e-03	-1.306386e-04	-1.817044e-03	8.532008e-05	1.575763e-03	1.837040e-03	8.532008e-05	-8.532008e-05	7.957285e-04	4.429817e-03
285           	3.412803e-03	4.554776e-20	5.225536e-03	-1.306384e-04	-1.817026e-03	8.532007e-05	1.575763e-03	1.837040e-03	8.532007e-05	-8.532007e-05	7.957424e-04	4.429794e-03
286           	3.412803e-03	4.554775e-20	5.225529e-03	-1.306382e-04	-1.817009e-03	8.532008e-05	1.575763e-03	1.837040e-03	8.532008e-05	-8.532008e-05	7.957555e-04	4.429773e-03
287           	3.412804e-03	4.554777e-20	5.225525e-03	-1.306381e-04	-1.816998e-03	8.532011e-05	1.575764e-03	1.837040e-03	8.532011e-05	-8.532011e-05	7.957641e-04	4.429760e-03
288           	3.412806e-03	4.554779e-20	5.225525e-03	-1.306381e-04	-1.816996e-03	8.532015e-05	1.575765e-03	1.837041e-03	8.532015e-05	-8.532015e-05	7.957665e-04	4.429759e-03
289           	3.412808e-03	4.554785e-20	5.225530e-03	-1.306382e-04	-1.817003e-03	8.532019e-05	1.575766e-03	1.837042e-03	8.532019e-05	-8.532019e-05	7.957618e-04	4.429768e-03
290           	3.412809e-03	4.554789e-20	5.225538e-03	-1.306384e-04	-1.817018e-03	8.532022e-05	1.575766e-03	1.837043e-03	8.532022e-05	-8.532022e-05	7.957513e-04	4.429786e-03
291           	3.412809e-03	4.554789e-20	5.225545e-03	-1.306386e-04	-1.817033e-03	8.532022e-05	1.575766e-03	1.837043e-03	8.532022e-05	-8.532022e-05	7.957394e-04	4.429806e-03
292           	3.412808e-03	4.554788e-20	5.225550e-03	-1.306388e-04	-1.817045e-03	8.532020e-05	1.575765e-03	1.837043e-03	8.532020e-05	-8.532020e-05	7.957301e-04	4.429820e-03
293           	3.412807e-03	4.554786e-20	5.225551e-03	-1.306388e-04	-1.817050e-03	8.532017e-05	1.575765e-03	1.837042e-03	8.532017e-05	-8.532017e-05	7.957258e-04	4.429825e-03
294           	3.412805e-03	4.554781e-20	5.225548e-03	-1.306387e-04	-1.817047e-03	8.532013e-05	1.575764e-03	1.837041e-03	8.532013e-05	-8.532013e-05	7.957273e-04	4.429821e-03
295           	3.412804e-03	4.554777e-20	5.225543e-03	-1.306386e-04	-1.817037e-03	8.532010e-05	1.575763e-03	1.837041e-03	8.532010e-05	-8.532010e-05	7.957342e-04	4.429809e-03
296           	3.412804e-03	4.554777e-20	5.225536e-03	-1.306384e-04	-1.817024e-03	8.532009e-05	1.575763e-03	1.837040e-03	8.532009e-05	-8.532009e-05	7.957443e-04	4.429792e-03
297           	3.412804e-03	4.554777e-20	5.225531e-03	-1.306383e-04	-1.817012e-03	8.532010e-05	1.575764e-03	1.837040e-03	8.532010e-05	-8.532010e-05	7.957533e-04	4.429778e-03
298           	3.412805e-03	4.554778e-20	5.225529e-03	-1.306382e-04	-1.817006e-03	8.532013e-05	1.575764e-03	1.837041e-03	8.532013e-05	-8.532013e-05	7.957588e-04	4.429770e-03
299           	3.412806e-03	4.554780e-20	5.225529e-03	-1.306382e-04	-1.817005e-03	8.532016e-05	1.575765e-03	1.837041e-03	8.532016e-05	-8.532016e-05	7.957597e-04	4.429770e-03
300           	3.412807e-03	4.554785e-20	5.225533e-03	-1.306383e-04	-1.817011e-03	8.532019e-05	1.575765e-03	1.837042e-03	8.532019e-05	-8.532019e-05	7.957558e-04	4.429778e-03
301           	3.412808e-03	4.554788e-20	5.225539e-03	-1.306385e-04	-1.817021e-03	8.532020e-05	1.575766e-03	1.837042e-03	8.532020e-05	-8.532020e-05	7.957481e-04	4.429791e-03
302           	3.412808e-03	4.554787e-20	5.225544e-03	-1.306386e-04	-1.817032e-03	8.532020e-05	1.575765e-03	1.837043e-03	8.532020e-05	-8.532020e-05	7.957399e-04	4.429804e-03
303           	3.412807e-03	4.554787e-20	5.225547e-03	-1.306387e-04	-1.817040e-03	8.532018e-05	1.575765e-03	1.837042e-03	8.532018e-05	-8.532018e-05	7.957338e-04	4.429813e-03
304           	3.412806e-03	4.554785e-20	5.225547e-03	-1.306387e-04	-1.817042e-03	8.532016e-05	1.575765e-03	1.837042e-03	8.532016e-05	-8.532016e-05	7.957314e-04	4.429816e-03
305           	3.412805e-03	4.554781e-20	5.225545e-03	-1.306386e-04	-1.817039e-03	8.532013e-05	1.575764e-03	1.837041e-03	8.532013e-05	-8.532013e-05	7.957331e-04	4.429812e-03
306           	3.412805e-03	4.554778e-20	5.225541e-03	-1.306385e-04	-1.817032e-03	8.532012e-05	1.575764e-03	1.837041e-03	8.532012e-05	-8.532012e-05	7.957387e-04	4.429802e-03
307           	3.412805e-03	4.554779e-20	5.225536e-03	-1.306384e-04	-1.817022e-03	8.532011e-05	1.575764e-03	1.837041e-03	8.532011e-05	-8.532011e-05	7.957457e-04	4.429791e-03
308           	3.412805e-03	4.554779e-20	5.225533e-03	-1.306383e-04	-1.817015e-03	8.532012e-05	1.575764e-03	1.837041e-03	8.532012e-05	-8.532012e-05	7.957514e-04	4.429782e-03
309           	3.412806e-03	4.554780e-20	5.225532e-03	-1.306383e-04	-1.817011e-03	8.532014e-05	1.575764e-03	1.837041e-03	8.532014e-05	-8.532014e-05	7.957546e-04	4.429777e-03
310           	3.412806e-03	4.554782e-20	5.225533e-03	-1.306383e-04	-1.817012e-03	8.532016e-05	1.575765e-03	1.837042e-03	8.532016e-05	-8.532016e-05	7.957546e-04	4.429778e-03
311           	3.412807e-03	4.554785e-20	5.225536e-03	-1.306384e-04	-1.817017e-03	8.532018e-05	1.575765e-03	1.837042e-03	8.532018e-05	-8.532018e-05	7.957513e-04	4.429785e-03
312           	3.412807e-03	4.554786e-20	5.225540e-03	-1.306385e-04	-1.817024e-03	8.532019e-05	1.575765e-03	1.837042e-03	8.532019e-05	-8.532019e-05	7.957457e-04	4.429794e-03
313           	3.412807e-03	4.554786e-20	5.225543e-03	-1.306386e-04	-1.817031e-03	8.532018e-05	1.575765e-03	1.837042e-03	8.532018e-05	-8.532018e-05	7.957402e-04	4.429803e-03
314           	3.412807e-03	4.554785e-20	5.225545e-03	-1.306386e-04	-1.817036e-03	8.532017e-05	1.575765e-03	1.837042e-03	8.532017e-05	-8.532017e-05	7.957365e-04	4.429808e-03
315           	3.412806e-03	4.554784e-20	5.225545e-03	-1.306386e-04	-1.817037e-03	8.532015e-05	1.575764e-03	1.837042e-03	8.532015e-05	-8.532015e-05	7.957353e-04	4.429809e-03
316           	3.412805e-03	4.554781e-20	5.225543e-03	-1.306386e-04	-1.817034e-03	8.532014e-05	1.575764e-03	1.837041e-03	8.532014e-05	-8.532014e-05	7.957371e-04	4.429806e-03
