# Force coefficients
# dragDir     : (1.000000e+00 0.000000e+00 0.000000e+00)
# sideDir     : (0.000000e+00 0.000000e+00 -1.000000e+00)
# liftDir     : (0.000000e+00 1.000000e+00 0.000000e+00)
# rollAxis    : (1.000000e+00 0.000000e+00 0.000000e+00)
# pitchAxis   : (0.000000e+00 0.000000e+00 -1.000000e+00)
# yawAxis     : (0.000000e+00 1.000000e+00 0.000000e+00)
# magUInf     : 6.000000e-02
# lRef        : 1.000000e-01
# Aref        : 1.000000e-01
# CofR        : (0.000000e+00 0.000000e+00 0.000000e+00)
#
# Time        	Cd            	Cs            	Cl            	CmRoll        	CmPitch       	CmYaw         	Cd(f)         	Cd(r)         	Cs(f)         	Cs(r)         	Cl(f)         	Cl(r)         
1             	4.839777e-04	-6.516293e-20	-5.931150e-04	1.482787e-05	2.201027e-03	1.209944e-05	2.568167e-04	2.271610e-04	1.209944e-05	-1.209944e-05	1.904469e-03	-2.497584e-03
2             	2.310124e-03	-1.870260e-19	-2.422678e-03	6.056696e-05	9.574724e-03	5.775311e-05	1.215629e-03	1.094495e-03	5.775311e-05	-5.775311e-05	8.363385e-03	-1.078606e-02
3             	2.149955e-03	-1.443819e-19	-1.060516e-03	2.651290e-05	6.520344e-03	5.374888e-05	1.101491e-03	1.048465e-03	5.374888e-05	-5.374888e-05	5.990086e-03	-7.050602e-03
4             	1.493648e-03	-7.448720e-20	5.338902e-04	-1.334726e-05	1.965551e-03	3.734119e-05	7.334766e-04	7.601711e-04	3.734119e-05	-3.734119e-05	2.232496e-03	-1.698606e-03
5             	1.362167e-03	-5.550325e-21	3.906257e-04	-9.765642e-06	2.036184e-03	3.405417e-05	6.713177e-04	6.908490e-04	3.405417e-05	-3.405417e-05	2.231497e-03	-1.840871e-03
6             	1.442403e-03	4.043160e-20	-1.999456e-04	4.998641e-06	3.466368e-03	3.606008e-05	7.262002e-04	7.162029e-04	3.606008e-05	-3.606008e-05	3.366395e-03	-3.566340e-03
7             	1.583833e-03	5.532915e-20	-4.853370e-04	1.213343e-05	4.396411e-03	3.959582e-05	8.040498e-04	7.797830e-04	3.959582e-05	-3.959582e-05	4.153743e-03	-4.639080e-03
8             	1.729312e-03	5.276840e-20	-5.530135e-04	1.382534e-05	4.893682e-03	4.323281e-05	8.784815e-04	8.508308e-04	4.323281e-05	-4.323281e-05	4.617176e-03	-5.170189e-03
9             	1.779219e-03	4.418485e-20	-3.437921e-04	8.594803e-06	4.626006e-03	4.448047e-05	8.982043e-04	8.810147e-04	4.448047e-05	-4.448047e-05	4.454110e-03	-4.797902e-03
10            	1.760065e-03	3.605797e-20	-9.780057e-05	2.445014e-06	4.135729e-03	4.400164e-05	8.824777e-04	8.775877e-04	4.400164e-05	-4.400164e-05	4.086829e-03	-4.184629e-03
11            	1.730291e-03	3.187345e-20	5.539434e-05	-1.384859e-06	3.808077e-03	4.325728e-05	8.637607e-04	8.665304e-04	4.325728e-05	-4.325728e-05	3.835774e-03	-3.780380e-03
12            	1.706274e-03	3.098154e-20	1.428390e-04	-3.570974e-06	3.621234e-03	4.265685e-05	8.495660e-04	8.567079e-04	4.265685e-05	-4.265685e-05	3.692653e-03	-3.549814e-03
13            	1.689802e-03	3.136347e-20	1.937053e-04	-4.842631e-06	3.516209e-03	4.224506e-05	8.400586e-04	8.497438e-04	4.224506e-05	-4.224506e-05	3.613062e-03	-3.419356e-03
14            	1.678830e-03	3.255132e-20	2.302285e-04	-5.755712e-06	3.445114e-03	4.197075e-05	8.336593e-04	8.451707e-04	4.197075e-05	-4.197075e-05	3.560228e-03	-3.330000e-03
15            	1.668108e-03	3.410434e-20	2.709889e-04	-6.774724e-06	3.361234e-03	4.170271e-05	8.272795e-04	8.408289e-04	4.170271e-05	-4.170271e-05	3.496729e-03	-3.225740e-03
16            	1.657083e-03	3.546900e-20	3.162053e-04	-7.905132e-06	3.265549e-03	4.142707e-05	8.206363e-04	8.364465e-04	4.142707e-05	-4.142707e-05	3.423651e-03	-3.107446e-03
17            	1.645205e-03	3.620895e-20	3.698335e-04	-9.245838e-06	3.148825e-03	4.113012e-05	8.133566e-04	8.318483e-04	4.113012e-05	-4.113012e-05	3.333742e-03	-2.963908e-03
18            	1.630557e-03	3.632308e-20	4.321489e-04	-1.080372e-05	3.006741e-03	4.076392e-05	8.044747e-04	8.260821e-04	4.076392e-05	-4.076392e-05	3.222815e-03	-2.790667e-03
19            	1.617822e-03	3.622526e-20	5.103304e-04	-1.275826e-05	2.836496e-03	4.044555e-05	7.961528e-04	8.216693e-04	4.044555e-05	-4.044555e-05	3.091661e-03	-2.581331e-03
20            	1.601110e-03	3.566051e-20	5.890548e-04	-1.472637e-05	2.655890e-03	4.002774e-05	7.858285e-04	8.152812e-04	4.002774e-05	-4.002774e-05	2.950417e-03	-2.361363e-03
21            	1.586023e-03	3.487376e-20	6.598028e-04	-1.649507e-05	2.495974e-03	3.965056e-05	7.765162e-04	8.095064e-04	3.965056e-05	-3.965056e-05	2.825875e-03	-2.166072e-03
22            	1.574199e-03	3.401909e-20	7.299832e-04	-1.824958e-05	2.342905e-03	3.935497e-05	7.688498e-04	8.053490e-04	3.935497e-05	-3.935497e-05	2.707897e-03	-1.977914e-03
23            	1.564287e-03	3.333865e-20	7.984166e-04	-1.996041e-05	2.196542e-03	3.910717e-05	7.621830e-04	8.021039e-04	3.910717e-05	-3.910717e-05	2.595750e-03	-1.797334e-03
24            	1.556262e-03	3.272415e-20	8.649802e-04	-2.162451e-05	2.057167e-03	3.890655e-05	7.565065e-04	7.997555e-04	3.890655e-05	-3.890655e-05	2.489657e-03	-1.624677e-03
25            	1.549989e-03	3.215290e-20	9.298813e-04	-2.324703e-05	1.924115e-03	3.874974e-05	7.517477e-04	7.982418e-04	3.874974e-05	-3.874974e-05	2.389055e-03	-1.459174e-03
26            	1.544692e-03	3.166246e-20	9.944603e-04	-2.486151e-05	1.793007e-03	3.861730e-05	7.474845e-04	7.972075e-04	3.861730e-05	-3.861730e-05	2.290237e-03	-1.295777e-03
27            	1.539248e-03	3.120527e-20	1.058868e-03	-2.647170e-05	1.661202e-03	3.848121e-05	7.431525e-04	7.960959e-04	3.848121e-05	-3.848121e-05	2.190636e-03	-1.131769e-03
28            	1.533514e-03	3.074460e-20	1.121180e-03	-2.802951e-05	1.532280e-03	3.833785e-05	7.387275e-04	7.947865e-04	3.833785e-05	-3.833785e-05	2.092870e-03	-9.716899e-04
29            	1.528172e-03	3.027829e-20	1.179418e-03	-2.948546e-05	1.411592e-03	3.820431e-05	7.346007e-04	7.935716e-04	3.820431e-05	-3.820431e-05	2.001301e-03	-8.218825e-04
30            	1.523735e-03	2.981072e-20	1.233093e-03	-3.082733e-05	1.301219e-03	3.809337e-05	7.310400e-04	7.926946e-04	3.809337e-05	-3.809337e-05	1.917765e-03	-6.846721e-04
31            	1.520364e-03	2.933853e-20	1.281904e-03	-3.204760e-05	1.202125e-03	3.800911e-05	7.281345e-04	7.922297e-04	3.800911e-05	-3.800911e-05	1.843077e-03	-5.611727e-04
32            	1.518113e-03	2.889447e-20	1.326311e-03	-3.315779e-05	1.113588e-03	3.795284e-05	7.258989e-04	7.922145e-04	3.795284e-05	-3.795284e-05	1.776744e-03	-4.504321e-04
33            	1.516829e-03	2.849614e-20	1.366300e-03	-3.415749e-05	1.035313e-03	3.792072e-05	7.242569e-04	7.925719e-04	3.792072e-05	-3.792072e-05	1.718463e-03	-3.521629e-04
34            	1.516301e-03	2.814877e-20	1.401993e-03	-3.504983e-05	9.666629e-04	3.790751e-05	7.231005e-04	7.932001e-04	3.790751e-05	-3.790751e-05	1.667659e-03	-2.656664e-04
35            	1.516289e-03	2.787392e-20	1.434061e-03	-3.585152e-05	9.058269e-04	3.790722e-05	7.222928e-04	7.939958e-04	3.790722e-05	-3.790722e-05	1.622857e-03	-1.887965e-04
36            	1.516446e-03	2.762715e-20	1.457269e-03	-3.643172e-05	8.622885e-04	3.791114e-05	7.217911e-04	7.946546e-04	3.791114e-05	-3.791114e-05	1.590923e-03	-1.336541e-04
37            	1.517459e-03	2.742687e-20	1.478416e-03	-3.696039e-05	8.243928e-04	3.793647e-05	7.217690e-04	7.956898e-04	3.793647e-05	-3.793647e-05	1.563601e-03	-8.518499e-05
38            	1.518117e-03	2.724816e-20	1.498896e-03	-3.747239e-05	7.863429e-04	3.795293e-05	7.215862e-04	7.965310e-04	3.795293e-05	-3.795293e-05	1.535791e-03	-3.689497e-05
39            	1.518391e-03	2.711898e-20	1.517623e-03	-3.794056e-05	7.507386e-04	3.795979e-05	7.212551e-04	7.971363e-04	3.795979e-05	-3.795979e-05	1.509550e-03	8.072698e-06
40            	1.518556e-03	2.699399e-20	1.532700e-03	-3.831750e-05	7.218771e-04	3.796389e-05	7.209603e-04	7.975953e-04	3.796389e-05	-3.796389e-05	1.488227e-03	4.447282e-05
41            	1.518914e-03	2.687700e-20	1.545146e-03	-3.862865e-05	6.984737e-04	3.797284e-05	7.208281e-04	7.980854e-04	3.797284e-05	-3.797284e-05	1.471047e-03	7.409934e-05
42            	1.519277e-03	2.677843e-20	1.555686e-03	-3.889215e-05	6.787004e-04	3.798194e-05	7.207466e-04	7.985309e-04	3.798194e-05	-3.798194e-05	1.456543e-03	9.914262e-05
43            	1.519624e-03	2.669487e-20	1.564373e-03	-3.910931e-05	6.624190e-04	3.799060e-05	7.207027e-04	7.989213e-04	3.799060e-05	-3.799060e-05	1.444605e-03	1.197673e-04
44            	1.519936e-03	2.662615e-20	1.571434e-03	-3.928586e-05	6.491935e-04	3.799840e-05	7.206822e-04	7.992539e-04	3.799840e-05	-3.799840e-05	1.434911e-03	1.365236e-04
45            	1.520159e-03	2.656793e-20	1.577393e-03	-3.943483e-05	6.378806e-04	3.800397e-05	7.206446e-04	7.995143e-04	3.800397e-05	-3.800397e-05	1.426577e-03	1.508159e-04
46            	1.520259e-03	2.651589e-20	1.582371e-03	-3.955926e-05	6.281351e-04	3.800648e-05	7.205703e-04	7.996888e-04	3.800648e-05	-3.800648e-05	1.419320e-03	1.630502e-04
47            	1.520243e-03	2.645859e-20	1.586315e-03	-3.965788e-05	6.200934e-04	3.800606e-05	7.204634e-04	7.997792e-04	3.800606e-05	-3.800606e-05	1.413251e-03	1.730642e-04
48            	1.520112e-03	2.639892e-20	1.589418e-03	-3.973546e-05	6.134039e-04	3.800280e-05	7.203206e-04	7.997916e-04	3.800280e-05	-3.800280e-05	1.408113e-03	1.813053e-04
49            	1.519872e-03	2.634129e-20	1.591927e-03	-3.979817e-05	6.076039e-04	3.799679e-05	7.201376e-04	7.997340e-04	3.799679e-05	-3.799679e-05	1.403567e-03	1.883596e-04
50            	1.519589e-03	2.628867e-20	1.593642e-03	-3.984106e-05	6.032626e-04	3.798972e-05	7.199534e-04	7.996355e-04	3.798972e-05	-3.798972e-05	1.400084e-03	1.935587e-04
51            	1.519291e-03	2.624175e-20	1.594867e-03	-3.987167e-05	5.998283e-04	3.798229e-05	7.197741e-04	7.995174e-04	3.798229e-05	-3.798229e-05	1.397262e-03	1.976050e-04
52            	1.519015e-03	2.621085e-20	1.595557e-03	-3.988893e-05	5.974707e-04	3.797539e-05	7.196188e-04	7.993967e-04	3.797539e-05	-3.797539e-05	1.395249e-03	2.003079e-04
53            	1.518774e-03	2.618899e-20	1.595766e-03	-3.989415e-05	5.961268e-04	3.796936e-05	7.194930e-04	7.992813e-04	3.796936e-05	-3.796936e-05	1.394010e-03	2.017562e-04
54            	1.518569e-03	2.617129e-20	1.595575e-03	-3.988937e-05	5.956488e-04	3.796423e-05	7.193952e-04	7.991740e-04	3.796423e-05	-3.796423e-05	1.393436e-03	2.021386e-04
55            	1.518394e-03	2.615737e-20	1.595101e-03	-3.987753e-05	5.957983e-04	3.795986e-05	7.193197e-04	7.990747e-04	3.795986e-05	-3.795986e-05	1.393349e-03	2.017523e-04
56            	1.518234e-03	2.614660e-20	1.594452e-03	-3.986129e-05	5.963334e-04	3.795586e-05	7.192559e-04	7.989785e-04	3.795586e-05	-3.795586e-05	1.393559e-03	2.008923e-04
57            	1.518076e-03	2.613808e-20	1.593696e-03	-3.984241e-05	5.970870e-04	3.795189e-05	7.191955e-04	7.988803e-04	3.795189e-05	-3.795189e-05	1.393935e-03	1.997611e-04
58            	1.517921e-03	2.613108e-20	1.592854e-03	-3.982135e-05	5.980257e-04	3.794803e-05	7.191392e-04	7.987819e-04	3.794803e-05	-3.794803e-05	1.394453e-03	1.984012e-04
59            	1.517765e-03	2.612516e-20	1.591955e-03	-3.979888e-05	5.990791e-04	3.794414e-05	7.190838e-04	7.986816e-04	3.794414e-05	-3.794414e-05	1.395057e-03	1.968984e-04
60            	1.517608e-03	2.612035e-20	1.590980e-03	-3.977451e-05	6.002885e-04	3.794020e-05	7.190295e-04	7.985785e-04	3.794020e-05	-3.794020e-05	1.395779e-03	1.952017e-04
61            	1.517463e-03	2.611704e-20	1.589927e-03	-3.974818e-05	6.016956e-04	3.793657e-05	7.189832e-04	7.984796e-04	3.793657e-05	-3.793657e-05	1.396659e-03	1.932680e-04
62            	1.517328e-03	2.611532e-20	1.588829e-03	-3.972073e-05	6.032351e-04	3.793321e-05	7.189435e-04	7.983850e-04	3.793321e-05	-3.793321e-05	1.397650e-03	1.911796e-04
63            	1.517205e-03	2.611544e-20	1.587698e-03	-3.969245e-05	6.048869e-04	3.793013e-05	7.189101e-04	7.982950e-04	3.793013e-05	-3.793013e-05	1.398736e-03	1.889620e-04
64            	1.517092e-03	2.611754e-20	1.586541e-03	-3.966351e-05	6.066331e-04	3.792731e-05	7.188826e-04	7.982096e-04	3.792731e-05	-3.792731e-05	1.399903e-03	1.866371e-04
65            	1.516969e-03	2.612314e-20	1.585441e-03	-3.963603e-05	6.082630e-04	3.792423e-05	7.188486e-04	7.981206e-04	3.792423e-05	-3.792423e-05	1.400984e-03	1.844576e-04
66            	1.516846e-03	2.612827e-20	1.584340e-03	-3.960851e-05	6.099134e-04	3.792115e-05	7.188144e-04	7.980315e-04	3.792115e-05	-3.792115e-05	1.402084e-03	1.822568e-04
67            	1.516737e-03	2.613256e-20	1.583246e-03	-3.958116e-05	6.115927e-04	3.791844e-05	7.187876e-04	7.979499e-04	3.791844e-05	-3.791844e-05	1.403216e-03	1.800305e-04
68            	1.516650e-03	2.613714e-20	1.582153e-03	-3.955383e-05	6.133225e-04	3.791626e-05	7.187713e-04	7.978789e-04	3.791626e-05	-3.791626e-05	1.404399e-03	1.777542e-04
69            	1.516557e-03	2.614152e-20	1.581117e-03	-3.952793e-05	6.149413e-04	3.791393e-05	7.187507e-04	7.978066e-04	3.791393e-05	-3.791393e-05	1.405500e-03	1.756174e-04
70            	1.516455e-03	2.614541e-20	1.580126e-03	-3.950315e-05	6.164617e-04	3.791137e-05	7.187242e-04	7.977305e-04	3.791137e-05	-3.791137e-05	1.406525e-03	1.736014e-04
71            	1.516350e-03	2.614879e-20	1.579148e-03	-3.947871e-05	6.179642e-04	3.790876e-05	7.186964e-04	7.976538e-04	3.790876e-05	-3.790876e-05	1.407538e-03	1.716100e-04
72            	1.516250e-03	2.615178e-20	1.578176e-03	-3.945441e-05	6.194770e-04	3.790625e-05	7.186706e-04	7.975794e-04	3.790625e-05	-3.790625e-05	1.408565e-03	1.696112e-04
73            	1.516161e-03	2.615180e-20	1.577188e-03	-3.942970e-05	6.210543e-04	3.790402e-05	7.186507e-04	7.975101e-04	3.790402e-05	-3.790402e-05	1.409648e-03	1.675397e-04
74            	1.516092e-03	2.614929e-20	1.576185e-03	-3.940464e-05	6.227122e-04	3.790231e-05	7.186415e-04	7.974507e-04	3.790231e-05	-3.790231e-05	1.410805e-03	1.653806e-04
75            	1.516056e-03	2.614498e-20	1.575176e-03	-3.937940e-05	6.244597e-04	3.790140e-05	7.186486e-04	7.974074e-04	3.790140e-05	-3.790140e-05	1.412048e-03	1.631284e-04
76            	1.516033e-03	2.614103e-20	1.574227e-03	-3.935567e-05	6.261251e-04	3.790082e-05	7.186607e-04	7.973720e-04	3.790082e-05	-3.790082e-05	1.413238e-03	1.609883e-04
77            	1.516004e-03	2.613854e-20	1.573345e-03	-3.933363e-05	6.276556e-04	3.790010e-05	7.186684e-04	7.973356e-04	3.790010e-05	-3.790010e-05	1.414328e-03	1.590169e-04
78            	1.515979e-03	2.613842e-20	1.572494e-03	-3.931235e-05	6.291421e-04	3.789947e-05	7.186770e-04	7.973017e-04	3.789947e-05	-3.789947e-05	1.415389e-03	1.571049e-04
79            	1.515943e-03	2.614100e-20	1.571705e-03	-3.929263e-05	6.304932e-04	3.789857e-05	7.186788e-04	7.972641e-04	3.789857e-05	-3.789857e-05	1.416346e-03	1.553593e-04
80            	1.515918e-03	2.614266e-20	1.570916e-03	-3.927289e-05	6.318747e-04	3.789794e-05	7.186860e-04	7.972318e-04	3.789794e-05	-3.789794e-05	1.417333e-03	1.535832e-04
81            	1.515906e-03	2.614370e-20	1.570137e-03	-3.925343e-05	6.332705e-04	3.789765e-05	7.186996e-04	7.972065e-04	3.789765e-05	-3.789765e-05	1.418339e-03	1.517981e-04
82            	1.515899e-03	2.614550e-20	1.569382e-03	-3.923455e-05	6.346381e-04	3.789748e-05	7.187151e-04	7.971842e-04	3.789748e-05	-3.789748e-05	1.419329e-03	1.500530e-04
83            	1.515891e-03	2.614936e-20	1.568661e-03	-3.921653e-05	6.359408e-04	3.789727e-05	7.187288e-04	7.971619e-04	3.789727e-05	-3.789727e-05	1.420271e-03	1.483898e-04
84            	1.515882e-03	2.615426e-20	1.567962e-03	-3.919905e-05	6.372058e-04	3.789704e-05	7.187418e-04	7.971399e-04	3.789704e-05	-3.789704e-05	1.421187e-03	1.467752e-04
85            	1.515875e-03	2.615927e-20	1.567279e-03	-3.918197e-05	6.384508e-04	3.789689e-05	7.187558e-04	7.971197e-04	3.789689e-05	-3.789689e-05	1.422090e-03	1.451886e-04
86            	1.515863e-03	2.616563e-20	1.566617e-03	-3.916542e-05	6.396442e-04	3.789656e-05	7.187659e-04	7.970967e-04	3.789656e-05	-3.789656e-05	1.422953e-03	1.436641e-04
87            	1.515847e-03	2.617240e-20	1.565989e-03	-3.914972e-05	6.407688e-04	3.789617e-05	7.187737e-04	7.970731e-04	3.789617e-05	-3.789617e-05	1.423763e-03	1.422255e-04
88            	1.515835e-03	2.617765e-20	1.565368e-03	-3.913421e-05	6.418901e-04	3.789588e-05	7.187834e-04	7.970518e-04	3.789588e-05	-3.789588e-05	1.424574e-03	1.407941e-04
89            	1.515834e-03	2.618226e-20	1.564754e-03	-3.911885e-05	6.430277e-04	3.789584e-05	7.187979e-04	7.970356e-04	3.789584e-05	-3.789584e-05	1.425405e-03	1.393493e-04
90            	1.515835e-03	2.618653e-20	1.564176e-03	-3.910440e-05	6.441053e-04	3.789587e-05	7.188130e-04	7.970218e-04	3.789587e-05	-3.789587e-05	1.426193e-03	1.379828e-04
91            	1.515835e-03	2.619046e-20	1.563637e-03	-3.909094e-05	6.451057e-04	3.789588e-05	7.188266e-04	7.970084e-04	3.789588e-05	-3.789588e-05	1.426924e-03	1.367131e-04
92            	1.515834e-03	2.619421e-20	1.563124e-03	-3.907810e-05	6.460595e-04	3.789586e-05	7.188391e-04	7.969953e-04	3.789586e-05	-3.789586e-05	1.427621e-03	1.355025e-04
93            	1.515834e-03	2.619791e-20	1.562635e-03	-3.906587e-05	6.469708e-04	3.789586e-05	7.188513e-04	7.969830e-04	3.789586e-05	-3.789586e-05	1.428288e-03	1.343466e-04
94            	1.515835e-03	2.620163e-20	1.562173e-03	-3.905432e-05	6.478349e-04	3.789587e-05	7.188630e-04	7.969716e-04	3.789587e-05	-3.789587e-05	1.428921e-03	1.332515e-04
95            	1.515835e-03	2.620535e-20	1.561741e-03	-3.904354e-05	6.486403e-04	3.789586e-05	7.188737e-04	7.969608e-04	3.789586e-05	-3.789586e-05	1.429511e-03	1.322304e-04
96            	1.515835e-03	2.620894e-20	1.561332e-03	-3.903330e-05	6.494081e-04	3.789588e-05	7.188843e-04	7.969509e-04	3.789588e-05	-3.789588e-05	1.430074e-03	1.312580e-04
97            	1.515836e-03	2.621264e-20	1.560948e-03	-3.902371e-05	6.501301e-04	3.789591e-05	7.188944e-04	7.969418e-04	3.789591e-05	-3.789591e-05	1.430604e-03	1.303440e-04
98            	1.515840e-03	2.621633e-20	1.560586e-03	-3.901465e-05	6.508191e-04	3.789600e-05	7.189054e-04	7.969347e-04	3.789600e-05	-3.789600e-05	1.431112e-03	1.294739e-04
99            	1.515847e-03	2.621945e-20	1.560246e-03	-3.900614e-05	6.514748e-04	3.789617e-05	7.189174e-04	7.969296e-04	3.789617e-05	-3.789617e-05	1.431598e-03	1.286480e-04
100           	1.515856e-03	2.622225e-20	1.559925e-03	-3.899814e-05	6.520966e-04	3.789639e-05	7.189297e-04	7.969259e-04	3.789639e-05	-3.789639e-05	1.432059e-03	1.278662e-04
101           	1.515864e-03	2.622490e-20	1.559627e-03	-3.899069e-05	6.526752e-04	3.789659e-05	7.189411e-04	7.969225e-04	3.789659e-05	-3.789659e-05	1.432489e-03	1.271385e-04
102           	1.515870e-03	2.622740e-20	1.559349e-03	-3.898373e-05	6.532141e-04	3.789676e-05	7.189515e-04	7.969189e-04	3.789676e-05	-3.789676e-05	1.432889e-03	1.264605e-04
103           	1.515877e-03	2.622975e-20	1.559088e-03	-3.897721e-05	6.537197e-04	3.789691e-05	7.189611e-04	7.969155e-04	3.789691e-05	-3.789691e-05	1.433264e-03	1.258244e-04
104           	1.515882e-03	2.623197e-20	1.558843e-03	-3.897108e-05	6.541946e-04	3.789705e-05	7.189699e-04	7.969121e-04	3.789705e-05	-3.789705e-05	1.433616e-03	1.252269e-04
105           	1.515887e-03	2.623403e-20	1.558611e-03	-3.896527e-05	6.546449e-04	3.789717e-05	7.189782e-04	7.969087e-04	3.789717e-05	-3.789717e-05	1.433950e-03	1.246605e-04
106           	1.515892e-03	2.623597e-20	1.558390e-03	-3.895974e-05	6.550760e-04	3.789731e-05	7.189864e-04	7.969059e-04	3.789731e-05	-3.789731e-05	1.434271e-03	1.241188e-04
107           	1.515900e-03	2.623729e-20	1.558173e-03	-3.895433e-05	6.555027e-04	3.789749e-05	7.189954e-04	7.969041e-04	3.789749e-05	-3.789749e-05	1.434589e-03	1.235840e-04
108           	1.515909e-03	2.623832e-20	1.557970e-03	-3.894926e-05	6.559092e-04	3.789772e-05	7.190052e-04	7.969037e-04	3.789772e-05	-3.789772e-05	1.434894e-03	1.230761e-04
109           	1.515918e-03	2.623931e-20	1.557786e-03	-3.894465e-05	6.562787e-04	3.789794e-05	7.190142e-04	7.969035e-04	3.789794e-05	-3.789794e-05	1.435172e-03	1.226144e-04
110           	1.515927e-03	2.624051e-20	1.557610e-03	-3.894025e-05	6.566354e-04	3.789818e-05	7.190234e-04	7.969040e-04	3.789818e-05	-3.789818e-05	1.435441e-03	1.221697e-04
111           	1.515937e-03	2.624171e-20	1.557448e-03	-3.893620e-05	6.569665e-04	3.789843e-05	7.190324e-04	7.969048e-04	3.789843e-05	-3.789843e-05	1.435690e-03	1.217574e-04
112           	1.515946e-03	2.624270e-20	1.557299e-03	-3.893248e-05	6.572685e-04	3.789864e-05	7.190404e-04	7.969054e-04	3.789864e-05	-3.789864e-05	1.435918e-03	1.213811e-04
113           	1.515953e-03	2.624363e-20	1.557162e-03	-3.892906e-05	6.575471e-04	3.789884e-05	7.190477e-04	7.969058e-04	3.789884e-05	-3.789884e-05	1.436128e-03	1.210340e-04
114           	1.515960e-03	2.624445e-20	1.557036e-03	-3.892591e-05	6.578016e-04	3.789899e-05	7.190540e-04	7.969058e-04	3.789899e-05	-3.789899e-05	1.436320e-03	1.207165e-04
115           	1.515965e-03	2.624523e-20	1.556920e-03	-3.892300e-05	6.580374e-04	3.789914e-05	7.190597e-04	7.969057e-04	3.789914e-05	-3.789914e-05	1.436497e-03	1.204225e-04
116           	1.515970e-03	2.624591e-20	1.556812e-03	-3.892031e-05	6.582534e-04	3.789924e-05	7.190646e-04	7.969052e-04	3.789924e-05	-3.789924e-05	1.436660e-03	1.201529e-04
117           	1.515974e-03	2.624650e-20	1.556712e-03	-3.891780e-05	6.584559e-04	3.789935e-05	7.190692e-04	7.969048e-04	3.789935e-05	-3.789935e-05	1.436812e-03	1.199001e-04
118           	1.515978e-03	2.624699e-20	1.556619e-03	-3.891549e-05	6.586438e-04	3.789945e-05	7.190735e-04	7.969045e-04	3.789945e-05	-3.789945e-05	1.436953e-03	1.196660e-04
119           	1.515982e-03	2.624745e-20	1.556534e-03	-3.891336e-05	6.588168e-04	3.789954e-05	7.190774e-04	7.969041e-04	3.789954e-05	-3.789954e-05	1.437084e-03	1.194503e-04
120           	1.515985e-03	2.624790e-20	1.556456e-03	-3.891141e-05	6.589755e-04	3.789962e-05	7.190810e-04	7.969038e-04	3.789962e-05	-3.789962e-05	1.437204e-03	1.192527e-04
121           	1.515988e-03	2.624835e-20	1.556386e-03	-3.890965e-05	6.591192e-04	3.789970e-05	7.190843e-04	7.969036e-04	3.789970e-05	-3.789970e-05	1.437312e-03	1.190737e-04
122           	1.515990e-03	2.624876e-20	1.556323e-03	-3.890809e-05	6.592470e-04	3.789976e-05	7.190871e-04	7.969033e-04	3.789976e-05	-3.789976e-05	1.437409e-03	1.189147e-04
123           	1.515992e-03	2.624917e-20	1.556269e-03	-3.890673e-05	6.593561e-04	3.789979e-05	7.190891e-04	7.969025e-04	3.789979e-05	-3.789979e-05	1.437491e-03	1.187784e-04
124           	1.515992e-03	2.624953e-20	1.556222e-03	-3.890554e-05	6.594505e-04	3.789980e-05	7.190904e-04	7.969015e-04	3.789980e-05	-3.789980e-05	1.437561e-03	1.186603e-04
125           	1.515992e-03	2.624982e-20	1.556180e-03	-3.890450e-05	6.595337e-04	3.789980e-05	7.190916e-04	7.969006e-04	3.789980e-05	-3.789980e-05	1.437624e-03	1.185563e-04
126           	1.515994e-03	2.624991e-20	1.556143e-03	-3.890357e-05	6.596103e-04	3.789984e-05	7.190933e-04	7.969004e-04	3.789984e-05	-3.789984e-05	1.437682e-03	1.184610e-04
127           	1.515995e-03	2.625009e-20	1.556113e-03	-3.890282e-05	6.596718e-04	3.789986e-05	7.190945e-04	7.969001e-04	3.789986e-05	-3.789986e-05	1.437728e-03	1.183845e-04
128           	1.515994e-03	2.625032e-20	1.556087e-03	-3.890216e-05	6.597240e-04	3.789986e-05	7.190951e-04	7.968994e-04	3.789986e-05	-3.789986e-05	1.437767e-03	1.183193e-04
129           	1.515993e-03	2.625050e-20	1.556064e-03	-3.890160e-05	6.597668e-04	3.789982e-05	7.190948e-04	7.968980e-04	3.789982e-05	-3.789982e-05	1.437799e-03	1.182652e-04
130           	1.515992e-03	2.625063e-20	1.556044e-03	-3.890110e-05	6.598072e-04	3.789981e-05	7.190951e-04	7.968973e-04	3.789981e-05	-3.789981e-05	1.437829e-03	1.182148e-04
131           	1.515993e-03	2.625076e-20	1.556027e-03	-3.890068e-05	6.598429e-04	3.789982e-05	7.190958e-04	7.968972e-04	3.789982e-05	-3.789982e-05	1.437857e-03	1.181707e-04
132           	1.515994e-03	2.625087e-20	1.556014e-03	-3.890034e-05	6.598735e-04	3.789984e-05	7.190965e-04	7.968972e-04	3.789984e-05	-3.789984e-05	1.437880e-03	1.181333e-04
133           	1.515995e-03	2.625097e-20	1.556003e-03	-3.890007e-05	6.598983e-04	3.789986e-05	7.190972e-04	7.968974e-04	3.789986e-05	-3.789986e-05	1.437900e-03	1.181031e-04
134           	1.515996e-03	2.625106e-20	1.555995e-03	-3.889986e-05	6.599186e-04	3.789989e-05	7.190979e-04	7.968976e-04	3.789989e-05	-3.789989e-05	1.437916e-03	1.180787e-04
135           	1.515996e-03	2.625126e-20	1.555990e-03	-3.889974e-05	6.599319e-04	3.789991e-05	7.190984e-04	7.968979e-04	3.789991e-05	-3.789991e-05	1.437927e-03	1.180629e-04
136           	1.515996e-03	2.625155e-20	1.555987e-03	-3.889969e-05	6.599385e-04	3.789991e-05	7.190986e-04	7.968979e-04	3.789991e-05	-3.789991e-05	1.437932e-03	1.180552e-04
137           	1.515996e-03	2.625188e-20	1.555988e-03	-3.889969e-05	6.599405e-04	3.789991e-05	7.190985e-04	7.968979e-04	3.789991e-05	-3.789991e-05	1.437934e-03	1.180533e-04
138           	1.515996e-03	2.625221e-20	1.555989e-03	-3.889973e-05	6.599391e-04	3.789991e-05	7.190985e-04	7.968979e-04	3.789991e-05	-3.789991e-05	1.437934e-03	1.180555e-04
139           	1.515996e-03	2.625250e-20	1.555993e-03	-3.889982e-05	6.599333e-04	3.789990e-05	7.190982e-04	7.968978e-04	3.789990e-05	-3.789990e-05	1.437930e-03	1.180632e-04
140           	1.515996e-03	2.625270e-20	1.555996e-03	-3.889990e-05	6.599297e-04	3.789991e-05	7.190982e-04	7.968980e-04	3.789991e-05	-3.789991e-05	1.437928e-03	1.180684e-04
141           	1.515997e-03	2.625285e-20	1.556000e-03	-3.890000e-05	6.599261e-04	3.789992e-05	7.190984e-04	7.968984e-04	3.789992e-05	-3.789992e-05	1.437926e-03	1.180739e-04
142           	1.515998e-03	2.625299e-20	1.556005e-03	-3.890012e-05	6.599205e-04	3.789994e-05	7.190987e-04	7.968989e-04	3.789994e-05	-3.789994e-05	1.437923e-03	1.180818e-04
143           	1.515998e-03	2.625311e-20	1.556010e-03	-3.890025e-05	6.599135e-04	3.789996e-05	7.190990e-04	7.968995e-04	3.789996e-05	-3.789996e-05	1.437919e-03	1.180916e-04
144           	1.515999e-03	2.625320e-20	1.556016e-03	-3.890040e-05	6.599053e-04	3.789998e-05	7.190992e-04	7.969000e-04	3.789998e-05	-3.789998e-05	1.437913e-03	1.181027e-04
145           	1.516000e-03	2.625327e-20	1.556022e-03	-3.890056e-05	6.598964e-04	3.790000e-05	7.190994e-04	7.969005e-04	3.790000e-05	-3.790000e-05	1.437908e-03	1.181148e-04
146           	1.516001e-03	2.625333e-20	1.556029e-03	-3.890073e-05	6.598865e-04	3.790001e-05	7.190996e-04	7.969010e-04	3.790001e-05	-3.790001e-05	1.437901e-03	1.181281e-04
147           	1.516001e-03	2.625337e-20	1.556036e-03	-3.890091e-05	6.598754e-04	3.790003e-05	7.190996e-04	7.969015e-04	3.790003e-05	-3.790003e-05	1.437894e-03	1.181427e-04
148           	1.516002e-03	2.625340e-20	1.556043e-03	-3.890109e-05	6.598641e-04	3.790004e-05	7.190997e-04	7.969019e-04	3.790004e-05	-3.790004e-05	1.437886e-03	1.181576e-04
149           	1.516002e-03	2.625341e-20	1.556051e-03	-3.890127e-05	6.598523e-04	3.790005e-05	7.190998e-04	7.969023e-04	3.790005e-05	-3.790005e-05	1.437878e-03	1.181731e-04
150           	1.516002e-03	2.625342e-20	1.556058e-03	-3.890145e-05	6.598402e-04	3.790006e-05	7.190998e-04	7.969027e-04	3.790006e-05	-3.790006e-05	1.437869e-03	1.181889e-04
151           	1.516003e-03	2.625341e-20	1.556066e-03	-3.890164e-05	6.598278e-04	3.790007e-05	7.190998e-04	7.969031e-04	3.790007e-05	-3.790007e-05	1.437861e-03	1.182051e-04
152           	1.516003e-03	2.625340e-20	1.556073e-03	-3.890183e-05	6.598150e-04	3.790008e-05	7.190998e-04	7.969034e-04	3.790008e-05	-3.790008e-05	1.437852e-03	1.182217e-04
153           	1.516004e-03	2.625338e-20	1.556081e-03	-3.890202e-05	6.598028e-04	3.790009e-05	7.190998e-04	7.969038e-04	3.790009e-05	-3.790009e-05	1.437843e-03	1.182376e-04
154           	1.516004e-03	2.625335e-20	1.556088e-03	-3.890220e-05	6.597906e-04	3.790010e-05	7.190998e-04	7.969042e-04	3.790010e-05	-3.790010e-05	1.437835e-03	1.182534e-04
155           	1.516004e-03	2.625333e-20	1.556096e-03	-3.890240e-05	6.597766e-04	3.790010e-05	7.190996e-04	7.969044e-04	3.790010e-05	-3.790010e-05	1.437825e-03	1.182713e-04
156           	1.516004e-03	2.625333e-20	1.556104e-03	-3.890260e-05	6.597617e-04	3.790009e-05	7.190993e-04	7.969045e-04	3.790009e-05	-3.790009e-05	1.437814e-03	1.182902e-04
157           	1.516004e-03	2.625331e-20	1.556111e-03	-3.890277e-05	6.597491e-04	3.790009e-05	7.190991e-04	7.969046e-04	3.790009e-05	-3.790009e-05	1.437805e-03	1.183064e-04
158           	1.516004e-03	2.625328e-20	1.556117e-03	-3.890293e-05	6.597386e-04	3.790010e-05	7.190991e-04	7.969050e-04	3.790010e-05	-3.790010e-05	1.437797e-03	1.183200e-04
159           	1.516005e-03	2.625326e-20	1.556124e-03	-3.890309e-05	6.597280e-04	3.790011e-05	7.190992e-04	7.969054e-04	3.790011e-05	-3.790011e-05	1.437790e-03	1.183339e-04
160           	1.516005e-03	2.625323e-20	1.556130e-03	-3.890325e-05	6.597172e-04	3.790012e-05	7.190992e-04	7.969057e-04	3.790012e-05	-3.790012e-05	1.437782e-03	1.183478e-04
161           	1.516005e-03	2.625321e-20	1.556136e-03	-3.890341e-05	6.597065e-04	3.790013e-05	7.190992e-04	7.969061e-04	3.790013e-05	-3.790013e-05	1.437775e-03	1.183617e-04
162           	1.516006e-03	2.625315e-20	1.556143e-03	-3.890356e-05	6.596960e-04	3.790014e-05	7.190992e-04	7.969063e-04	3.790014e-05	-3.790014e-05	1.437767e-03	1.183752e-04
163           	1.516006e-03	2.625308e-20	1.556148e-03	-3.890371e-05	6.596862e-04	3.790015e-05	7.190992e-04	7.969067e-04	3.790015e-05	-3.790015e-05	1.437760e-03	1.183880e-04
164           	1.516006e-03	2.625300e-20	1.556154e-03	-3.890385e-05	6.596769e-04	3.790016e-05	7.190993e-04	7.969070e-04	3.790016e-05	-3.790016e-05	1.437754e-03	1.184001e-04
165           	1.516007e-03	2.625291e-20	1.556159e-03	-3.890398e-05	6.596679e-04	3.790017e-05	7.190993e-04	7.969073e-04	3.790017e-05	-3.790017e-05	1.437748e-03	1.184117e-04
166           	1.516007e-03	2.625283e-20	1.556164e-03	-3.890411e-05	6.596594e-04	3.790017e-05	7.190994e-04	7.969076e-04	3.790017e-05	-3.790017e-05	1.437742e-03	1.184228e-04
167           	1.516007e-03	2.625275e-20	1.556169e-03	-3.890423e-05	6.596513e-04	3.790018e-05	7.190994e-04	7.969079e-04	3.790018e-05	-3.790018e-05	1.437736e-03	1.184334e-04
168           	1.516008e-03	2.625268e-20	1.556174e-03	-3.890435e-05	6.596437e-04	3.790019e-05	7.190995e-04	7.969082e-04	3.790019e-05	-3.790019e-05	1.437731e-03	1.184432e-04
169           	1.516008e-03	2.625262e-20	1.556178e-03	-3.890445e-05	6.596371e-04	3.790020e-05	7.190996e-04	7.969085e-04	3.790020e-05	-3.790020e-05	1.437726e-03	1.184519e-04
170           	1.516009e-03	2.625258e-20	1.556182e-03	-3.890455e-05	6.596308e-04	3.790021e-05	7.190997e-04	7.969088e-04	3.790021e-05	-3.790021e-05	1.437722e-03	1.184601e-04
171           	1.516009e-03	2.625256e-20	1.556186e-03	-3.890465e-05	6.596242e-04	3.790022e-05	7.190998e-04	7.969091e-04	3.790022e-05	-3.790022e-05	1.437717e-03	1.184687e-04
172           	1.516009e-03	2.625254e-20	1.556190e-03	-3.890474e-05	6.596179e-04	3.790023e-05	7.190998e-04	7.969093e-04	3.790023e-05	-3.790023e-05	1.437713e-03	1.184769e-04
173           	1.516009e-03	2.625255e-20	1.556193e-03	-3.890483e-05	6.596118e-04	3.790023e-05	7.190998e-04	7.969095e-04	3.790023e-05	-3.790023e-05	1.437708e-03	1.184848e-04
174           	1.516010e-03	2.625255e-20	1.556197e-03	-3.890492e-05	6.596059e-04	3.790024e-05	7.190998e-04	7.969097e-04	3.790024e-05	-3.790024e-05	1.437704e-03	1.184925e-04
175           	1.516010e-03	2.625256e-20	1.556200e-03	-3.890500e-05	6.596001e-04	3.790024e-05	7.190998e-04	7.969098e-04	3.790024e-05	-3.790024e-05	1.437700e-03	1.184999e-04
176           	1.516010e-03	2.625255e-20	1.556203e-03	-3.890508e-05	6.595946e-04	3.790025e-05	7.190998e-04	7.969100e-04	3.790025e-05	-3.790025e-05	1.437696e-03	1.185070e-04
177           	1.516010e-03	2.625255e-20	1.556206e-03	-3.890515e-05	6.595894e-04	3.790025e-05	7.190998e-04	7.969101e-04	3.790025e-05	-3.790025e-05	1.437692e-03	1.185137e-04
178           	1.516010e-03	2.625254e-20	1.556209e-03	-3.890522e-05	6.595844e-04	3.790025e-05	7.190998e-04	7.969102e-04	3.790025e-05	-3.790025e-05	1.437689e-03	1.185200e-04
179           	1.516010e-03	2.625253e-20	1.556212e-03	-3.890529e-05	6.595798e-04	3.790025e-05	7.190998e-04	7.969103e-04	3.790025e-05	-3.790025e-05	1.437686e-03	1.185260e-04
180           	1.516010e-03	2.625252e-20	1.556214e-03	-3.890535e-05	6.595756e-04	3.790025e-05	7.190997e-04	7.969104e-04	3.790025e-05	-3.790025e-05	1.437683e-03	1.185314e-04
181           	1.516010e-03	2.625251e-20	1.556216e-03	-3.890541e-05	6.595716e-04	3.790026e-05	7.190997e-04	7.969105e-04	3.790026e-05	-3.790026e-05	1.437680e-03	1.185365e-04
182           	1.516010e-03	2.625251e-20	1.556218e-03	-3.890546e-05	6.595679e-04	3.790026e-05	7.190997e-04	7.969106e-04	3.790026e-05	-3.790026e-05	1.437677e-03	1.185413e-04
183           	1.516010e-03	2.625250e-20	1.556220e-03	-3.890551e-05	6.595644e-04	3.790026e-05	7.190997e-04	7.969107e-04	3.790026e-05	-3.790026e-05	1.437675e-03	1.185458e-04
184           	1.516010e-03	2.625249e-20	1.556222e-03	-3.890556e-05	6.595607e-04	3.790026e-05	7.190997e-04	7.969108e-04	3.790026e-05	-3.790026e-05	1.437672e-03	1.185504e-04
185           	1.516010e-03	2.625248e-20	1.556224e-03	-3.890560e-05	6.595573e-04	3.790026e-05	7.190996e-04	7.969108e-04	3.790026e-05	-3.790026e-05	1.437669e-03	1.185548e-04
186           	1.516010e-03	2.625248e-20	1.556226e-03	-3.890565e-05	6.595541e-04	3.790026e-05	7.190996e-04	7.969109e-04	3.790026e-05	-3.790026e-05	1.437667e-03	1.185589e-04
187           	1.516010e-03	2.625247e-20	1.556228e-03	-3.890569e-05	6.595511e-04	3.790026e-05	7.190995e-04	7.969109e-04	3.790026e-05	-3.790026e-05	1.437665e-03	1.185627e-04
188           	1.516010e-03	2.625247e-20	1.556229e-03	-3.890573e-05	6.595482e-04	3.790026e-05	7.190995e-04	7.969109e-04	3.790026e-05	-3.790026e-05	1.437663e-03	1.185663e-04
189           	1.516010e-03	2.625247e-20	1.556231e-03	-3.890577e-05	6.595453e-04	3.790026e-05	7.190994e-04	7.969110e-04	3.790026e-05	-3.790026e-05	1.437661e-03	1.185700e-04
190           	1.516010e-03	2.625247e-20	1.556232e-03	-3.890580e-05	6.595427e-04	3.790026e-05	7.190994e-04	7.969110e-04	3.790026e-05	-3.790026e-05	1.437659e-03	1.185733e-04
191           	1.516010e-03	2.625246e-20	1.556233e-03	-3.890583e-05	6.595402e-04	3.790026e-05	7.190994e-04	7.969110e-04	3.790026e-05	-3.790026e-05	1.437657e-03	1.185765e-04
192           	1.516010e-03	2.625245e-20	1.556235e-03	-3.890587e-05	6.595379e-04	3.790026e-05	7.190993e-04	7.969111e-04	3.790026e-05	-3.790026e-05	1.437655e-03	1.185795e-04
193           	1.516010e-03	2.625243e-20	1.556236e-03	-3.890590e-05	6.595356e-04	3.790026e-05	7.190993e-04	7.969111e-04	3.790026e-05	-3.790026e-05	1.437654e-03	1.185823e-04
194           	1.516010e-03	2.625243e-20	1.556237e-03	-3.890593e-05	6.595335e-04	3.790026e-05	7.190993e-04	7.969111e-04	3.790026e-05	-3.790026e-05	1.437652e-03	1.185851e-04
195           	1.516010e-03	2.625242e-20	1.556238e-03	-3.890596e-05	6.595312e-04	3.790026e-05	7.190993e-04	7.969112e-04	3.790026e-05	-3.790026e-05	1.437650e-03	1.185879e-04
196           	1.516010e-03	2.625242e-20	1.556239e-03	-3.890599e-05	6.595290e-04	3.790026e-05	7.190992e-04	7.969112e-04	3.790026e-05	-3.790026e-05	1.437649e-03	1.185907e-04
197           	1.516010e-03	2.625242e-20	1.556241e-03	-3.890601e-05	6.595268e-04	3.790026e-05	7.190992e-04	7.969112e-04	3.790026e-05	-3.790026e-05	1.437647e-03	1.185935e-04
198           	1.516010e-03	2.625243e-20	1.556242e-03	-3.890604e-05	6.595247e-04	3.790026e-05	7.190991e-04	7.969112e-04	3.790026e-05	-3.790026e-05	1.437645e-03	1.185961e-04
199           	1.516010e-03	2.625243e-20	1.556243e-03	-3.890606e-05	6.595227e-04	3.790026e-05	7.190991e-04	7.969112e-04	3.790026e-05	-3.790026e-05	1.437644e-03	1.185986e-04
200           	1.516010e-03	2.625243e-20	1.556244e-03	-3.890609e-05	6.595210e-04	3.790026e-05	7.190990e-04	7.969112e-04	3.790026e-05	-3.790026e-05	1.437643e-03	1.186008e-04
201           	1.516010e-03	2.625243e-20	1.556244e-03	-3.890611e-05	6.595193e-04	3.790026e-05	7.190990e-04	7.969112e-04	3.790026e-05	-3.790026e-05	1.437641e-03	1.186029e-04
202           	1.516010e-03	2.625243e-20	1.556245e-03	-3.890613e-05	6.595177e-04	3.790026e-05	7.190990e-04	7.969112e-04	3.790026e-05	-3.790026e-05	1.437640e-03	1.186049e-04
203           	1.516010e-03	2.625243e-20	1.556246e-03	-3.890615e-05	6.595162e-04	3.790025e-05	7.190989e-04	7.969112e-04	3.790025e-05	-3.790025e-05	1.437639e-03	1.186068e-04
204           	1.516010e-03	2.625243e-20	1.556247e-03	-3.890617e-05	6.595148e-04	3.790025e-05	7.190989e-04	7.969112e-04	3.790025e-05	-3.790025e-05	1.437638e-03	1.186086e-04
205           	1.516010e-03	2.625242e-20	1.556247e-03	-3.890618e-05	6.595135e-04	3.790025e-05	7.190989e-04	7.969113e-04	3.790025e-05	-3.790025e-05	1.437637e-03	1.186102e-04
206           	1.516010e-03	2.625242e-20	1.556248e-03	-3.890620e-05	6.595122e-04	3.790025e-05	7.190989e-04	7.969113e-04	3.790025e-05	-3.790025e-05	1.437636e-03	1.186118e-04
207           	1.516010e-03	2.625241e-20	1.556249e-03	-3.890622e-05	6.595110e-04	3.790025e-05	7.190988e-04	7.969113e-04	3.790025e-05	-3.790025e-05	1.437635e-03	1.186133e-04
208           	1.516010e-03	2.625240e-20	1.556249e-03	-3.890623e-05	6.595099e-04	3.790025e-05	7.190988e-04	7.969113e-04	3.790025e-05	-3.790025e-05	1.437634e-03	1.186147e-04
209           	1.516010e-03	2.625240e-20	1.556250e-03	-3.890624e-05	6.595087e-04	3.790025e-05	7.190988e-04	7.969113e-04	3.790025e-05	-3.790025e-05	1.437634e-03	1.186161e-04
210           	1.516010e-03	2.625239e-20	1.556250e-03	-3.890626e-05	6.595077e-04	3.790025e-05	7.190988e-04	7.969113e-04	3.790025e-05	-3.790025e-05	1.437633e-03	1.186174e-04
211           	1.516010e-03	2.625238e-20	1.556251e-03	-3.890627e-05	6.595067e-04	3.790025e-05	7.190987e-04	7.969113e-04	3.790025e-05	-3.790025e-05	1.437632e-03	1.186187e-04
212           	1.516010e-03	2.625236e-20	1.556251e-03	-3.890628e-05	6.595060e-04	3.790025e-05	7.190987e-04	7.969113e-04	3.790025e-05	-3.790025e-05	1.437632e-03	1.186195e-04
213           	1.516010e-03	2.625235e-20	1.556251e-03	-3.890629e-05	6.595054e-04	3.790025e-05	7.190987e-04	7.969113e-04	3.790025e-05	-3.790025e-05	1.437631e-03	1.186204e-04
214           	1.516010e-03	2.625235e-20	1.556252e-03	-3.890630e-05	6.595046e-04	3.790025e-05	7.190987e-04	7.969113e-04	3.790025e-05	-3.790025e-05	1.437631e-03	1.186213e-04
215           	1.516010e-03	2.625234e-20	1.556252e-03	-3.890631e-05	6.595039e-04	3.790025e-05	7.190987e-04	7.969113e-04	3.790025e-05	-3.790025e-05	1.437630e-03	1.186222e-04
216           	1.516010e-03	2.625234e-20	1.556253e-03	-3.890631e-05	6.595032e-04	3.790025e-05	7.190987e-04	7.969113e-04	3.790025e-05	-3.790025e-05	1.437629e-03	1.186231e-04
217           	1.516010e-03	2.625234e-20	1.556253e-03	-3.890632e-05	6.595025e-04	3.790025e-05	7.190986e-04	7.969113e-04	3.790025e-05	-3.790025e-05	1.437629e-03	1.186239e-04
218           	1.516010e-03	2.625233e-20	1.556253e-03	-3.890633e-05	6.595019e-04	3.790025e-05	7.190986e-04	7.969113e-04	3.790025e-05	-3.790025e-05	1.437628e-03	1.186247e-04
219           	1.516010e-03	2.625233e-20	1.556253e-03	-3.890634e-05	6.595013e-04	3.790025e-05	7.190986e-04	7.969113e-04	3.790025e-05	-3.790025e-05	1.437628e-03	1.186254e-04
220           	1.516010e-03	2.625232e-20	1.556254e-03	-3.890634e-05	6.595008e-04	3.790025e-05	7.190986e-04	7.969113e-04	3.790025e-05	-3.790025e-05	1.437628e-03	1.186260e-04
221           	1.516010e-03	2.625232e-20	1.556254e-03	-3.890635e-05	6.595003e-04	3.790025e-05	7.190986e-04	7.969113e-04	3.790025e-05	-3.790025e-05	1.437627e-03	1.186266e-04
222           	1.516010e-03	2.625231e-20	1.556254e-03	-3.890635e-05	6.594999e-04	3.790025e-05	7.190986e-04	7.969113e-04	3.790025e-05	-3.790025e-05	1.437627e-03	1.186272e-04
223           	1.516010e-03	2.625231e-20	1.556254e-03	-3.890636e-05	6.594994e-04	3.790025e-05	7.190985e-04	7.969113e-04	3.790025e-05	-3.790025e-05	1.437627e-03	1.186277e-04
224           	1.516010e-03	2.625231e-20	1.556255e-03	-3.890636e-05	6.594990e-04	3.790024e-05	7.190985e-04	7.969113e-04	3.790024e-05	-3.790024e-05	1.437626e-03	1.186283e-04
225           	1.516010e-03	2.625231e-20	1.556255e-03	-3.890637e-05	6.594986e-04	3.790024e-05	7.190985e-04	7.969113e-04	3.790024e-05	-3.790024e-05	1.437626e-03	1.186287e-04
226           	1.516010e-03	2.625230e-20	1.556255e-03	-3.890637e-05	6.594983e-04	3.790024e-05	7.190985e-04	7.969113e-04	3.790024e-05	-3.790024e-05	1.437626e-03	1.186291e-04
227           	1.516010e-03	2.625230e-20	1.556255e-03	-3.890638e-05	6.594980e-04	3.790024e-05	7.190985e-04	7.969112e-04	3.790024e-05	-3.790024e-05	1.437625e-03	1.186295e-04
228           	1.516010e-03	2.625230e-20	1.556255e-03	-3.890638e-05	6.594977e-04	3.790024e-05	7.190985e-04	7.969112e-04	3.790024e-05	-3.790024e-05	1.437625e-03	1.186299e-04
229           	1.516010e-03	2.625229e-20	1.556255e-03	-3.890638e-05	6.594974e-04	3.790024e-05	7.190985e-04	7.969112e-04	3.790024e-05	-3.790024e-05	1.437625e-03	1.186302e-04
230           	1.516010e-03	2.625229e-20	1.556255e-03	-3.890638e-05	6.594972e-04	3.790024e-05	7.190985e-04	7.969112e-04	3.790024e-05	-3.790024e-05	1.437625e-03	1.186305e-04
231           	1.516010e-03	2.625229e-20	1.556255e-03	-3.890639e-05	6.594970e-04	3.790024e-05	7.190985e-04	7.969112e-04	3.790024e-05	-3.790024e-05	1.437625e-03	1.186307e-04
232           	1.516010e-03	2.625228e-20	1.556256e-03	-3.890639e-05	6.594968e-04	3.790024e-05	7.190985e-04	7.969112e-04	3.790024e-05	-3.790024e-05	1.437625e-03	1.186310e-04
233           	1.516010e-03	2.625228e-20	1.556256e-03	-3.890639e-05	6.594967e-04	3.790024e-05	7.190985e-04	7.969112e-04	3.790024e-05	-3.790024e-05	1.437624e-03	1.186312e-04
234           	1.516010e-03	2.625228e-20	1.556256e-03	-3.890639e-05	6.594965e-04	3.790024e-05	7.190985e-04	7.969112e-04	3.790024e-05	-3.790024e-05	1.437624e-03	1.186313e-04
235           	1.516010e-03	2.625228e-20	1.556256e-03	-3.890639e-05	6.594964e-04	3.790024e-05	7.190985e-04	7.969112e-04	3.790024e-05	-3.790024e-05	1.437624e-03	1.186315e-04
236           	1.516010e-03	2.625227e-20	1.556256e-03	-3.890640e-05	6.594963e-04	3.790024e-05	7.190985e-04	7.969112e-04	3.790024e-05	-3.790024e-05	1.437624e-03	1.186316e-04
237           	1.516010e-03	2.625227e-20	1.556256e-03	-3.890640e-05	6.594962e-04	3.790024e-05	7.190985e-04	7.969113e-04	3.790024e-05	-3.790024e-05	1.437624e-03	1.186317e-04
238           	1.516010e-03	2.625228e-20	1.556256e-03	-3.890640e-05	6.594961e-04	3.790024e-05	7.190985e-04	7.969113e-04	3.790024e-05	-3.790024e-05	1.437624e-03	1.186319e-04
239           	1.516010e-03	2.625228e-20	1.556256e-03	-3.890640e-05	6.594960e-04	3.790024e-05	7.190984e-04	7.969112e-04	3.790024e-05	-3.790024e-05	1.437624e-03	1.186320e-04
240           	1.516010e-03	2.625228e-20	1.556256e-03	-3.890640e-05	6.594959e-04	3.790024e-05	7.190984e-04	7.969112e-04	3.790024e-05	-3.790024e-05	1.437624e-03	1.186322e-04
241           	1.516010e-03	2.625228e-20	1.556256e-03	-3.890640e-05	6.594958e-04	3.790024e-05	7.190984e-04	7.969112e-04	3.790024e-05	-3.790024e-05	1.437624e-03	1.186323e-04
242           	1.516010e-03	2.625228e-20	1.556256e-03	-3.890640e-05	6.594957e-04	3.790024e-05	7.190984e-04	7.969112e-04	3.790024e-05	-3.790024e-05	1.437624e-03	1.186324e-04
243           	1.516010e-03	2.625228e-20	1.556256e-03	-3.890640e-05	6.594956e-04	3.790024e-05	7.190984e-04	7.969112e-04	3.790024e-05	-3.790024e-05	1.437624e-03	1.186325e-04
