# Force coefficients
# dragDir     : (1.000000e+00 0.000000e+00 0.000000e+00)
# sideDir     : (0.000000e+00 0.000000e+00 -1.000000e+00)
# liftDir     : (0.000000e+00 1.000000e+00 0.000000e+00)
# rollAxis    : (1.000000e+00 0.000000e+00 0.000000e+00)
# pitchAxis   : (0.000000e+00 0.000000e+00 -1.000000e+00)
# yawAxis     : (0.000000e+00 1.000000e+00 0.000000e+00)
# magUInf     : 4.000000e-02
# lRef        : 1.000000e-01
# Aref        : 1.000000e-01
# CofR        : (0.000000e+00 0.000000e+00 0.000000e+00)
#
# Time        	Cd            	Cs            	Cl            	CmRoll        	CmPitch       	CmYaw         	Cd(f)         	Cd(r)         	Cs(f)         	Cs(r)         	Cl(f)         	Cl(r)         
1             	5.604732e-04	3.903275e-20	-2.446443e-04	6.116107e-06	1.707784e-03	1.401183e-05	2.863527e-04	2.741205e-04	1.401183e-05	-1.401183e-05	1.585462e-03	-1.830107e-03
2             	2.059447e-03	5.337716e-20	-7.933542e-04	1.983385e-05	6.025288e-03	5.148619e-05	1.049558e-03	1.009890e-03	5.148619e-05	-5.148619e-05	5.628611e-03	-6.421965e-03
3             	1.957210e-03	2.251832e-20	2.198062e-05	-5.495155e-07	4.011253e-03	4.893025e-05	9.780555e-04	9.791545e-04	4.893025e-05	-4.893025e-05	4.022243e-03	-4.000263e-03
4             	1.401817e-03	1.440512e-21	7.303985e-04	-1.825996e-05	1.300138e-03	3.504543e-05	6.826486e-04	7.191685e-04	3.504543e-05	-3.504543e-05	1.665337e-03	-9.349387e-04
5             	1.333493e-03	-8.308712e-21	5.606149e-04	-1.401537e-05	1.578123e-03	3.333732e-05	6.527310e-04	6.807617e-04	3.333732e-05	-3.333732e-05	1.858431e-03	-1.297816e-03
6             	1.423231e-03	-1.156242e-20	3.339627e-04	-8.349069e-06	2.300212e-03	3.558078e-05	7.032666e-04	7.199647e-04	3.558078e-05	-3.558078e-05	2.467194e-03	-2.133231e-03
7             	1.579567e-03	-1.198994e-20	2.954957e-04	-7.387393e-06	2.732653e-03	3.948917e-05	7.823961e-04	7.971709e-04	3.948917e-05	-3.948917e-05	2.880401e-03	-2.584905e-03
8             	1.732211e-03	-9.949762e-21	4.026847e-04	-1.006712e-05	2.831655e-03	4.330527e-05	8.560382e-04	8.761725e-04	4.330527e-05	-4.330527e-05	3.032997e-03	-2.630312e-03
9             	1.793348e-03	-8.250534e-21	6.119022e-04	-1.529756e-05	2.513888e-03	4.483370e-05	8.813765e-04	9.119716e-04	4.483370e-05	-4.483370e-05	2.819839e-03	-2.207937e-03
10            	1.785773e-03	-7.728513e-21	8.032644e-04	-2.008161e-05	2.096125e-03	4.464433e-05	8.728051e-04	9.129683e-04	4.464433e-05	-4.464433e-05	2.497757e-03	-1.694493e-03
11            	1.771647e-03	-7.561844e-21	9.308321e-04	-2.327080e-05	1.806129e-03	4.429117e-05	8.625525e-04	9.090941e-04	4.429117e-05	-4.429117e-05	2.271545e-03	-1.340713e-03
12            	1.761012e-03	-7.605567e-21	1.026414e-03	-2.566035e-05	1.592258e-03	4.402531e-05	8.548458e-04	9.061666e-04	4.402531e-05	-4.402531e-05	2.105465e-03	-1.079051e-03
13            	1.754847e-03	-7.870320e-21	1.103524e-03	-2.758809e-05	1.425598e-03	4.387117e-05	8.498352e-04	9.050114e-04	4.387117e-05	-4.387117e-05	1.977359e-03	-8.738357e-04
14            	1.752081e-03	-8.083947e-21	1.172671e-03	-2.931677e-05	1.280652e-03	4.380202e-05	8.467237e-04	9.053572e-04	4.380202e-05	-4.380202e-05	1.866987e-03	-6.943162e-04
15            	1.748259e-03	-8.203281e-21	1.244030e-03	-3.110074e-05	1.126542e-03	4.370648e-05	8.430289e-04	9.052304e-04	4.370648e-05	-4.370648e-05	1.748557e-03	-5.045271e-04
16            	1.742920e-03	-8.259860e-21	1.316760e-03	-3.291901e-05	9.640768e-04	4.357300e-05	8.385410e-04	9.043790e-04	4.357300e-05	-4.357300e-05	1.622457e-03	-3.056966e-04
17            	1.734359e-03	-8.200408e-21	1.388211e-03	-3.470527e-05	7.957658e-04	4.335898e-05	8.324742e-04	9.018848e-04	4.335898e-05	-4.335898e-05	1.489871e-03	-1.016604e-04
18            	1.722848e-03	-8.101214e-21	1.454962e-03	-3.637405e-05	6.305561e-04	4.307120e-05	8.250500e-04	8.977981e-04	4.307120e-05	-4.307120e-05	1.358037e-03	9.692493e-05
19            	1.710366e-03	-7.959233e-21	1.513527e-03	-3.783818e-05	4.804337e-04	4.275914e-05	8.173446e-04	8.930210e-04	4.275914e-05	-4.275914e-05	1.237197e-03	2.763299e-04
20            	1.698772e-03	-7.741430e-21	1.562043e-03	-3.905108e-05	3.534798e-04	4.246930e-05	8.103349e-04	8.884370e-04	4.246930e-05	-4.246930e-05	1.134501e-03	4.275417e-04
21            	1.688683e-03	-7.530282e-21	1.602092e-03	-4.005230e-05	2.476582e-04	4.221707e-05	8.042891e-04	8.843937e-04	4.221707e-05	-4.221707e-05	1.048704e-03	5.533877e-04
22            	1.680842e-03	-7.376567e-21	1.634317e-03	-4.085792e-05	1.629919e-04	4.202106e-05	7.995632e-04	8.812790e-04	4.202106e-05	-4.202106e-05	9.801503e-04	6.541666e-04
23            	1.674623e-03	-7.243636e-21	1.661295e-03	-4.153237e-05	9.263566e-05	4.186557e-05	7.957790e-04	8.788437e-04	4.186557e-05	-4.186557e-05	9.232831e-04	7.380118e-04
24            	1.670410e-03	-7.140701e-21	1.683392e-03	-4.208479e-05	3.675261e-05	4.176025e-05	7.931202e-04	8.772898e-04	4.176025e-05	-4.176025e-05	8.784484e-04	8.049432e-04
25            	1.667627e-03	-7.059889e-21	1.702208e-03	-4.255519e-05	-9.339728e-06	4.169067e-05	7.912583e-04	8.763687e-04	4.169067e-05	-4.169067e-05	8.417642e-04	8.604436e-04
26            	1.665470e-03	-6.995837e-21	1.718234e-03	-4.295584e-05	-4.829618e-05	4.163675e-05	7.897792e-04	8.756909e-04	4.163675e-05	-4.163675e-05	8.108206e-04	9.074129e-04
27            	1.663438e-03	-6.970698e-21	1.731565e-03	-4.328911e-05	-8.128212e-05	4.158595e-05	7.884299e-04	8.750081e-04	4.158595e-05	-4.158595e-05	7.845001e-04	9.470644e-04
28            	1.661052e-03	-6.943686e-21	1.741816e-03	-4.354540e-05	-1.084239e-04	4.152630e-05	7.869806e-04	8.740714e-04	4.152630e-05	-4.152630e-05	7.624842e-04	9.793319e-04
29            	1.658640e-03	-6.905718e-21	1.748529e-03	-4.371323e-05	-1.279664e-04	4.146600e-05	7.856068e-04	8.730333e-04	4.146600e-05	-4.146600e-05	7.462983e-04	1.002231e-03
30            	1.656625e-03	-6.864896e-21	1.752003e-03	-4.380008e-05	-1.396666e-04	4.141562e-05	7.845124e-04	8.721125e-04	4.141562e-05	-4.141562e-05	7.363350e-04	1.015668e-03
31            	1.654991e-03	-6.821671e-21	1.753397e-03	-4.383491e-05	-1.461138e-04	4.137478e-05	7.836608e-04	8.713306e-04	4.137478e-05	-4.137478e-05	7.305845e-04	1.022812e-03
32            	1.653802e-03	-6.787722e-21	1.753104e-03	-4.382761e-05	-1.480077e-04	4.134506e-05	7.830736e-04	8.707289e-04	4.134506e-05	-4.134506e-05	7.285444e-04	1.024560e-03
33            	1.652981e-03	-6.762328e-21	1.751830e-03	-4.379576e-05	-1.470550e-04	4.132452e-05	7.826946e-04	8.702861e-04	4.132452e-05	-4.132452e-05	7.288602e-04	1.022970e-03
34            	1.652404e-03	-6.734158e-21	1.749785e-03	-4.374462e-05	-1.439631e-04	4.131009e-05	7.824572e-04	8.699464e-04	4.131009e-05	-4.131009e-05	7.309292e-04	1.018855e-03
35            	1.651960e-03	-6.705537e-21	1.747091e-03	-4.367728e-05	-1.392467e-04	4.129900e-05	7.823027e-04	8.696572e-04	4.129900e-05	-4.129900e-05	7.342990e-04	1.012792e-03
36            	1.651454e-03	-6.678644e-21	1.744483e-03	-4.361207e-05	-1.348735e-04	4.128635e-05	7.821150e-04	8.693391e-04	4.128635e-05	-4.128635e-05	7.373678e-04	1.007115e-03
37            	1.650817e-03	-6.657369e-21	1.741604e-03	-4.354010e-05	-1.302029e-04	4.127043e-05	7.818684e-04	8.689486e-04	4.127043e-05	-4.127043e-05	7.405990e-04	1.001005e-03
38            	1.650018e-03	-6.639992e-21	1.738588e-03	-4.346470e-05	-1.255603e-04	4.125044e-05	7.815442e-04	8.684736e-04	4.125044e-05	-4.125044e-05	7.437337e-04	9.948542e-04
39            	1.649151e-03	-6.624568e-21	1.734974e-03	-4.337435e-05	-1.197375e-04	4.122877e-05	7.812011e-04	8.679498e-04	4.122877e-05	-4.122877e-05	7.477496e-04	9.872245e-04
40            	1.648308e-03	-6.612043e-21	1.731238e-03	-4.328096e-05	-1.135738e-04	4.120771e-05	7.808732e-04	8.674351e-04	4.120771e-05	-4.120771e-05	7.520454e-04	9.791930e-04
41            	1.647568e-03	-6.604671e-21	1.727429e-03	-4.318573e-05	-1.070332e-04	4.118921e-05	7.805984e-04	8.669699e-04	4.118921e-05	-4.118921e-05	7.566814e-04	9.707478e-04
42            	1.646949e-03	-6.599412e-21	1.723694e-03	-4.309235e-05	-1.003981e-04	4.117372e-05	7.803820e-04	8.665667e-04	4.117372e-05	-4.117372e-05	7.614489e-04	9.622452e-04
43            	1.646469e-03	-6.596285e-21	1.720182e-03	-4.300456e-05	-9.395518e-05	4.116173e-05	7.802301e-04	8.662392e-04	4.116173e-05	-4.116173e-05	7.661360e-04	9.540464e-04
44            	1.646094e-03	-6.594606e-21	1.716979e-03	-4.292448e-05	-8.796536e-05	4.115235e-05	7.801226e-04	8.659715e-04	4.115235e-05	-4.115235e-05	7.705243e-04	9.464550e-04
45            	1.645780e-03	-6.593606e-21	1.714070e-03	-4.285174e-05	-8.248115e-05	4.114450e-05	7.800382e-04	8.657417e-04	4.114450e-05	-4.114450e-05	7.745537e-04	9.395160e-04
46            	1.645501e-03	-6.592869e-21	1.711398e-03	-4.278495e-05	-7.742844e-05	4.113752e-05	7.799655e-04	8.655354e-04	4.113752e-05	-4.113752e-05	7.782705e-04	9.331274e-04
47            	1.645284e-03	-6.592474e-21	1.708905e-03	-4.272263e-05	-7.262298e-05	4.113210e-05	7.799193e-04	8.653646e-04	4.113210e-05	-4.113210e-05	7.818297e-04	9.270756e-04
48            	1.645049e-03	-6.591631e-21	1.706513e-03	-4.266282e-05	-6.805340e-05	4.112623e-05	7.798618e-04	8.651874e-04	4.112623e-05	-4.112623e-05	7.852029e-04	9.213097e-04
49            	1.644836e-03	-6.589801e-21	1.704269e-03	-4.260673e-05	-6.374745e-05	4.112090e-05	7.798112e-04	8.650247e-04	4.112090e-05	-4.112090e-05	7.883872e-04	9.158821e-04
50            	1.644672e-03	-6.588343e-21	1.702129e-03	-4.255323e-05	-5.954759e-05	4.111681e-05	7.797829e-04	8.648894e-04	4.111681e-05	-4.111681e-05	7.915171e-04	9.106123e-04
51            	1.644554e-03	-6.587241e-21	1.700131e-03	-4.250327e-05	-5.555055e-05	4.111384e-05	7.797736e-04	8.647802e-04	4.111384e-05	-4.111384e-05	7.945149e-04	9.056160e-04
52            	1.644475e-03	-6.586501e-21	1.698300e-03	-4.245750e-05	-5.182694e-05	4.111187e-05	7.797798e-04	8.646948e-04	4.111187e-05	-4.111187e-05	7.973230e-04	9.009769e-04
53            	1.644425e-03	-6.586135e-21	1.696656e-03	-4.241640e-05	-4.844045e-05	4.111063e-05	7.797963e-04	8.646291e-04	4.111063e-05	-4.111063e-05	7.998875e-04	8.967684e-04
54            	1.644429e-03	-6.586467e-21	1.695175e-03	-4.237938e-05	-4.529318e-05	4.111071e-05	7.798349e-04	8.645937e-04	4.111071e-05	-4.111071e-05	8.022944e-04	8.928807e-04
55            	1.644433e-03	-6.587076e-21	1.693861e-03	-4.234653e-05	-4.249961e-05	4.111083e-05	7.798701e-04	8.645632e-04	4.111083e-05	-4.111083e-05	8.044309e-04	8.894302e-04
56            	1.644420e-03	-6.587833e-21	1.692703e-03	-4.231756e-05	-4.007542e-05	4.111049e-05	7.798922e-04	8.645274e-04	4.111049e-05	-4.111049e-05	8.062758e-04	8.864267e-04
57            	1.644387e-03	-6.589341e-21	1.691658e-03	-4.229145e-05	-3.792892e-05	4.110969e-05	7.799023e-04	8.644852e-04	4.110969e-05	-4.110969e-05	8.079001e-04	8.837580e-04
58            	1.644329e-03	-6.590475e-21	1.690696e-03	-4.226741e-05	-3.600797e-05	4.110822e-05	7.798971e-04	8.644319e-04	4.110822e-05	-4.110822e-05	8.093403e-04	8.813562e-04
59            	1.644270e-03	-6.591459e-21	1.689807e-03	-4.224518e-05	-3.423802e-05	4.110676e-05	7.798899e-04	8.643803e-04	4.110676e-05	-4.110676e-05	8.106656e-04	8.791416e-04
60            	1.644211e-03	-6.592220e-21	1.689004e-03	-4.222509e-05	-3.265164e-05	4.110528e-05	7.798805e-04	8.643307e-04	4.110528e-05	-4.110528e-05	8.118502e-04	8.771535e-04
61            	1.644151e-03	-6.591996e-21	1.688246e-03	-4.220615e-05	-3.116323e-05	4.110378e-05	7.798694e-04	8.642817e-04	4.110378e-05	-4.110378e-05	8.129598e-04	8.752862e-04
62            	1.644133e-03	-6.593212e-21	1.687547e-03	-4.218868e-05	-2.971100e-05	4.110333e-05	7.798779e-04	8.642552e-04	4.110333e-05	-4.110333e-05	8.140626e-04	8.734846e-04
63            	1.644113e-03	-6.594227e-21	1.686974e-03	-4.217435e-05	-2.853538e-05	4.110282e-05	7.798821e-04	8.642308e-04	4.110282e-05	-4.110282e-05	8.149516e-04	8.720223e-04
64            	1.644089e-03	-6.595073e-21	1.686487e-03	-4.216217e-05	-2.755294e-05	4.110223e-05	7.798824e-04	8.642067e-04	4.110223e-05	-4.110223e-05	8.156905e-04	8.707964e-04
65            	1.644077e-03	-6.596063e-21	1.686024e-03	-4.215061e-05	-2.659713e-05	4.110191e-05	7.798877e-04	8.641889e-04	4.110191e-05	-4.110191e-05	8.164151e-04	8.696093e-04
66            	1.644072e-03	-6.596980e-21	1.685619e-03	-4.214048e-05	-2.574512e-05	4.110181e-05	7.798958e-04	8.641767e-04	4.110181e-05	-4.110181e-05	8.170645e-04	8.685547e-04
67            	1.644074e-03	-6.597847e-21	1.685258e-03	-4.213144e-05	-2.497571e-05	4.110184e-05	7.799054e-04	8.641683e-04	4.110184e-05	-4.110184e-05	8.176532e-04	8.676046e-04
68            	1.644071e-03	-6.598595e-21	1.684937e-03	-4.212341e-05	-2.429985e-05	4.110178e-05	7.799121e-04	8.641589e-04	4.110178e-05	-4.110178e-05	8.181684e-04	8.667681e-04
69            	1.644072e-03	-6.599272e-21	1.684658e-03	-4.211644e-05	-2.370695e-05	4.110179e-05	7.799193e-04	8.641522e-04	4.110179e-05	-4.110179e-05	8.186218e-04	8.660357e-04
70            	1.644073e-03	-6.599904e-21	1.684414e-03	-4.211035e-05	-2.318688e-05	4.110183e-05	7.799262e-04	8.641469e-04	4.110183e-05	-4.110183e-05	8.190201e-04	8.653938e-04
71            	1.644077e-03	-6.600501e-21	1.684203e-03	-4.210507e-05	-2.273052e-05	4.110192e-05	7.799334e-04	8.641435e-04	4.110192e-05	-4.110192e-05	8.193708e-04	8.648319e-04
72            	1.644085e-03	-6.601055e-21	1.684022e-03	-4.210056e-05	-2.233138e-05	4.110213e-05	7.799420e-04	8.641431e-04	4.110213e-05	-4.110213e-05	8.196798e-04	8.643426e-04
73            	1.644096e-03	-6.601561e-21	1.683873e-03	-4.209683e-05	-2.199283e-05	4.110239e-05	7.799510e-04	8.641447e-04	4.110239e-05	-4.110239e-05	8.199437e-04	8.639294e-04
74            	1.644107e-03	-6.602010e-21	1.683752e-03	-4.209380e-05	-2.171342e-05	4.110268e-05	7.799597e-04	8.641474e-04	4.110268e-05	-4.110268e-05	8.201626e-04	8.635895e-04
75            	1.644119e-03	-6.602394e-21	1.683655e-03	-4.209138e-05	-2.148521e-05	4.110297e-05	7.799679e-04	8.641507e-04	4.110297e-05	-4.110297e-05	8.203424e-04	8.633129e-04
76            	1.644130e-03	-6.602715e-21	1.683578e-03	-4.208945e-05	-2.129898e-05	4.110325e-05	7.799756e-04	8.641545e-04	4.110325e-05	-4.110325e-05	8.204901e-04	8.630881e-04
77            	1.644141e-03	-6.602978e-21	1.683517e-03	-4.208792e-05	-2.114584e-05	4.110353e-05	7.799828e-04	8.641586e-04	4.110353e-05	-4.110353e-05	8.206125e-04	8.629042e-04
78            	1.644153e-03	-6.603189e-21	1.683468e-03	-4.208670e-05	-2.101886e-05	4.110382e-05	7.799897e-04	8.641631e-04	4.110382e-05	-4.110382e-05	8.207151e-04	8.627528e-04
79            	1.644166e-03	-6.603218e-21	1.683428e-03	-4.208571e-05	-2.090682e-05	4.110416e-05	7.799975e-04	8.641689e-04	4.110416e-05	-4.110416e-05	8.208073e-04	8.626210e-04
80            	1.644182e-03	-6.603180e-21	1.683398e-03	-4.208496e-05	-2.081123e-05	4.110455e-05	7.800060e-04	8.641759e-04	4.110455e-05	-4.110455e-05	8.208880e-04	8.625104e-04
81            	1.644198e-03	-6.603122e-21	1.683378e-03	-4.208445e-05	-2.073363e-05	4.110496e-05	7.800147e-04	8.641836e-04	4.110496e-05	-4.110496e-05	8.209553e-04	8.624226e-04
82            	1.644215e-03	-6.603089e-21	1.683366e-03	-4.208415e-05	-2.067426e-05	4.110537e-05	7.800232e-04	8.641915e-04	4.110537e-05	-4.110537e-05	8.210087e-04	8.623573e-04
83            	1.644230e-03	-6.603101e-21	1.683362e-03	-4.208405e-05	-2.063408e-05	4.110575e-05	7.800309e-04	8.641990e-04	4.110575e-05	-4.110575e-05	8.210469e-04	8.623151e-04
84            	1.644244e-03	-6.603143e-21	1.683364e-03	-4.208410e-05	-2.060877e-05	4.110610e-05	7.800380e-04	8.642062e-04	4.110610e-05	-4.110610e-05	8.210732e-04	8.622907e-04
85            	1.644258e-03	-6.603250e-21	1.683371e-03	-4.208428e-05	-2.059506e-05	4.110645e-05	7.800448e-04	8.642133e-04	4.110645e-05	-4.110645e-05	8.210904e-04	8.622806e-04
86            	1.644268e-03	-6.603353e-21	1.683381e-03	-4.208451e-05	-2.059446e-05	4.110670e-05	7.800495e-04	8.642185e-04	4.110670e-05	-4.110670e-05	8.210958e-04	8.622847e-04
87            	1.644278e-03	-6.603444e-21	1.683393e-03	-4.208482e-05	-2.059949e-05	4.110695e-05	7.800541e-04	8.642238e-04	4.110695e-05	-4.110695e-05	8.210969e-04	8.622958e-04
88            	1.644287e-03	-6.603525e-21	1.683407e-03	-4.208519e-05	-2.061098e-05	4.110718e-05	7.800585e-04	8.642288e-04	4.110718e-05	-4.110718e-05	8.210927e-04	8.623147e-04
89            	1.644296e-03	-6.603650e-21	1.683424e-03	-4.208559e-05	-2.062666e-05	4.110741e-05	7.800625e-04	8.642337e-04	4.110741e-05	-4.110741e-05	8.210852e-04	8.623385e-04
90            	1.644304e-03	-6.603827e-21	1.683441e-03	-4.208603e-05	-2.064746e-05	4.110761e-05	7.800661e-04	8.642382e-04	4.110761e-05	-4.110761e-05	8.210732e-04	8.623681e-04
91            	1.644311e-03	-6.604055e-21	1.683460e-03	-4.208650e-05	-2.067224e-05	4.110778e-05	7.800691e-04	8.642421e-04	4.110778e-05	-4.110778e-05	8.210577e-04	8.624022e-04
92            	1.644317e-03	-6.604285e-21	1.683479e-03	-4.208697e-05	-2.070110e-05	4.110791e-05	7.800713e-04	8.642452e-04	4.110791e-05	-4.110791e-05	8.210384e-04	8.624406e-04
93            	1.644321e-03	-6.604470e-21	1.683497e-03	-4.208744e-05	-2.073112e-05	4.110802e-05	7.800730e-04	8.642479e-04	4.110802e-05	-4.110802e-05	8.210176e-04	8.624798e-04
94            	1.644325e-03	-6.604598e-21	1.683515e-03	-4.208787e-05	-2.075942e-05	4.110812e-05	7.800746e-04	8.642503e-04	4.110812e-05	-4.110812e-05	8.209980e-04	8.625168e-04
95            	1.644329e-03	-6.604703e-21	1.683530e-03	-4.208825e-05	-2.078176e-05	4.110823e-05	7.800764e-04	8.642529e-04	4.110823e-05	-4.110823e-05	8.209832e-04	8.625467e-04
96            	1.644333e-03	-6.604781e-21	1.683544e-03	-4.208860e-05	-2.080343e-05	4.110833e-05	7.800780e-04	8.642552e-04	4.110833e-05	-4.110833e-05	8.209685e-04	8.625754e-04
97            	1.644337e-03	-6.604836e-21	1.683557e-03	-4.208892e-05	-2.082235e-05	4.110843e-05	7.800796e-04	8.642574e-04	4.110843e-05	-4.110843e-05	8.209560e-04	8.626007e-04
98            	1.644340e-03	-6.604844e-21	1.683571e-03	-4.208927e-05	-2.084638e-05	4.110850e-05	7.800807e-04	8.642592e-04	4.110850e-05	-4.110850e-05	8.209390e-04	8.626317e-04
99            	1.644344e-03	-6.604838e-21	1.683583e-03	-4.208957e-05	-2.086472e-05	4.110859e-05	7.800822e-04	8.642613e-04	4.110859e-05	-4.110859e-05	8.209267e-04	8.626561e-04
100           	1.644347e-03	-6.604828e-21	1.683594e-03	-4.208985e-05	-2.088185e-05	4.110867e-05	7.800835e-04	8.642632e-04	4.110867e-05	-4.110867e-05	8.209151e-04	8.626788e-04
101           	1.644350e-03	-6.604814e-21	1.683604e-03	-4.209009e-05	-2.089632e-05	4.110874e-05	7.800848e-04	8.642650e-04	4.110874e-05	-4.110874e-05	8.209055e-04	8.626982e-04
102           	1.644352e-03	-6.604792e-21	1.683615e-03	-4.209036e-05	-2.091429e-05	4.110881e-05	7.800858e-04	8.642665e-04	4.110881e-05	-4.110881e-05	8.208930e-04	8.627216e-04
103           	1.644356e-03	-6.604723e-21	1.683626e-03	-4.209065e-05	-2.093176e-05	4.110889e-05	7.800871e-04	8.642684e-04	4.110889e-05	-4.110889e-05	8.208812e-04	8.627447e-04
104           	1.644360e-03	-6.604654e-21	1.683636e-03	-4.209089e-05	-2.094400e-05	4.110899e-05	7.800889e-04	8.642707e-04	4.110899e-05	-4.110899e-05	8.208738e-04	8.627618e-04
105           	1.644363e-03	-6.604593e-21	1.683645e-03	-4.209113e-05	-2.095681e-05	4.110908e-05	7.800905e-04	8.642727e-04	4.110908e-05	-4.110908e-05	8.208657e-04	8.627793e-04
106           	1.644366e-03	-6.604550e-21	1.683656e-03	-4.209139e-05	-2.097413e-05	4.110915e-05	7.800915e-04	8.642743e-04	4.110915e-05	-4.110915e-05	8.208537e-04	8.628020e-04
107           	1.644368e-03	-6.604522e-21	1.683666e-03	-4.209165e-05	-2.099136e-05	4.110920e-05	7.800924e-04	8.642757e-04	4.110920e-05	-4.110920e-05	8.208415e-04	8.628243e-04
108           	1.644370e-03	-6.604506e-21	1.683676e-03	-4.209190e-05	-2.100966e-05	4.110924e-05	7.800929e-04	8.642767e-04	4.110924e-05	-4.110924e-05	8.208283e-04	8.628476e-04
109           	1.644371e-03	-6.604491e-21	1.683685e-03	-4.209213e-05	-2.102650e-05	4.110928e-05	7.800935e-04	8.642778e-04	4.110928e-05	-4.110928e-05	8.208162e-04	8.628692e-04
110           	1.644373e-03	-6.604477e-21	1.683694e-03	-4.209235e-05	-2.104205e-05	4.110932e-05	7.800940e-04	8.642787e-04	4.110932e-05	-4.110932e-05	8.208049e-04	8.628891e-04
111           	1.644374e-03	-6.604464e-21	1.683702e-03	-4.209254e-05	-2.105551e-05	4.110935e-05	7.800945e-04	8.642796e-04	4.110935e-05	-4.110935e-05	8.207953e-04	8.629063e-04
112           	1.644376e-03	-6.604456e-21	1.683708e-03	-4.209271e-05	-2.106654e-05	4.110939e-05	7.800951e-04	8.642805e-04	4.110939e-05	-4.110939e-05	8.207876e-04	8.629207e-04
113           	1.644378e-03	-6.604451e-21	1.683714e-03	-4.209286e-05	-2.107543e-05	4.110944e-05	7.800959e-04	8.642817e-04	4.110944e-05	-4.110944e-05	8.207818e-04	8.629326e-04
114           	1.644379e-03	-6.604449e-21	1.683720e-03	-4.209300e-05	-2.108402e-05	4.110948e-05	7.800967e-04	8.642827e-04	4.110948e-05	-4.110948e-05	8.207761e-04	8.629441e-04
115           	1.644381e-03	-6.604461e-21	1.683726e-03	-4.209314e-05	-2.109186e-05	4.110953e-05	7.800975e-04	8.642837e-04	4.110953e-05	-4.110953e-05	8.207709e-04	8.629547e-04
116           	1.644382e-03	-6.604467e-21	1.683731e-03	-4.209328e-05	-2.110100e-05	4.110956e-05	7.800979e-04	8.642845e-04	4.110956e-05	-4.110956e-05	8.207645e-04	8.629665e-04
117           	1.644383e-03	-6.604462e-21	1.683736e-03	-4.209340e-05	-2.110887e-05	4.110959e-05	7.800983e-04	8.642851e-04	4.110959e-05	-4.110959e-05	8.207590e-04	8.629768e-04
118           	1.644384e-03	-6.604468e-21	1.683741e-03	-4.209352e-05	-2.111733e-05	4.110961e-05	7.800987e-04	8.642857e-04	4.110961e-05	-4.110961e-05	8.207530e-04	8.629877e-04
119           	1.644385e-03	-6.604471e-21	1.683745e-03	-4.209363e-05	-2.112524e-05	4.110963e-05	7.800989e-04	8.642862e-04	4.110963e-05	-4.110963e-05	8.207473e-04	8.629977e-04
120           	1.644386e-03	-6.604463e-21	1.683749e-03	-4.209372e-05	-2.113195e-05	4.110964e-05	7.800991e-04	8.642866e-04	4.110964e-05	-4.110964e-05	8.207424e-04	8.630063e-04
121           	1.644386e-03	-6.604454e-21	1.683752e-03	-4.209380e-05	-2.113790e-05	4.110966e-05	7.800994e-04	8.642870e-04	4.110966e-05	-4.110966e-05	8.207382e-04	8.630140e-04
122           	1.644387e-03	-6.604447e-21	1.683755e-03	-4.209388e-05	-2.114255e-05	4.110968e-05	7.800996e-04	8.642874e-04	4.110968e-05	-4.110968e-05	8.207350e-04	8.630201e-04
123           	1.644388e-03	-6.604442e-21	1.683758e-03	-4.209394e-05	-2.114635e-05	4.110969e-05	7.800999e-04	8.642878e-04	4.110969e-05	-4.110969e-05	8.207324e-04	8.630251e-04
124           	1.644389e-03	-6.604439e-21	1.683760e-03	-4.209399e-05	-2.114898e-05	4.110972e-05	7.801003e-04	8.642883e-04	4.110972e-05	-4.110972e-05	8.207308e-04	8.630288e-04
125           	1.644389e-03	-6.604436e-21	1.683762e-03	-4.209405e-05	-2.115208e-05	4.110973e-05	7.801006e-04	8.642887e-04	4.110973e-05	-4.110973e-05	8.207288e-04	8.630330e-04
126           	1.644390e-03	-6.604440e-21	1.683764e-03	-4.209410e-05	-2.115540e-05	4.110975e-05	7.801009e-04	8.642891e-04	4.110975e-05	-4.110975e-05	8.207266e-04	8.630374e-04
127           	1.644391e-03	-6.604438e-21	1.683766e-03	-4.209415e-05	-2.115860e-05	4.110977e-05	7.801012e-04	8.642895e-04	4.110977e-05	-4.110977e-05	8.207245e-04	8.630417e-04
128           	1.644391e-03	-6.604436e-21	1.683768e-03	-4.209420e-05	-2.116181e-05	4.110978e-05	7.801014e-04	8.642898e-04	4.110978e-05	-4.110978e-05	8.207223e-04	8.630459e-04
129           	1.644392e-03	-6.604434e-21	1.683770e-03	-4.209425e-05	-2.116498e-05	4.110979e-05	7.801015e-04	8.642901e-04	4.110979e-05	-4.110979e-05	8.207201e-04	8.630500e-04
130           	1.644392e-03	-6.604431e-21	1.683772e-03	-4.209430e-05	-2.116813e-05	4.110980e-05	7.801017e-04	8.642903e-04	4.110980e-05	-4.110980e-05	8.207178e-04	8.630541e-04
131           	1.644392e-03	-6.604432e-21	1.683774e-03	-4.209434e-05	-2.117137e-05	4.110980e-05	7.801017e-04	8.642904e-04	4.110980e-05	-4.110980e-05	8.207154e-04	8.630582e-04
132           	1.644392e-03	-6.604432e-21	1.683775e-03	-4.209438e-05	-2.117429e-05	4.110981e-05	7.801018e-04	8.642905e-04	4.110981e-05	-4.110981e-05	8.207133e-04	8.630618e-04
133           	1.644392e-03	-6.604428e-21	1.683776e-03	-4.209441e-05	-2.117673e-05	4.110981e-05	7.801018e-04	8.642906e-04	4.110981e-05	-4.110981e-05	8.207115e-04	8.630649e-04
134           	1.644392e-03	-6.604425e-21	1.683777e-03	-4.209444e-05	-2.117886e-05	4.110981e-05	7.801018e-04	8.642907e-04	4.110981e-05	-4.110981e-05	8.207099e-04	8.630676e-04
135           	1.644392e-03	-6.604421e-21	1.683778e-03	-4.209446e-05	-2.118038e-05	4.110981e-05	7.801018e-04	8.642907e-04	4.110981e-05	-4.110981e-05	8.207088e-04	8.630695e-04
136           	1.644393e-03	-6.604418e-21	1.683779e-03	-4.209447e-05	-2.118176e-05	4.110981e-05	7.801018e-04	8.642907e-04	4.110981e-05	-4.110981e-05	8.207077e-04	8.630713e-04
137           	1.644393e-03	-6.604416e-21	1.683780e-03	-4.209449e-05	-2.118278e-05	4.110981e-05	7.801018e-04	8.642908e-04	4.110981e-05	-4.110981e-05	8.207070e-04	8.630725e-04
138           	1.644393e-03	-6.604413e-21	1.683780e-03	-4.209450e-05	-2.118396e-05	4.110982e-05	7.801018e-04	8.642908e-04	4.110982e-05	-4.110982e-05	8.207061e-04	8.630740e-04
139           	1.644393e-03	-6.604411e-21	1.683781e-03	-4.209452e-05	-2.118496e-05	4.110982e-05	7.801018e-04	8.642909e-04	4.110982e-05	-4.110982e-05	8.207054e-04	8.630753e-04
140           	1.644393e-03	-6.604409e-21	1.683781e-03	-4.209453e-05	-2.118616e-05	4.110982e-05	7.801018e-04	8.642909e-04	4.110982e-05	-4.110982e-05	8.207045e-04	8.630768e-04
141           	1.644393e-03	-6.604407e-21	1.683782e-03	-4.209454e-05	-2.118732e-05	4.110982e-05	7.801018e-04	8.642909e-04	4.110982e-05	-4.110982e-05	8.207036e-04	8.630782e-04
142           	1.644393e-03	-6.604401e-21	1.683782e-03	-4.209455e-05	-2.118833e-05	4.110981e-05	7.801017e-04	8.642909e-04	4.110981e-05	-4.110981e-05	8.207028e-04	8.630794e-04
143           	1.644393e-03	-6.604395e-21	1.683783e-03	-4.209456e-05	-2.118914e-05	4.110981e-05	7.801017e-04	8.642908e-04	4.110981e-05	-4.110981e-05	8.207021e-04	8.630804e-04
144           	1.644392e-03	-6.604389e-21	1.683783e-03	-4.209457e-05	-2.118962e-05	4.110981e-05	7.801017e-04	8.642908e-04	4.110981e-05	-4.110981e-05	8.207017e-04	8.630810e-04
145           	1.644392e-03	-6.604385e-21	1.683783e-03	-4.209457e-05	-2.119011e-05	4.110981e-05	7.801016e-04	8.642908e-04	4.110981e-05	-4.110981e-05	8.207013e-04	8.630815e-04
146           	1.644392e-03	-6.604384e-21	1.683783e-03	-4.209457e-05	-2.119043e-05	4.110981e-05	7.801016e-04	8.642907e-04	4.110981e-05	-4.110981e-05	8.207010e-04	8.630819e-04
147           	1.644392e-03	-6.604382e-21	1.683783e-03	-4.209457e-05	-2.119062e-05	4.110981e-05	7.801015e-04	8.642907e-04	4.110981e-05	-4.110981e-05	8.207009e-04	8.630821e-04
148           	1.644392e-03	-6.604382e-21	1.683783e-03	-4.209457e-05	-2.119068e-05	4.110980e-05	7.801015e-04	8.642907e-04	4.110980e-05	-4.110980e-05	8.207008e-04	8.630822e-04
149           	1.644392e-03	-6.604381e-21	1.683783e-03	-4.209457e-05	-2.119066e-05	4.110980e-05	7.801015e-04	8.642906e-04	4.110980e-05	-4.110980e-05	8.207008e-04	8.630821e-04
150           	1.644392e-03	-6.604380e-21	1.683783e-03	-4.209457e-05	-2.119057e-05	4.110980e-05	7.801015e-04	8.642906e-04	4.110980e-05	-4.110980e-05	8.207008e-04	8.630820e-04
151           	1.644392e-03	-6.604380e-21	1.683783e-03	-4.209457e-05	-2.119042e-05	4.110980e-05	7.801015e-04	8.642906e-04	4.110980e-05	-4.110980e-05	8.207009e-04	8.630818e-04
152           	1.644392e-03	-6.604380e-21	1.683783e-03	-4.209456e-05	-2.119019e-05	4.110980e-05	7.801014e-04	8.642906e-04	4.110980e-05	-4.110980e-05	8.207011e-04	8.630815e-04
153           	1.644392e-03	-6.604379e-21	1.683782e-03	-4.209456e-05	-2.118991e-05	4.110980e-05	7.801014e-04	8.642905e-04	4.110980e-05	-4.110980e-05	8.207013e-04	8.630811e-04
154           	1.644392e-03	-6.604378e-21	1.683782e-03	-4.209455e-05	-2.118952e-05	4.110980e-05	7.801014e-04	8.642905e-04	4.110980e-05	-4.110980e-05	8.207015e-04	8.630806e-04
155           	1.644392e-03	-6.604376e-21	1.683782e-03	-4.209454e-05	-2.118884e-05	4.110980e-05	7.801014e-04	8.642905e-04	4.110980e-05	-4.110980e-05	8.207021e-04	8.630797e-04
156           	1.644392e-03	-6.604376e-21	1.683782e-03	-4.209454e-05	-2.118827e-05	4.110980e-05	7.801014e-04	8.642904e-04	4.110980e-05	-4.110980e-05	8.207025e-04	8.630790e-04
157           	1.644392e-03	-6.604375e-21	1.683781e-03	-4.209453e-05	-2.118771e-05	4.110979e-05	7.801014e-04	8.642904e-04	4.110979e-05	-4.110979e-05	8.207029e-04	8.630783e-04
158           	1.644392e-03	-6.604375e-21	1.683781e-03	-4.209452e-05	-2.118718e-05	4.110979e-05	7.801014e-04	8.642904e-04	4.110979e-05	-4.110979e-05	8.207033e-04	8.630777e-04
159           	1.644392e-03	-6.604375e-21	1.683781e-03	-4.209452e-05	-2.118670e-05	4.110979e-05	7.801014e-04	8.642904e-04	4.110979e-05	-4.110979e-05	8.207037e-04	8.630771e-04
160           	1.644392e-03	-6.604375e-21	1.683781e-03	-4.209451e-05	-2.118631e-05	4.110979e-05	7.801014e-04	8.642904e-04	4.110979e-05	-4.110979e-05	8.207040e-04	8.630766e-04
161           	1.644392e-03	-6.604375e-21	1.683780e-03	-4.209451e-05	-2.118588e-05	4.110979e-05	7.801014e-04	8.642904e-04	4.110979e-05	-4.110979e-05	8.207043e-04	8.630760e-04
162           	1.644392e-03	-6.604375e-21	1.683780e-03	-4.209450e-05	-2.118538e-05	4.110979e-05	7.801014e-04	8.642904e-04	4.110979e-05	-4.110979e-05	8.207047e-04	8.630754e-04
163           	1.644392e-03	-6.604375e-21	1.683780e-03	-4.209450e-05	-2.118483e-05	4.110979e-05	7.801014e-04	8.642904e-04	4.110979e-05	-4.110979e-05	8.207051e-04	8.630747e-04
164           	1.644392e-03	-6.604376e-21	1.683780e-03	-4.209449e-05	-2.118432e-05	4.110979e-05	7.801014e-04	8.642904e-04	4.110979e-05	-4.110979e-05	8.207055e-04	8.630741e-04
165           	1.644392e-03	-6.604378e-21	1.683779e-03	-4.209449e-05	-2.118391e-05	4.110979e-05	7.801014e-04	8.642904e-04	4.110979e-05	-4.110979e-05	8.207058e-04	8.630736e-04
166           	1.644392e-03	-6.604379e-21	1.683779e-03	-4.209448e-05	-2.118354e-05	4.110979e-05	7.801014e-04	8.642904e-04	4.110979e-05	-4.110979e-05	8.207061e-04	8.630732e-04
167           	1.644392e-03	-6.604380e-21	1.683779e-03	-4.209448e-05	-2.118320e-05	4.110980e-05	7.801014e-04	8.642904e-04	4.110980e-05	-4.110980e-05	8.207064e-04	8.630728e-04
168           	1.644392e-03	-6.604381e-21	1.683779e-03	-4.209448e-05	-2.118296e-05	4.110980e-05	7.801014e-04	8.642904e-04	4.110980e-05	-4.110980e-05	8.207066e-04	8.630725e-04
169           	1.644392e-03	-6.604381e-21	1.683779e-03	-4.209447e-05	-2.118271e-05	4.110980e-05	7.801014e-04	8.642904e-04	4.110980e-05	-4.110980e-05	8.207068e-04	8.630722e-04
170           	1.644392e-03	-6.604382e-21	1.683779e-03	-4.209447e-05	-2.118247e-05	4.110980e-05	7.801014e-04	8.642904e-04	4.110980e-05	-4.110980e-05	8.207069e-04	8.630719e-04
171           	1.644392e-03	-6.604382e-21	1.683779e-03	-4.209447e-05	-2.118222e-05	4.110980e-05	7.801015e-04	8.642904e-04	4.110980e-05	-4.110980e-05	8.207071e-04	8.630716e-04
172           	1.644392e-03	-6.604383e-21	1.683779e-03	-4.209447e-05	-2.118196e-05	4.110980e-05	7.801015e-04	8.642904e-04	4.110980e-05	-4.110980e-05	8.207074e-04	8.630713e-04
173           	1.644392e-03	-6.604383e-21	1.683779e-03	-4.209446e-05	-2.118172e-05	4.110980e-05	7.801015e-04	8.642904e-04	4.110980e-05	-4.110980e-05	8.207075e-04	8.630710e-04
174           	1.644392e-03	-6.604384e-21	1.683778e-03	-4.209446e-05	-2.118151e-05	4.110980e-05	7.801015e-04	8.642904e-04	4.110980e-05	-4.110980e-05	8.207077e-04	8.630707e-04
175           	1.644392e-03	-6.604384e-21	1.683778e-03	-4.209446e-05	-2.118134e-05	4.110980e-05	7.801015e-04	8.642904e-04	4.110980e-05	-4.110980e-05	8.207079e-04	8.630705e-04
176           	1.644392e-03	-6.604384e-21	1.683778e-03	-4.209446e-05	-2.118120e-05	4.110980e-05	7.801015e-04	8.642904e-04	4.110980e-05	-4.110980e-05	8.207080e-04	8.630704e-04
177           	1.644392e-03	-6.604385e-21	1.683778e-03	-4.209446e-05	-2.118110e-05	4.110980e-05	7.801015e-04	8.642904e-04	4.110980e-05	-4.110980e-05	8.207081e-04	8.630703e-04
178           	1.644392e-03	-6.604385e-21	1.683778e-03	-4.209446e-05	-2.118098e-05	4.110980e-05	7.801015e-04	8.642904e-04	4.110980e-05	-4.110980e-05	8.207081e-04	8.630701e-04
179           	1.644392e-03	-6.604385e-21	1.683778e-03	-4.209446e-05	-2.118087e-05	4.110980e-05	7.801015e-04	8.642904e-04	4.110980e-05	-4.110980e-05	8.207082e-04	8.630700e-04
180           	1.644392e-03	-6.604385e-21	1.683778e-03	-4.209445e-05	-2.118078e-05	4.110980e-05	7.801015e-04	8.642904e-04	4.110980e-05	-4.110980e-05	8.207083e-04	8.630699e-04
181           	1.644392e-03	-6.604385e-21	1.683778e-03	-4.209445e-05	-2.118072e-05	4.110980e-05	7.801015e-04	8.642904e-04	4.110980e-05	-4.110980e-05	8.207084e-04	8.630698e-04
182           	1.644392e-03	-6.604385e-21	1.683778e-03	-4.209445e-05	-2.118069e-05	4.110980e-05	7.801015e-04	8.642904e-04	4.110980e-05	-4.110980e-05	8.207084e-04	8.630698e-04
