# Force coefficients
# dragDir     : (1.000000e+00 0.000000e+00 0.000000e+00)
# sideDir     : (0.000000e+00 0.000000e+00 -1.000000e+00)
# liftDir     : (0.000000e+00 1.000000e+00 0.000000e+00)
# rollAxis    : (1.000000e+00 0.000000e+00 0.000000e+00)
# pitchAxis   : (0.000000e+00 0.000000e+00 -1.000000e+00)
# yawAxis     : (0.000000e+00 1.000000e+00 0.000000e+00)
# magUInf     : 6.000000e-02
# lRef        : 1.000000e-01
# Aref        : 1.000000e-01
# CofR        : (0.000000e+00 0.000000e+00 0.000000e+00)
#
# Time        	Cd            	Cs            	Cl            	CmRoll        	CmPitch       	CmYaw         	Cd(f)         	Cd(r)         	Cs(f)         	Cs(r)         	Cl(f)         	Cl(r)         
1             	4.494842e-04	2.217415e-20	6.818393e-04	-1.704598e-05	-4.098605e-04	1.123710e-05	2.076961e-04	2.417881e-04	1.123710e-05	-1.123710e-05	-6.894080e-05	7.507801e-04
2             	1.843550e-03	8.697669e-20	2.957984e-03	-7.394960e-05	-1.968264e-03	4.608874e-05	8.478252e-04	9.957244e-04	4.608874e-05	-4.608874e-05	-4.892722e-04	3.447256e-03
3             	1.933808e-03	1.066838e-19	2.608424e-03	-6.521060e-05	-1.013626e-03	4.834521e-05	9.016936e-04	1.032115e-03	4.834521e-05	-4.834521e-05	2.905855e-04	2.317838e-03
4             	1.743190e-03	3.888130e-20	2.116178e-03	-5.290444e-05	-4.198589e-04	4.357975e-05	8.186905e-04	9.244994e-04	4.357975e-05	-4.357975e-05	6.382299e-04	1.477948e-03
5             	1.493675e-03	-3.939759e-21	1.810485e-03	-4.526213e-05	-3.580419e-04	3.734187e-05	7.015752e-04	7.920994e-04	3.734187e-05	-3.734187e-05	5.472007e-04	1.263284e-03
6             	1.087835e-03	-1.224359e-20	1.707942e-03	-4.269856e-05	-1.012907e-03	2.719588e-05	5.012190e-04	5.866161e-04	2.719588e-05	-2.719588e-05	-1.589356e-04	1.866878e-03
7             	8.417707e-04	-8.313332e-21	1.537650e-03	-3.844125e-05	-1.185349e-03	2.104427e-05	3.824441e-04	4.593266e-04	2.104427e-05	-2.104427e-05	-4.165236e-04	1.954174e-03
8             	7.932000e-04	-2.372297e-21	1.249071e-03	-3.122678e-05	-7.005941e-04	1.983000e-05	3.653732e-04	4.278268e-04	1.983000e-05	-1.983000e-05	-7.605854e-05	1.325130e-03
9             	8.632438e-04	1.615561e-21	1.250705e-03	-3.126762e-05	-5.399551e-04	2.158110e-05	4.003543e-04	4.628895e-04	2.158110e-05	-2.158110e-05	8.539737e-05	1.165308e-03
10            	1.006105e-03	4.905875e-21	1.537206e-03	-3.843015e-05	-7.959322e-04	2.515263e-05	4.646225e-04	5.414828e-04	2.515263e-05	-2.515263e-05	-2.732920e-05	1.564535e-03
11            	1.167215e-03	8.143530e-21	1.968126e-03	-4.920316e-05	-1.290605e-03	2.918037e-05	5.344042e-04	6.328105e-04	2.918037e-05	-2.918037e-05	-3.065422e-04	2.274668e-03
12            	1.275283e-03	1.028703e-20	2.298606e-03	-5.746515e-05	-1.692381e-03	3.188207e-05	5.801763e-04	6.951066e-04	3.188207e-05	-3.188207e-05	-5.430779e-04	2.841684e-03
13            	1.358007e-03	1.151590e-20	2.617406e-03	-6.543515e-05	-2.118654e-03	3.395017e-05	6.135682e-04	7.444385e-04	3.395017e-05	-3.395017e-05	-8.099513e-04	3.427357e-03
14            	1.403378e-03	1.235638e-20	2.851044e-03	-7.127609e-05	-2.449539e-03	3.508446e-05	6.304130e-04	7.729652e-04	3.508446e-05	-3.508446e-05	-1.024018e-03	3.875061e-03
15            	1.430301e-03	1.308940e-20	3.019794e-03	-7.549484e-05	-2.690894e-03	3.575752e-05	6.396555e-04	7.906452e-04	3.575752e-05	-3.575752e-05	-1.180997e-03	4.200791e-03
16            	1.445933e-03	1.366028e-20	3.146251e-03	-7.865628e-05	-2.874288e-03	3.614834e-05	6.443104e-04	8.016230e-04	3.614834e-05	-3.614834e-05	-1.301162e-03	4.447414e-03
17            	1.452910e-03	1.412364e-20	3.249752e-03	-8.124380e-05	-3.033360e-03	3.632275e-05	6.452112e-04	8.076988e-04	3.632275e-05	-3.632275e-05	-1.408484e-03	4.658236e-03
18            	1.453324e-03	1.448765e-20	3.337607e-03	-8.344016e-05	-3.178608e-03	3.633309e-05	6.432217e-04	8.101020e-04	3.633309e-05	-3.633309e-05	-1.509805e-03	4.847411e-03
19            	1.450174e-03	1.477318e-20	3.408822e-03	-8.522056e-05	-3.302281e-03	3.625435e-05	6.398665e-04	8.103076e-04	3.625435e-05	-3.625435e-05	-1.597870e-03	5.006692e-03
20            	1.445128e-03	1.505341e-20	3.466239e-03	-8.665598e-05	-3.405953e-03	3.612820e-05	6.359081e-04	8.092201e-04	3.612820e-05	-3.612820e-05	-1.672834e-03	5.139073e-03
21            	1.439015e-03	1.529495e-20	3.510201e-03	-8.775502e-05	-3.488017e-03	3.597537e-05	6.317524e-04	8.072624e-04	3.597537e-05	-3.597537e-05	-1.732917e-03	5.243118e-03
22            	1.433040e-03	1.549608e-20	3.541749e-03	-8.854373e-05	-3.547800e-03	3.582599e-05	6.279760e-04	8.050635e-04	3.582599e-05	-3.582599e-05	-1.776926e-03	5.318675e-03
23            	1.427842e-03	1.565902e-20	3.563188e-03	-8.907970e-05	-3.588130e-03	3.569605e-05	6.248413e-04	8.030007e-04	3.569605e-05	-3.569605e-05	-1.806536e-03	5.369724e-03
24            	1.423123e-03	1.578401e-20	3.577358e-03	-8.943395e-05	-3.614661e-03	3.557807e-05	6.221274e-04	8.009953e-04	3.557807e-05	-3.557807e-05	-1.825982e-03	5.403340e-03
25            	1.418778e-03	1.587926e-20	3.586387e-03	-8.965968e-05	-3.631843e-03	3.546944e-05	6.197291e-04	7.990485e-04	3.546944e-05	-3.546944e-05	-1.838649e-03	5.425036e-03
26            	1.414872e-03	1.596859e-20	3.592370e-03	-8.980926e-05	-3.643537e-03	3.537181e-05	6.176269e-04	7.972454e-04	3.537181e-05	-3.537181e-05	-1.847352e-03	5.439722e-03
27            	1.411214e-03	1.605444e-20	3.595636e-03	-8.989089e-05	-3.650397e-03	3.528036e-05	6.157163e-04	7.954981e-04	3.528036e-05	-3.528036e-05	-1.852579e-03	5.448215e-03
28            	1.407439e-03	1.611818e-20	3.596135e-03	-8.990338e-05	-3.652810e-03	3.518598e-05	6.138162e-04	7.936230e-04	3.518598e-05	-3.518598e-05	-1.854742e-03	5.450877e-03
29            	1.403405e-03	1.614643e-20	3.593529e-03	-8.983824e-05	-3.650174e-03	3.508514e-05	6.118645e-04	7.915410e-04	3.508514e-05	-3.508514e-05	-1.853409e-03	5.446938e-03
30            	1.399125e-03	1.613346e-20	3.587696e-03	-8.969240e-05	-3.642094e-03	3.497812e-05	6.098701e-04	7.892549e-04	3.497812e-05	-3.497812e-05	-1.848246e-03	5.435942e-03
31            	1.395294e-03	1.609596e-20	3.579552e-03	-8.948879e-05	-3.629017e-03	3.488236e-05	6.081584e-04	7.871360e-04	3.488236e-05	-3.488236e-05	-1.839241e-03	5.418793e-03
32            	1.391219e-03	1.604230e-20	3.569121e-03	-8.922803e-05	-3.612308e-03	3.478048e-05	6.063815e-04	7.848376e-04	3.478048e-05	-3.478048e-05	-1.827747e-03	5.396869e-03
33            	1.386801e-03	1.597026e-20	3.556309e-03	-8.890773e-05	-3.591984e-03	3.467002e-05	6.044928e-04	7.823082e-04	3.467002e-05	-3.467002e-05	-1.813830e-03	5.370139e-03
34            	1.382169e-03	1.588151e-20	3.541410e-03	-8.853524e-05	-3.568386e-03	3.455422e-05	6.025491e-04	7.796196e-04	3.455422e-05	-3.455422e-05	-1.797681e-03	5.339091e-03
35            	1.377387e-03	1.577785e-20	3.524627e-03	-8.811567e-05	-3.541801e-03	3.443468e-05	6.005778e-04	7.768092e-04	3.443468e-05	-3.443468e-05	-1.779488e-03	5.304115e-03
36            	1.372464e-03	1.566181e-20	3.506166e-03	-8.765416e-05	-3.512629e-03	3.431161e-05	5.985781e-04	7.738864e-04	3.431161e-05	-3.431161e-05	-1.759546e-03	5.265712e-03
37            	1.367428e-03	1.553585e-20	3.486289e-03	-8.715723e-05	-3.481332e-03	3.418569e-05	5.965566e-04	7.708711e-04	3.418569e-05	-3.418569e-05	-1.738187e-03	5.224476e-03
38            	1.362389e-03	1.540295e-20	3.465323e-03	-8.663307e-05	-3.448313e-03	3.405972e-05	5.945613e-04	7.678275e-04	3.405972e-05	-3.405972e-05	-1.715651e-03	5.180974e-03
39            	1.357419e-03	1.526393e-20	3.443501e-03	-8.608752e-05	-3.413876e-03	3.393546e-05	5.926218e-04	7.647968e-04	3.393546e-05	-3.393546e-05	-1.692126e-03	5.135627e-03
40            	1.352694e-03	1.512296e-20	3.421173e-03	-8.552933e-05	-3.378305e-03	3.381736e-05	5.908179e-04	7.618765e-04	3.381736e-05	-3.381736e-05	-1.667719e-03	5.088892e-03
41            	1.348234e-03	1.498111e-20	3.398643e-03	-8.496609e-05	-3.342138e-03	3.370585e-05	5.891509e-04	7.590831e-04	3.370585e-05	-3.370585e-05	-1.642817e-03	5.041460e-03
42            	1.344055e-03	1.484035e-20	3.376202e-03	-8.440504e-05	-3.305879e-03	3.360136e-05	5.876222e-04	7.564323e-04	3.360136e-05	-3.360136e-05	-1.617778e-03	4.993980e-03
43            	1.340098e-03	1.470232e-20	3.354202e-03	-8.385504e-05	-3.270273e-03	3.350244e-05	5.861938e-04	7.539039e-04	3.350244e-05	-3.350244e-05	-1.593173e-03	4.947374e-03
44            	1.334474e-03	1.456568e-20	3.326345e-03	-8.315862e-05	-3.226884e-03	3.336186e-05	5.840785e-04	7.503958e-04	3.336186e-05	-3.336186e-05	-1.563712e-03	4.890056e-03
45            	1.331897e-03	1.442921e-20	3.307718e-03	-8.269294e-05	-3.195580e-03	3.329743e-05	5.832557e-04	7.486416e-04	3.329743e-05	-3.329743e-05	-1.541721e-03	4.849439e-03
46            	1.328776e-03	1.433153e-20	3.287117e-03	-8.217794e-05	-3.161755e-03	3.321941e-05	5.822102e-04	7.465661e-04	3.321941e-05	-3.321941e-05	-1.518196e-03	4.805313e-03
47            	1.326093e-03	1.421826e-20	3.267867e-03	-8.169668e-05	-3.129663e-03	3.315232e-05	5.813498e-04	7.447432e-04	3.315232e-05	-3.315232e-05	-1.495729e-03	4.763596e-03
48            	1.322205e-03	1.409767e-20	3.244049e-03	-8.110122e-05	-3.091333e-03	3.305512e-05	5.800011e-04	7.422035e-04	3.305512e-05	-3.305512e-05	-1.469308e-03	4.713357e-03
49            	1.320666e-03	1.397820e-20	3.228877e-03	-8.072192e-05	-3.065139e-03	3.301666e-05	5.796112e-04	7.410551e-04	3.301666e-05	-3.301666e-05	-1.450701e-03	4.679578e-03
50            	1.318282e-03	1.387561e-20	3.212079e-03	-8.030198e-05	-3.037659e-03	3.295705e-05	5.788391e-04	7.394431e-04	3.295705e-05	-3.295705e-05	-1.431619e-03	4.643698e-03
51            	1.316184e-03	1.376567e-20	3.196487e-03	-7.991217e-05	-3.011860e-03	3.290459e-05	5.781796e-04	7.380040e-04	3.290459e-05	-3.290459e-05	-1.413617e-03	4.610104e-03
52            	1.314164e-03	1.365605e-20	3.181317e-03	-7.953293e-05	-2.986828e-03	3.285410e-05	5.775491e-04	7.366150e-04	3.285410e-05	-3.285410e-05	-1.396170e-03	4.577487e-03
53            	1.312234e-03	1.355181e-20	3.167127e-03	-7.917817e-05	-2.963546e-03	3.280584e-05	5.769386e-04	7.352950e-04	3.280584e-05	-3.280584e-05	-1.379983e-03	4.547109e-03
54            	1.310305e-03	1.345205e-20	3.153627e-03	-7.884067e-05	-2.941654e-03	3.275763e-05	5.763120e-04	7.339933e-04	3.275763e-05	-3.275763e-05	-1.364840e-03	4.518467e-03
55            	1.308436e-03	1.335771e-20	3.140772e-03	-7.851930e-05	-2.920921e-03	3.271091e-05	5.756989e-04	7.327375e-04	3.271091e-05	-3.271091e-05	-1.350535e-03	4.491307e-03
56            	1.306666e-03	1.326835e-20	3.128505e-03	-7.821262e-05	-2.901159e-03	3.266665e-05	5.751204e-04	7.315456e-04	3.266665e-05	-3.266665e-05	-1.336906e-03	4.465411e-03
57            	1.305026e-03	1.318407e-20	3.116847e-03	-7.792118e-05	-2.882345e-03	3.262566e-05	5.745920e-04	7.304343e-04	3.262566e-05	-3.262566e-05	-1.323921e-03	4.440768e-03
58            	1.303540e-03	1.310490e-20	3.105902e-03	-7.764755e-05	-2.864637e-03	3.258849e-05	5.741223e-04	7.294174e-04	3.258849e-05	-3.258849e-05	-1.311686e-03	4.417589e-03
59            	1.302201e-03	1.303072e-20	3.095687e-03	-7.739219e-05	-2.848077e-03	3.255502e-05	5.737083e-04	7.284927e-04	3.255502e-05	-3.255502e-05	-1.300233e-03	4.395921e-03
60            	1.300997e-03	1.296120e-20	3.086192e-03	-7.715481e-05	-2.832665e-03	3.252493e-05	5.733437e-04	7.276533e-04	3.252493e-05	-3.252493e-05	-1.289569e-03	4.375761e-03
61            	1.299913e-03	1.289594e-20	3.077388e-03	-7.693470e-05	-2.818367e-03	3.249783e-05	5.730219e-04	7.268913e-04	3.249783e-05	-3.249783e-05	-1.279673e-03	4.357061e-03
62            	1.298940e-03	1.283451e-20	3.069255e-03	-7.673138e-05	-2.805158e-03	3.247350e-05	5.727386e-04	7.262014e-04	3.247350e-05	-3.247350e-05	-1.270530e-03	4.339785e-03
63            	1.298062e-03	1.277658e-20	3.061734e-03	-7.654334e-05	-2.792947e-03	3.245155e-05	5.724876e-04	7.255742e-04	3.245155e-05	-3.245155e-05	-1.262080e-03	4.323814e-03
64            	1.297298e-03	1.272200e-20	3.054865e-03	-7.637161e-05	-2.781796e-03	3.243244e-05	5.722772e-04	7.250204e-04	3.243244e-05	-3.243244e-05	-1.254364e-03	4.309229e-03
65            	1.296588e-03	1.267117e-20	3.048479e-03	-7.621197e-05	-2.771441e-03	3.241471e-05	5.720822e-04	7.245062e-04	3.241471e-05	-3.241471e-05	-1.247201e-03	4.295680e-03
66            	1.295954e-03	1.262337e-20	3.042922e-03	-7.607305e-05	-2.762579e-03	3.239884e-05	5.719038e-04	7.240499e-04	3.239884e-05	-3.239884e-05	-1.241118e-03	4.284040e-03
67            	1.295329e-03	1.258046e-20	3.037723e-03	-7.594307e-05	-2.754353e-03	3.238323e-05	5.717216e-04	7.236078e-04	3.238323e-05	-3.238323e-05	-1.235492e-03	4.273215e-03
68            	1.294782e-03	1.253992e-20	3.032951e-03	-7.582377e-05	-2.746802e-03	3.236955e-05	5.715672e-04	7.232147e-04	3.236955e-05	-3.236955e-05	-1.230326e-03	4.263277e-03
69            	1.294330e-03	1.250206e-20	3.028572e-03	-7.571430e-05	-2.739802e-03	3.235825e-05	5.714506e-04	7.228792e-04	3.235825e-05	-3.235825e-05	-1.225516e-03	4.254089e-03
70            	1.293940e-03	1.246666e-20	3.024629e-03	-7.561573e-05	-2.733510e-03	3.234850e-05	5.713542e-04	7.225857e-04	3.234850e-05	-3.234850e-05	-1.221195e-03	4.245824e-03
71            	1.293605e-03	1.243356e-20	3.021089e-03	-7.552722e-05	-2.727874e-03	3.234013e-05	5.712754e-04	7.223298e-04	3.234013e-05	-3.234013e-05	-1.217329e-03	4.238418e-03
72            	1.293321e-03	1.240277e-20	3.017924e-03	-7.544810e-05	-2.722850e-03	3.233303e-05	5.712125e-04	7.221087e-04	3.233303e-05	-3.233303e-05	-1.213888e-03	4.231812e-03
73            	1.293080e-03	1.237419e-20	3.015101e-03	-7.537752e-05	-2.718388e-03	3.232700e-05	5.711625e-04	7.219176e-04	3.232700e-05	-3.232700e-05	-1.210837e-03	4.225938e-03
74            	1.292866e-03	1.234708e-20	3.012571e-03	-7.531427e-05	-2.714425e-03	3.232165e-05	5.711187e-04	7.217472e-04	3.232165e-05	-3.232165e-05	-1.208139e-03	4.220710e-03
75            	1.292697e-03	1.232164e-20	3.010370e-03	-7.525925e-05	-2.710995e-03	3.231742e-05	5.710891e-04	7.216076e-04	3.231742e-05	-3.231742e-05	-1.205810e-03	4.216180e-03
76            	1.292558e-03	1.229950e-20	3.008431e-03	-7.521078e-05	-2.707996e-03	3.231394e-05	5.710680e-04	7.214895e-04	3.231394e-05	-3.231394e-05	-1.203780e-03	4.212212e-03
77            	1.292448e-03	1.227933e-20	3.006753e-03	-7.516882e-05	-2.705426e-03	3.231121e-05	5.710554e-04	7.213930e-04	3.231121e-05	-3.231121e-05	-1.202049e-03	4.208802e-03
78            	1.292366e-03	1.226103e-20	3.005310e-03	-7.513275e-05	-2.703242e-03	3.230915e-05	5.710503e-04	7.213158e-04	3.230915e-05	-3.230915e-05	-1.200587e-03	4.205897e-03
79            	1.292303e-03	1.224415e-20	3.004077e-03	-7.510193e-05	-2.701411e-03	3.230758e-05	5.710496e-04	7.212535e-04	3.230758e-05	-3.230758e-05	-1.199373e-03	4.203450e-03
80            	1.292268e-03	1.222872e-20	3.003058e-03	-7.507646e-05	-2.699923e-03	3.230669e-05	5.710574e-04	7.212103e-04	3.230669e-05	-3.230669e-05	-1.198393e-03	4.201452e-03
81            	1.292253e-03	1.221559e-20	3.002214e-03	-7.505536e-05	-2.698716e-03	3.230632e-05	5.710710e-04	7.211817e-04	3.230632e-05	-3.230632e-05	-1.197609e-03	4.199824e-03
82            	1.292258e-03	1.220395e-20	3.001541e-03	-7.503852e-05	-2.697784e-03	3.230646e-05	5.710906e-04	7.211677e-04	3.230646e-05	-3.230646e-05	-1.197013e-03	4.198554e-03
83            	1.292282e-03	1.219369e-20	3.001018e-03	-7.502545e-05	-2.697091e-03	3.230705e-05	5.711155e-04	7.211664e-04	3.230705e-05	-3.230705e-05	-1.196582e-03	4.197600e-03
84            	1.292322e-03	1.218467e-20	3.000634e-03	-7.501584e-05	-2.696621e-03	3.230804e-05	5.711449e-04	7.211766e-04	3.230804e-05	-3.230804e-05	-1.196304e-03	4.196937e-03
85            	1.292376e-03	1.217680e-20	3.000376e-03	-7.500940e-05	-2.696352e-03	3.230940e-05	5.711786e-04	7.211974e-04	3.230940e-05	-3.230940e-05	-1.196164e-03	4.196540e-03
86            	1.292444e-03	1.217000e-20	3.000235e-03	-7.500587e-05	-2.696267e-03	3.231110e-05	5.712162e-04	7.212279e-04	3.231110e-05	-3.231110e-05	-1.196150e-03	4.196384e-03
87            	1.292522e-03	1.216422e-20	3.000190e-03	-7.500475e-05	-2.696332e-03	3.231304e-05	5.712561e-04	7.212656e-04	3.231304e-05	-3.231304e-05	-1.196237e-03	4.196427e-03
88            	1.292614e-03	1.215929e-20	3.000251e-03	-7.500627e-05	-2.696561e-03	3.231535e-05	5.713007e-04	7.213132e-04	3.231535e-05	-3.231535e-05	-1.196436e-03	4.196687e-03
89            	1.292722e-03	1.215520e-20	3.000413e-03	-7.501032e-05	-2.696943e-03	3.231804e-05	5.713505e-04	7.213711e-04	3.231804e-05	-3.231804e-05	-1.196737e-03	4.197149e-03
90            	1.292839e-03	1.215192e-20	3.000665e-03	-7.501662e-05	-2.697467e-03	3.232097e-05	5.714028e-04	7.214360e-04	3.232097e-05	-3.232097e-05	-1.197135e-03	4.197800e-03
91            	1.292964e-03	1.214940e-20	3.000999e-03	-7.502498e-05	-2.698123e-03	3.232410e-05	5.714569e-04	7.215069e-04	3.232410e-05	-3.232410e-05	-1.197624e-03	4.198623e-03
92            	1.293097e-03	1.214756e-20	3.001412e-03	-7.503531e-05	-2.698901e-03	3.232743e-05	5.715133e-04	7.215840e-04	3.232743e-05	-3.232743e-05	-1.198195e-03	4.199607e-03
93            	1.293240e-03	1.214637e-20	3.001902e-03	-7.504756e-05	-2.699797e-03	3.233099e-05	5.715723e-04	7.216674e-04	3.233099e-05	-3.233099e-05	-1.198846e-03	4.200748e-03
94            	1.293377e-03	1.214581e-20	3.002445e-03	-7.506113e-05	-2.700791e-03	3.233442e-05	5.716273e-04	7.217496e-04	3.233442e-05	-3.233442e-05	-1.199568e-03	4.202013e-03
95            	1.293524e-03	1.214571e-20	3.003050e-03	-7.507626e-05	-2.701872e-03	3.233809e-05	5.716856e-04	7.218381e-04	3.233809e-05	-3.233809e-05	-1.200347e-03	4.203397e-03
96            	1.293683e-03	1.214613e-20	3.003734e-03	-7.509334e-05	-2.703068e-03	3.234207e-05	5.717481e-04	7.219347e-04	3.234207e-05	-3.234207e-05	-1.201201e-03	4.204934e-03
97            	1.293848e-03	1.214709e-20	3.004483e-03	-7.511207e-05	-2.704367e-03	3.234619e-05	5.718118e-04	7.220360e-04	3.234619e-05	-3.234619e-05	-1.202125e-03	4.206608e-03
98            	1.294014e-03	1.214855e-20	3.005283e-03	-7.513207e-05	-2.705749e-03	3.235035e-05	5.718749e-04	7.221390e-04	3.235035e-05	-3.235035e-05	-1.203108e-03	4.208390e-03
99            	1.294179e-03	1.215044e-20	3.006121e-03	-7.515302e-05	-2.707193e-03	3.235448e-05	5.719367e-04	7.222427e-04	3.235448e-05	-3.235448e-05	-1.204132e-03	4.210253e-03
100           	1.294344e-03	1.215272e-20	3.006991e-03	-7.517477e-05	-2.708687e-03	3.235861e-05	5.719974e-04	7.223469e-04	3.235861e-05	-3.235861e-05	-1.205191e-03	4.212182e-03
101           	1.294509e-03	1.215537e-20	3.007886e-03	-7.519716e-05	-2.710219e-03	3.236272e-05	5.720572e-04	7.224515e-04	3.236272e-05	-3.236272e-05	-1.206276e-03	4.214163e-03
102           	1.294672e-03	1.215834e-20	3.008805e-03	-7.522013e-05	-2.711786e-03	3.236681e-05	5.721161e-04	7.225564e-04	3.236681e-05	-3.236681e-05	-1.207384e-03	4.216189e-03
103           	1.294835e-03	1.216160e-20	3.009742e-03	-7.524354e-05	-2.713380e-03	3.237088e-05	5.721741e-04	7.226612e-04	3.237088e-05	-3.237088e-05	-1.208509e-03	4.218251e-03
104           	1.294996e-03	1.216515e-20	3.010688e-03	-7.526721e-05	-2.714986e-03	3.237490e-05	5.722308e-04	7.227652e-04	3.237490e-05	-3.237490e-05	-1.209642e-03	4.220330e-03
105           	1.295154e-03	1.216892e-20	3.011641e-03	-7.529104e-05	-2.716601e-03	3.237884e-05	5.722858e-04	7.228679e-04	3.237884e-05	-3.237884e-05	-1.210780e-03	4.222421e-03
106           	1.295309e-03	1.217288e-20	3.012596e-03	-7.531489e-05	-2.718213e-03	3.238273e-05	5.723397e-04	7.229694e-04	3.238273e-05	-3.238273e-05	-1.211915e-03	4.224511e-03
107           	1.295458e-03	1.217701e-20	3.013545e-03	-7.533863e-05	-2.719820e-03	3.238646e-05	5.723906e-04	7.230678e-04	3.238646e-05	-3.238646e-05	-1.213047e-03	4.226592e-03
108           	1.295604e-03	1.218124e-20	3.014485e-03	-7.536213e-05	-2.721407e-03	3.239010e-05	5.724399e-04	7.231642e-04	3.239010e-05	-3.239010e-05	-1.214165e-03	4.228650e-03
109           	1.295745e-03	1.218555e-20	3.015413e-03	-7.538532e-05	-2.722972e-03	3.239363e-05	5.724874e-04	7.232580e-04	3.239363e-05	-3.239363e-05	-1.215265e-03	4.230678e-03
110           	1.295882e-03	1.218990e-20	3.016324e-03	-7.540811e-05	-2.724507e-03	3.239706e-05	5.725331e-04	7.233493e-04	3.239706e-05	-3.239706e-05	-1.216345e-03	4.232669e-03
111           	1.296015e-03	1.219428e-20	3.017217e-03	-7.543043e-05	-2.726008e-03	3.240037e-05	5.725770e-04	7.234379e-04	3.240037e-05	-3.240037e-05	-1.217399e-03	4.234617e-03
112           	1.296143e-03	1.219865e-20	3.018089e-03	-7.545223e-05	-2.727472e-03	3.240357e-05	5.726192e-04	7.235237e-04	3.240357e-05	-3.240357e-05	-1.218427e-03	4.236517e-03
113           	1.296266e-03	1.220300e-20	3.018938e-03	-7.547346e-05	-2.728896e-03	3.240665e-05	5.726596e-04	7.236065e-04	3.240665e-05	-3.240665e-05	-1.219427e-03	4.238365e-03
114           	1.296387e-03	1.220728e-20	3.019760e-03	-7.549399e-05	-2.730267e-03	3.240967e-05	5.726993e-04	7.236873e-04	3.240967e-05	-3.240967e-05	-1.220387e-03	4.240146e-03
115           	1.296504e-03	1.221146e-20	3.020554e-03	-7.551384e-05	-2.731587e-03	3.241259e-05	5.727379e-04	7.237656e-04	3.241259e-05	-3.241259e-05	-1.221310e-03	4.241864e-03
116           	1.296614e-03	1.221557e-20	3.021322e-03	-7.553305e-05	-2.732866e-03	3.241535e-05	5.727740e-04	7.238401e-04	3.241535e-05	-3.241535e-05	-1.222205e-03	4.243527e-03
117           	1.296719e-03	1.221959e-20	3.022063e-03	-7.555158e-05	-2.734101e-03	3.241797e-05	5.728077e-04	7.239109e-04	3.241797e-05	-3.241797e-05	-1.223069e-03	4.245133e-03
118           	1.296818e-03	1.222352e-20	3.022777e-03	-7.556942e-05	-2.735289e-03	3.242044e-05	5.728394e-04	7.239783e-04	3.242044e-05	-3.242044e-05	-1.223901e-03	4.246678e-03
119           	1.296911e-03	1.222736e-20	3.023461e-03	-7.558653e-05	-2.736429e-03	3.242278e-05	5.728691e-04	7.240421e-04	3.242278e-05	-3.242278e-05	-1.224699e-03	4.248160e-03
120           	1.296999e-03	1.223110e-20	3.024116e-03	-7.560289e-05	-2.737519e-03	3.242498e-05	5.728968e-04	7.241025e-04	3.242498e-05	-3.242498e-05	-1.225462e-03	4.249577e-03
121           	1.297082e-03	1.223472e-20	3.024740e-03	-7.561850e-05	-2.738559e-03	3.242705e-05	5.729226e-04	7.241596e-04	3.242705e-05	-3.242705e-05	-1.226189e-03	4.250929e-03
122           	1.297160e-03	1.223822e-20	3.025335e-03	-7.563337e-05	-2.739548e-03	3.242901e-05	5.729468e-04	7.242135e-04	3.242901e-05	-3.242901e-05	-1.226881e-03	4.252216e-03
123           	1.297234e-03	1.224161e-20	3.025900e-03	-7.564750e-05	-2.740488e-03	3.243085e-05	5.729694e-04	7.242644e-04	3.243085e-05	-3.243085e-05	-1.227538e-03	4.253438e-03
124           	1.297303e-03	1.224488e-20	3.026437e-03	-7.566092e-05	-2.741379e-03	3.243258e-05	5.729907e-04	7.243125e-04	3.243258e-05	-3.243258e-05	-1.228161e-03	4.254598e-03
125           	1.297368e-03	1.224803e-20	3.026946e-03	-7.567365e-05	-2.742223e-03	3.243421e-05	5.730106e-04	7.243579e-04	3.243421e-05	-3.243421e-05	-1.228750e-03	4.255696e-03
126           	1.297430e-03	1.225106e-20	3.027428e-03	-7.568570e-05	-2.743021e-03	3.243574e-05	5.730292e-04	7.244006e-04	3.243574e-05	-3.243574e-05	-1.229308e-03	4.256735e-03
127           	1.297487e-03	1.225397e-20	3.027883e-03	-7.569709e-05	-2.743775e-03	3.243718e-05	5.730465e-04	7.244407e-04	3.243718e-05	-3.243718e-05	-1.229833e-03	4.257717e-03
128           	1.297541e-03	1.225676e-20	3.028313e-03	-7.570783e-05	-2.744485e-03	3.243852e-05	5.730627e-04	7.244783e-04	3.243852e-05	-3.243852e-05	-1.230328e-03	4.258641e-03
129           	1.297591e-03	1.225943e-20	3.028718e-03	-7.571794e-05	-2.745152e-03	3.243978e-05	5.730777e-04	7.245135e-04	3.243978e-05	-3.243978e-05	-1.230793e-03	4.259511e-03
130           	1.297638e-03	1.226198e-20	3.029098e-03	-7.572744e-05	-2.745778e-03	3.244095e-05	5.730916e-04	7.245465e-04	3.244095e-05	-3.244095e-05	-1.231229e-03	4.260327e-03
131           	1.297682e-03	1.226441e-20	3.029454e-03	-7.573636e-05	-2.746365e-03	3.244204e-05	5.731044e-04	7.245771e-04	3.244204e-05	-3.244204e-05	-1.231638e-03	4.261092e-03
132           	1.297722e-03	1.226672e-20	3.029788e-03	-7.574471e-05	-2.746913e-03	3.244305e-05	5.731163e-04	7.246057e-04	3.244305e-05	-3.244305e-05	-1.232019e-03	4.261808e-03
133           	1.297759e-03	1.226891e-20	3.030101e-03	-7.575251e-05	-2.747425e-03	3.244398e-05	5.731272e-04	7.246322e-04	3.244398e-05	-3.244398e-05	-1.232375e-03	4.262476e-03
134           	1.297794e-03	1.227098e-20	3.030392e-03	-7.575979e-05	-2.747902e-03	3.244485e-05	5.731371e-04	7.246567e-04	3.244485e-05	-3.244485e-05	-1.232706e-03	4.263098e-03
135           	1.297826e-03	1.227295e-20	3.030663e-03	-7.576657e-05	-2.748345e-03	3.244564e-05	5.731462e-04	7.246794e-04	3.244564e-05	-3.244564e-05	-1.233014e-03	4.263677e-03
136           	1.297855e-03	1.227480e-20	3.030914e-03	-7.577286e-05	-2.748756e-03	3.244637e-05	5.731545e-04	7.247002e-04	3.244637e-05	-3.244637e-05	-1.233299e-03	4.264213e-03
137           	1.297881e-03	1.227654e-20	3.031147e-03	-7.577868e-05	-2.749136e-03	3.244703e-05	5.731620e-04	7.247194e-04	3.244703e-05	-3.244703e-05	-1.233562e-03	4.264709e-03
138           	1.297906e-03	1.227818e-20	3.031363e-03	-7.578407e-05	-2.749486e-03	3.244764e-05	5.731688e-04	7.247369e-04	3.244764e-05	-3.244764e-05	-1.233804e-03	4.265167e-03
139           	1.297927e-03	1.227972e-20	3.031560e-03	-7.578899e-05	-2.749806e-03	3.244817e-05	5.731745e-04	7.247525e-04	3.244817e-05	-3.244817e-05	-1.234026e-03	4.265586e-03
140           	1.297947e-03	1.228114e-20	3.031743e-03	-7.579358e-05	-2.750103e-03	3.244867e-05	5.731799e-04	7.247670e-04	3.244867e-05	-3.244867e-05	-1.234232e-03	4.265975e-03
141           	1.297965e-03	1.228249e-20	3.031910e-03	-7.579774e-05	-2.750372e-03	3.244912e-05	5.731846e-04	7.247800e-04	3.244912e-05	-3.244912e-05	-1.234417e-03	4.266327e-03
142           	1.297980e-03	1.228373e-20	3.032062e-03	-7.580154e-05	-2.750618e-03	3.244950e-05	5.731884e-04	7.247915e-04	3.244950e-05	-3.244950e-05	-1.234587e-03	4.266649e-03
143           	1.297994e-03	1.228489e-20	3.032200e-03	-7.580500e-05	-2.750841e-03	3.244985e-05	5.731919e-04	7.248019e-04	3.244985e-05	-3.244985e-05	-1.234741e-03	4.266941e-03
144           	1.298006e-03	1.228595e-20	3.032322e-03	-7.580805e-05	-2.751035e-03	3.245015e-05	5.731949e-04	7.248110e-04	3.245015e-05	-3.245015e-05	-1.234874e-03	4.267196e-03
145           	1.298018e-03	1.228691e-20	3.032433e-03	-7.581083e-05	-2.751210e-03	3.245044e-05	5.731980e-04	7.248197e-04	3.245044e-05	-3.245044e-05	-1.234994e-03	4.267427e-03
146           	1.298028e-03	1.228780e-20	3.032535e-03	-7.581338e-05	-2.751371e-03	3.245070e-05	5.732007e-04	7.248274e-04	3.245070e-05	-3.245070e-05	-1.235104e-03	4.267639e-03
147           	1.298037e-03	1.228863e-20	3.032628e-03	-7.581571e-05	-2.751518e-03	3.245092e-05	5.732027e-04	7.248341e-04	3.245092e-05	-3.245092e-05	-1.235204e-03	4.267832e-03
148           	1.298044e-03	1.228940e-20	3.032711e-03	-7.581779e-05	-2.751650e-03	3.245110e-05	5.732042e-04	7.248398e-04	3.245110e-05	-3.245110e-05	-1.235294e-03	4.268005e-03
149           	1.298050e-03	1.229010e-20	3.032785e-03	-7.581963e-05	-2.751766e-03	3.245125e-05	5.732053e-04	7.248446e-04	3.245125e-05	-3.245125e-05	-1.235373e-03	4.268158e-03
150           	1.298055e-03	1.229075e-20	3.032850e-03	-7.582125e-05	-2.751868e-03	3.245137e-05	5.732061e-04	7.248486e-04	3.245137e-05	-3.245137e-05	-1.235443e-03	4.268293e-03
151           	1.298059e-03	1.229135e-20	3.032908e-03	-7.582269e-05	-2.751958e-03	3.245147e-05	5.732067e-04	7.248521e-04	3.245147e-05	-3.245147e-05	-1.235504e-03	4.268412e-03
152           	1.298062e-03	1.229190e-20	3.032958e-03	-7.582396e-05	-2.752036e-03	3.245155e-05	5.732070e-04	7.248549e-04	3.245155e-05	-3.245155e-05	-1.235557e-03	4.268516e-03
153           	1.298064e-03	1.229240e-20	3.033003e-03	-7.582507e-05	-2.752104e-03	3.245161e-05	5.732071e-04	7.248572e-04	3.245161e-05	-3.245161e-05	-1.235603e-03	4.268606e-03
154           	1.298066e-03	1.229286e-20	3.033041e-03	-7.582602e-05	-2.752162e-03	3.245165e-05	5.732070e-04	7.248590e-04	3.245165e-05	-3.245165e-05	-1.235642e-03	4.268683e-03
155           	1.298067e-03	1.229328e-20	3.033073e-03	-7.582683e-05	-2.752211e-03	3.245168e-05	5.732067e-04	7.248604e-04	3.245168e-05	-3.245168e-05	-1.235675e-03	4.268748e-03
156           	1.298068e-03	1.229366e-20	3.033101e-03	-7.582752e-05	-2.752252e-03	3.245169e-05	5.732063e-04	7.248614e-04	3.245169e-05	-3.245169e-05	-1.235701e-03	4.268802e-03
157           	1.298068e-03	1.229400e-20	3.033123e-03	-7.582809e-05	-2.752285e-03	3.245169e-05	5.732058e-04	7.248620e-04	3.245169e-05	-3.245169e-05	-1.235723e-03	4.268846e-03
158           	1.298067e-03	1.229431e-20	3.033142e-03	-7.582855e-05	-2.752310e-03	3.245168e-05	5.732051e-04	7.248622e-04	3.245168e-05	-3.245168e-05	-1.235739e-03	4.268881e-03
159           	1.298067e-03	1.229460e-20	3.033156e-03	-7.582891e-05	-2.752330e-03	3.245166e-05	5.732044e-04	7.248622e-04	3.245166e-05	-3.245166e-05	-1.235751e-03	4.268908e-03
160           	1.298065e-03	1.229486e-20	3.033167e-03	-7.582918e-05	-2.752343e-03	3.245163e-05	5.732035e-04	7.248619e-04	3.245163e-05	-3.245163e-05	-1.235759e-03	4.268926e-03
161           	1.298064e-03	1.229509e-20	3.033174e-03	-7.582936e-05	-2.752351e-03	3.245160e-05	5.732026e-04	7.248613e-04	3.245160e-05	-3.245160e-05	-1.235763e-03	4.268938e-03
162           	1.298062e-03	1.229528e-20	3.033178e-03	-7.582946e-05	-2.752353e-03	3.245155e-05	5.732015e-04	7.248604e-04	3.245155e-05	-3.245155e-05	-1.235764e-03	4.268942e-03
163           	1.298060e-03	1.229544e-20	3.033180e-03	-7.582949e-05	-2.752352e-03	3.245149e-05	5.732003e-04	7.248593e-04	3.245149e-05	-3.245149e-05	-1.235762e-03	4.268942e-03
164           	1.298057e-03	1.229557e-20	3.033178e-03	-7.582945e-05	-2.752346e-03	3.245143e-05	5.731991e-04	7.248580e-04	3.245143e-05	-3.245143e-05	-1.235757e-03	4.268935e-03
165           	1.298054e-03	1.229568e-20	3.033174e-03	-7.582935e-05	-2.752336e-03	3.245135e-05	5.731977e-04	7.248564e-04	3.245135e-05	-3.245135e-05	-1.235749e-03	4.268923e-03
166           	1.298051e-03	1.229576e-20	3.033167e-03	-7.582918e-05	-2.752322e-03	3.245127e-05	5.731963e-04	7.248546e-04	3.245127e-05	-3.245127e-05	-1.235738e-03	4.268905e-03
167           	1.298047e-03	1.229583e-20	3.033158e-03	-7.582895e-05	-2.752304e-03	3.245119e-05	5.731948e-04	7.248527e-04	3.245119e-05	-3.245119e-05	-1.235725e-03	4.268883e-03
168           	1.298044e-03	1.229588e-20	3.033147e-03	-7.582868e-05	-2.752283e-03	3.245110e-05	5.731933e-04	7.248506e-04	3.245110e-05	-3.245110e-05	-1.235710e-03	4.268857e-03
169           	1.298040e-03	1.229591e-20	3.033135e-03	-7.582837e-05	-2.752260e-03	3.245101e-05	5.731919e-04	7.248486e-04	3.245101e-05	-3.245101e-05	-1.235692e-03	4.268827e-03
170           	1.298037e-03	1.229592e-20	3.033120e-03	-7.582801e-05	-2.752234e-03	3.245092e-05	5.731904e-04	7.248464e-04	3.245092e-05	-3.245092e-05	-1.235673e-03	4.268794e-03
171           	1.298033e-03	1.229592e-20	3.033104e-03	-7.582760e-05	-2.752204e-03	3.245082e-05	5.731887e-04	7.248439e-04	3.245082e-05	-3.245082e-05	-1.235652e-03	4.268756e-03
172           	1.298028e-03	1.229591e-20	3.033086e-03	-7.582714e-05	-2.752172e-03	3.245071e-05	5.731870e-04	7.248413e-04	3.245071e-05	-3.245071e-05	-1.235629e-03	4.268715e-03
173           	1.298024e-03	1.229588e-20	3.033066e-03	-7.582664e-05	-2.752138e-03	3.245060e-05	5.731853e-04	7.248386e-04	3.245060e-05	-3.245060e-05	-1.235605e-03	4.268670e-03
174           	1.298019e-03	1.229583e-20	3.033044e-03	-7.582611e-05	-2.752101e-03	3.245048e-05	5.731836e-04	7.248358e-04	3.245048e-05	-3.245048e-05	-1.235579e-03	4.268623e-03
175           	1.298015e-03	1.229578e-20	3.033022e-03	-7.582555e-05	-2.752062e-03	3.245037e-05	5.731819e-04	7.248330e-04	3.245037e-05	-3.245037e-05	-1.235551e-03	4.268573e-03
176           	1.298010e-03	1.229572e-20	3.032999e-03	-7.582497e-05	-2.752023e-03	3.245026e-05	5.731802e-04	7.248301e-04	3.245026e-05	-3.245026e-05	-1.235523e-03	4.268522e-03
177           	1.298006e-03	1.229564e-20	3.032975e-03	-7.582436e-05	-2.751981e-03	3.245014e-05	5.731785e-04	7.248272e-04	3.245014e-05	-3.245014e-05	-1.235494e-03	4.268469e-03
178           	1.298001e-03	1.229556e-20	3.032950e-03	-7.582374e-05	-2.751939e-03	3.245003e-05	5.731768e-04	7.248243e-04	3.245003e-05	-3.245003e-05	-1.235464e-03	4.268414e-03
179           	1.297997e-03	1.229547e-20	3.032924e-03	-7.582311e-05	-2.751896e-03	3.244992e-05	5.731752e-04	7.248214e-04	3.244992e-05	-3.244992e-05	-1.235434e-03	4.268358e-03
180           	1.297992e-03	1.229537e-20	3.032899e-03	-7.582246e-05	-2.751852e-03	3.244980e-05	5.731736e-04	7.248186e-04	3.244980e-05	-3.244980e-05	-1.235403e-03	4.268302e-03
181           	1.297988e-03	1.229527e-20	3.032873e-03	-7.582181e-05	-2.751809e-03	3.244970e-05	5.731721e-04	7.248157e-04	3.244970e-05	-3.244970e-05	-1.235372e-03	4.268245e-03
182           	1.297984e-03	1.229517e-20	3.032847e-03	-7.582117e-05	-2.751765e-03	3.244959e-05	5.731707e-04	7.248130e-04	3.244959e-05	-3.244959e-05	-1.235341e-03	4.268188e-03
183           	1.297980e-03	1.229506e-20	3.032821e-03	-7.582052e-05	-2.751721e-03	3.244949e-05	5.731693e-04	7.248103e-04	3.244949e-05	-3.244949e-05	-1.235310e-03	4.268131e-03
184           	1.297976e-03	1.229494e-20	3.032795e-03	-7.581988e-05	-2.751678e-03	3.244939e-05	5.731680e-04	7.248077e-04	3.244939e-05	-3.244939e-05	-1.235280e-03	4.268075e-03
185           	1.297972e-03	1.229483e-20	3.032770e-03	-7.581925e-05	-2.751635e-03	3.244930e-05	5.731667e-04	7.248052e-04	3.244930e-05	-3.244930e-05	-1.235250e-03	4.268020e-03
186           	1.297968e-03	1.229471e-20	3.032745e-03	-7.581863e-05	-2.751593e-03	3.244920e-05	5.731654e-04	7.248027e-04	3.244920e-05	-3.244920e-05	-1.235221e-03	4.267966e-03
187           	1.297965e-03	1.229460e-20	3.032721e-03	-7.581802e-05	-2.751552e-03	3.244911e-05	5.731642e-04	7.248003e-04	3.244911e-05	-3.244911e-05	-1.235192e-03	4.267913e-03
188           	1.297961e-03	1.229448e-20	3.032697e-03	-7.581743e-05	-2.751512e-03	3.244903e-05	5.731631e-04	7.247980e-04	3.244903e-05	-3.244903e-05	-1.235164e-03	4.267861e-03
189           	1.297958e-03	1.229437e-20	3.032674e-03	-7.581685e-05	-2.751474e-03	3.244894e-05	5.731620e-04	7.247957e-04	3.244894e-05	-3.244894e-05	-1.235137e-03	4.267811e-03
190           	1.297954e-03	1.229425e-20	3.032652e-03	-7.581629e-05	-2.751436e-03	3.244886e-05	5.731609e-04	7.247935e-04	3.244886e-05	-3.244886e-05	-1.235111e-03	4.267762e-03
191           	1.297951e-03	1.229414e-20	3.032630e-03	-7.581575e-05	-2.751400e-03	3.244878e-05	5.731599e-04	7.247914e-04	3.244878e-05	-3.244878e-05	-1.235085e-03	4.267715e-03
192           	1.297948e-03	1.229403e-20	3.032609e-03	-7.581523e-05	-2.751365e-03	3.244871e-05	5.731589e-04	7.247893e-04	3.244871e-05	-3.244871e-05	-1.235061e-03	4.267670e-03
193           	1.297945e-03	1.229392e-20	3.032589e-03	-7.581472e-05	-2.751331e-03	3.244864e-05	5.731580e-04	7.247874e-04	3.244864e-05	-3.244864e-05	-1.235037e-03	4.267626e-03
194           	1.297943e-03	1.229381e-20	3.032569e-03	-7.581423e-05	-2.751299e-03	3.244857e-05	5.731571e-04	7.247856e-04	3.244857e-05	-3.244857e-05	-1.235014e-03	4.267583e-03
195           	1.297940e-03	1.229371e-20	3.032551e-03	-7.581377e-05	-2.751268e-03	3.244851e-05	5.731563e-04	7.247839e-04	3.244851e-05	-3.244851e-05	-1.234992e-03	4.267543e-03
196           	1.297938e-03	1.229361e-20	3.032533e-03	-7.581332e-05	-2.751238e-03	3.244845e-05	5.731556e-04	7.247822e-04	3.244845e-05	-3.244845e-05	-1.234971e-03	4.267504e-03
197           	1.297936e-03	1.229351e-20	3.032516e-03	-7.581289e-05	-2.751209e-03	3.244839e-05	5.731549e-04	7.247807e-04	3.244839e-05	-3.244839e-05	-1.234951e-03	4.267467e-03
198           	1.297933e-03	1.229341e-20	3.032499e-03	-7.581248e-05	-2.751182e-03	3.244834e-05	5.731542e-04	7.247792e-04	3.244834e-05	-3.244834e-05	-1.234932e-03	4.267432e-03
199           	1.297931e-03	1.229332e-20	3.032484e-03	-7.581209e-05	-2.751156e-03	3.244828e-05	5.731536e-04	7.247778e-04	3.244828e-05	-3.244828e-05	-1.234914e-03	4.267398e-03
200           	1.297929e-03	1.229323e-20	3.032469e-03	-7.581172e-05	-2.751132e-03	3.244824e-05	5.731530e-04	7.247765e-04	3.244824e-05	-3.244824e-05	-1.234897e-03	4.267366e-03
201           	1.297928e-03	1.229314e-20	3.032455e-03	-7.581137e-05	-2.751108e-03	3.244819e-05	5.731525e-04	7.247752e-04	3.244819e-05	-3.244819e-05	-1.234881e-03	4.267336e-03
202           	1.297926e-03	1.229306e-20	3.032442e-03	-7.581104e-05	-2.751086e-03	3.244815e-05	5.731519e-04	7.247740e-04	3.244815e-05	-3.244815e-05	-1.234866e-03	4.267307e-03
203           	1.297924e-03	1.229298e-20	3.032429e-03	-7.581073e-05	-2.751066e-03	3.244811e-05	5.731514e-04	7.247729e-04	3.244811e-05	-3.244811e-05	-1.234851e-03	4.267280e-03
204           	1.297923e-03	1.229290e-20	3.032417e-03	-7.581043e-05	-2.751046e-03	3.244807e-05	5.731510e-04	7.247719e-04	3.244807e-05	-3.244807e-05	-1.234837e-03	4.267254e-03
205           	1.297921e-03	1.229282e-20	3.032406e-03	-7.581015e-05	-2.751027e-03	3.244804e-05	5.731506e-04	7.247709e-04	3.244804e-05	-3.244804e-05	-1.234824e-03	4.267230e-03
206           	1.297920e-03	1.229275e-20	3.032395e-03	-7.580988e-05	-2.751010e-03	3.244800e-05	5.731502e-04	7.247700e-04	3.244800e-05	-3.244800e-05	-1.234812e-03	4.267208e-03
207           	1.297919e-03	1.229269e-20	3.032385e-03	-7.580964e-05	-2.750994e-03	3.244797e-05	5.731498e-04	7.247691e-04	3.244797e-05	-3.244797e-05	-1.234801e-03	4.267186e-03
208           	1.297918e-03	1.229262e-20	3.032376e-03	-7.580940e-05	-2.750978e-03	3.244795e-05	5.731495e-04	7.247683e-04	3.244795e-05	-3.244795e-05	-1.234790e-03	4.267166e-03
209           	1.297917e-03	1.229256e-20	3.032367e-03	-7.580919e-05	-2.750964e-03	3.244792e-05	5.731492e-04	7.247676e-04	3.244792e-05	-3.244792e-05	-1.234780e-03	4.267148e-03
210           	1.297916e-03	1.229250e-20	3.032359e-03	-7.580898e-05	-2.750951e-03	3.244789e-05	5.731489e-04	7.247669e-04	3.244789e-05	-3.244789e-05	-1.234771e-03	4.267130e-03
211           	1.297915e-03	1.229245e-20	3.032352e-03	-7.580879e-05	-2.750938e-03	3.244787e-05	5.731487e-04	7.247662e-04	3.244787e-05	-3.244787e-05	-1.234762e-03	4.267114e-03
212           	1.297914e-03	1.229240e-20	3.032345e-03	-7.580862e-05	-2.750927e-03	3.244785e-05	5.731484e-04	7.247657e-04	3.244785e-05	-3.244785e-05	-1.234755e-03	4.267099e-03
213           	1.297913e-03	1.229235e-20	3.032338e-03	-7.580845e-05	-2.750916e-03	3.244783e-05	5.731482e-04	7.247651e-04	3.244783e-05	-3.244783e-05	-1.234747e-03	4.267085e-03
214           	1.297913e-03	1.229230e-20	3.032332e-03	-7.580830e-05	-2.750906e-03	3.244782e-05	5.731480e-04	7.247646e-04	3.244782e-05	-3.244782e-05	-1.234740e-03	4.267073e-03
215           	1.297912e-03	1.229226e-20	3.032327e-03	-7.580816e-05	-2.750897e-03	3.244780e-05	5.731479e-04	7.247642e-04	3.244780e-05	-3.244780e-05	-1.234734e-03	4.267061e-03
216           	1.297912e-03	1.229222e-20	3.032321e-03	-7.580804e-05	-2.750889e-03	3.244779e-05	5.731477e-04	7.247638e-04	3.244779e-05	-3.244779e-05	-1.234728e-03	4.267050e-03
217           	1.297911e-03	1.229218e-20	3.032317e-03	-7.580792e-05	-2.750881e-03	3.244778e-05	5.731476e-04	7.247634e-04	3.244778e-05	-3.244778e-05	-1.234723e-03	4.267040e-03
218           	1.297911e-03	1.229215e-20	3.032312e-03	-7.580781e-05	-2.750875e-03	3.244776e-05	5.731475e-04	7.247631e-04	3.244776e-05	-3.244776e-05	-1.234718e-03	4.267031e-03
219           	1.297910e-03	1.229212e-20	3.032309e-03	-7.580771e-05	-2.750868e-03	3.244775e-05	5.731474e-04	7.247628e-04	3.244775e-05	-3.244775e-05	-1.234714e-03	4.267023e-03
220           	1.297910e-03	1.229209e-20	3.032305e-03	-7.580763e-05	-2.750863e-03	3.244775e-05	5.731473e-04	7.247625e-04	3.244775e-05	-3.244775e-05	-1.234710e-03	4.267015e-03
221           	1.297909e-03	1.229206e-20	3.032302e-03	-7.580755e-05	-2.750858e-03	3.244774e-05	5.731472e-04	7.247623e-04	3.244774e-05	-3.244774e-05	-1.234707e-03	4.267009e-03
222           	1.297909e-03	1.229203e-20	3.032299e-03	-7.580748e-05	-2.750853e-03	3.244773e-05	5.731471e-04	7.247621e-04	3.244773e-05	-3.244773e-05	-1.234704e-03	4.267003e-03
223           	1.297909e-03	1.229201e-20	3.032296e-03	-7.580741e-05	-2.750849e-03	3.244772e-05	5.731471e-04	7.247619e-04	3.244772e-05	-3.244772e-05	-1.234701e-03	4.266997e-03
224           	1.297909e-03	1.229199e-20	3.032294e-03	-7.580735e-05	-2.750845e-03	3.244772e-05	5.731470e-04	7.247617e-04	3.244772e-05	-3.244772e-05	-1.234698e-03	4.266992e-03
225           	1.297909e-03	1.229197e-20	3.032292e-03	-7.580730e-05	-2.750842e-03	3.244771e-05	5.731470e-04	7.247616e-04	3.244771e-05	-3.244771e-05	-1.234696e-03	4.266988e-03
226           	1.297908e-03	1.229195e-20	3.032290e-03	-7.580725e-05	-2.750839e-03	3.244771e-05	5.731469e-04	7.247614e-04	3.244771e-05	-3.244771e-05	-1.234694e-03	4.266984e-03
227           	1.297908e-03	1.229193e-20	3.032288e-03	-7.580721e-05	-2.750836e-03	3.244771e-05	5.731469e-04	7.247613e-04	3.244771e-05	-3.244771e-05	-1.234692e-03	4.266980e-03
228           	1.297908e-03	1.229192e-20	3.032287e-03	-7.580717e-05	-2.750834e-03	3.244770e-05	5.731469e-04	7.247613e-04	3.244770e-05	-3.244770e-05	-1.234691e-03	4.266977e-03
229           	1.297908e-03	1.229190e-20	3.032285e-03	-7.580714e-05	-2.750832e-03	3.244770e-05	5.731469e-04	7.247612e-04	3.244770e-05	-3.244770e-05	-1.234689e-03	4.266975e-03
230           	1.297908e-03	1.229189e-20	3.032284e-03	-7.580711e-05	-2.750830e-03	3.244770e-05	5.731469e-04	7.247611e-04	3.244770e-05	-3.244770e-05	-1.234688e-03	4.266972e-03
