# Force coefficients
# dragDir     : (1.000000e+00 0.000000e+00 0.000000e+00)
# sideDir     : (0.000000e+00 0.000000e+00 -1.000000e+00)
# liftDir     : (0.000000e+00 1.000000e+00 0.000000e+00)
# rollAxis    : (1.000000e+00 0.000000e+00 0.000000e+00)
# pitchAxis   : (0.000000e+00 0.000000e+00 -1.000000e+00)
# yawAxis     : (0.000000e+00 1.000000e+00 0.000000e+00)
# magUInf     : 2.000000e-02
# lRef        : 1.000000e-01
# Aref        : 1.000000e-01
# CofR        : (0.000000e+00 0.000000e+00 0.000000e+00)
#
# Time        	Cd            	Cs            	Cl            	CmRoll        	CmPitch       	CmYaw         	Cd(f)         	Cd(r)         	Cs(f)         	Cs(r)         	Cl(f)         	Cl(r)         
1             	2.371613e-03	6.699655e-20	-2.747689e-03	6.869222e-05	1.058752e-02	5.929032e-05	1.254499e-03	1.117114e-03	5.929032e-05	-5.929032e-05	9.213674e-03	-1.196136e-02
2             	5.514167e-03	1.541357e-19	-5.815570e-03	1.453893e-04	2.329867e-02	1.378542e-04	2.902473e-03	2.611694e-03	1.378542e-04	-1.378542e-04	2.039089e-02	-2.620646e-02
3             	4.607936e-03	1.035868e-19	-3.614918e-03	9.037294e-05	1.668286e-02	1.151984e-04	2.394341e-03	2.213595e-03	1.151984e-04	-1.151984e-04	1.487541e-02	-1.849032e-02
4             	3.327155e-03	3.469886e-20	-2.380965e-03	5.952412e-05	1.124227e-02	8.317887e-05	1.723102e-03	1.604053e-03	8.317887e-05	-8.317887e-05	1.005178e-02	-1.243275e-02
5             	3.193501e-03	-1.906512e-20	-3.027747e-03	7.569367e-05	1.229269e-02	7.983752e-05	1.672444e-03	1.521057e-03	7.983752e-05	-7.983752e-05	1.077882e-02	-1.380656e-02
6             	3.498594e-03	-4.292379e-20	-4.127376e-03	1.031844e-04	1.521429e-02	8.746486e-05	1.852482e-03	1.646113e-03	8.746486e-05	-8.746486e-05	1.315060e-02	-1.727798e-02
7             	3.808791e-03	-4.889294e-20	-4.795465e-03	1.198866e-04	1.728092e-02	9.521977e-05	2.024282e-03	1.784509e-03	9.521977e-05	-9.521977e-05	1.488319e-02	-1.967865e-02
8             	3.945025e-03	-4.609034e-20	-4.901288e-03	1.225322e-04	1.781502e-02	9.862563e-05	2.095045e-03	1.849980e-03	9.862563e-05	-9.862563e-05	1.536438e-02	-2.026567e-02
9             	3.916000e-03	-3.942138e-20	-4.719545e-03	1.179886e-04	1.740229e-02	9.789999e-05	2.075988e-03	1.840011e-03	9.789999e-05	-9.789999e-05	1.504251e-02	-1.976206e-02
10            	3.760183e-03	-3.493704e-20	-4.412257e-03	1.103064e-04	1.646030e-02	9.400458e-05	1.990398e-03	1.769785e-03	9.400458e-05	-9.400458e-05	1.425417e-02	-1.866643e-02
11            	3.614848e-03	-3.284987e-20	-4.175768e-03	1.043942e-04	1.569493e-02	9.037119e-05	1.911818e-03	1.703030e-03	9.037119e-05	-9.037119e-05	1.360705e-02	-1.778282e-02
12            	3.499981e-03	-3.235997e-20	-3.959964e-03	9.899909e-05	1.504430e-02	8.749952e-05	1.848989e-03	1.650991e-03	8.749952e-05	-8.749952e-05	1.306432e-02	-1.702428e-02
13            	3.425382e-03	-3.256538e-20	-3.772400e-03	9.431001e-05	1.453871e-02	8.563456e-05	1.807001e-03	1.618381e-03	8.563456e-05	-8.563456e-05	1.265251e-02	-1.642491e-02
14            	3.365408e-03	-3.207163e-20	-3.567017e-03	8.917543e-05	1.402784e-02	8.413521e-05	1.771880e-03	1.593529e-03	8.413521e-05	-8.413521e-05	1.224434e-02	-1.581135e-02
15            	3.315690e-03	-3.093957e-20	-3.347651e-03	8.369127e-05	1.350994e-02	8.289225e-05	1.741536e-03	1.574154e-03	8.289225e-05	-8.289225e-05	1.183611e-02	-1.518376e-02
16            	3.274214e-03	-2.956442e-20	-3.120637e-03	7.801593e-05	1.299396e-02	8.185536e-05	1.715123e-03	1.559091e-03	8.185536e-05	-8.185536e-05	1.143364e-02	-1.455427e-02
17            	3.238416e-03	-2.811389e-20	-2.892312e-03	7.230780e-05	1.248658e-02	8.096040e-05	1.691516e-03	1.546900e-03	8.096040e-05	-8.096040e-05	1.104042e-02	-1.393273e-02
18            	3.207775e-03	-2.672994e-20	-2.676040e-03	6.690100e-05	1.201242e-02	8.019436e-05	1.670788e-03	1.536986e-03	8.019436e-05	-8.019436e-05	1.067440e-02	-1.335044e-02
19            	3.181149e-03	-2.544409e-20	-2.477943e-03	6.194859e-05	1.158040e-02	7.952873e-05	1.652523e-03	1.528626e-03	7.952873e-05	-7.952873e-05	1.034143e-02	-1.281937e-02
20            	3.156874e-03	-2.427598e-20	-2.300574e-03	5.751434e-05	1.119126e-02	7.892184e-05	1.635951e-03	1.520922e-03	7.892184e-05	-7.892184e-05	1.004098e-02	-1.234155e-02
21            	3.134694e-03	-2.325926e-20	-2.147200e-03	5.368001e-05	1.085076e-02	7.836735e-05	1.621027e-03	1.513667e-03	7.836735e-05	-7.836735e-05	9.777164e-03	-1.192436e-02
22            	3.115508e-03	-2.240569e-20	-2.020294e-03	5.050734e-05	1.056590e-02	7.788771e-05	1.608262e-03	1.507247e-03	7.788771e-05	-7.788771e-05	9.555754e-03	-1.157605e-02
23            	3.099630e-03	-2.171212e-20	-1.920282e-03	4.800704e-05	1.033860e-02	7.749074e-05	1.597822e-03	1.501808e-03	7.749074e-05	-7.749074e-05	9.378461e-03	-1.129874e-02
24            	3.086185e-03	-2.121030e-20	-1.845070e-03	4.612675e-05	1.016339e-02	7.715463e-05	1.589219e-03	1.496966e-03	7.715463e-05	-7.715463e-05	9.240853e-03	-1.108592e-02
25            	3.076782e-03	-2.090769e-20	-1.796793e-03	4.491982e-05	1.004869e-02	7.691955e-05	1.583311e-03	1.493471e-03	7.691955e-05	-7.691955e-05	9.150289e-03	-1.094708e-02
26            	3.074604e-03	-2.073830e-20	-1.775817e-03	4.439541e-05	1.000252e-02	7.686510e-05	1.581697e-03	1.492907e-03	7.686510e-05	-7.686510e-05	9.114611e-03	-1.089043e-02
27            	3.070805e-03	-2.060440e-20	-1.771402e-03	4.428504e-05	9.984885e-03	7.677013e-05	1.579688e-03	1.491118e-03	7.677013e-05	-7.677013e-05	9.099185e-03	-1.087059e-02
28            	3.075481e-03	-2.061966e-20	-1.787794e-03	4.469485e-05	1.002761e-02	7.688704e-05	1.582436e-03	1.493046e-03	7.688704e-05	-7.688704e-05	9.133709e-03	-1.092150e-02
29            	3.080325e-03	-2.068968e-20	-1.814439e-03	4.536098e-05	1.009041e-02	7.700813e-05	1.585524e-03	1.494802e-03	7.700813e-05	-7.700813e-05	9.183189e-03	-1.099763e-02
30            	3.089779e-03	-2.082484e-20	-1.846283e-03	4.615708e-05	1.017401e-02	7.724448e-05	1.591047e-03	1.498733e-03	7.724448e-05	-7.724448e-05	9.250869e-03	-1.109715e-02
31            	3.100014e-03	-2.094292e-20	-1.883643e-03	4.709108e-05	1.026952e-02	7.750034e-05	1.597098e-03	1.502916e-03	7.750034e-05	-7.750034e-05	9.327701e-03	-1.121134e-02
32            	3.107958e-03	-2.107744e-20	-1.909396e-03	4.773489e-05	1.033689e-02	7.769894e-05	1.601714e-03	1.506244e-03	7.769894e-05	-7.769894e-05	9.382188e-03	-1.129158e-02
33            	3.115893e-03	-2.122307e-20	-1.938326e-03	4.845814e-05	1.040966e-02	7.789733e-05	1.606405e-03	1.509488e-03	7.789733e-05	-7.789733e-05	9.440501e-03	-1.137883e-02
34            	3.119111e-03	-2.131602e-20	-1.956573e-03	4.891434e-05	1.045031e-02	7.797778e-05	1.608470e-03	1.510641e-03	7.797778e-05	-7.797778e-05	9.472022e-03	-1.142860e-02
35            	3.121456e-03	-2.140493e-20	-1.974057e-03	4.935142e-05	1.048725e-02	7.803641e-05	1.610080e-03	1.511377e-03	7.803641e-05	-7.803641e-05	9.500223e-03	-1.147428e-02
36            	3.120936e-03	-2.145556e-20	-1.987292e-03	4.968231e-05	1.050925e-02	7.802341e-05	1.610150e-03	1.510786e-03	7.802341e-05	-7.802341e-05	9.515599e-03	-1.150289e-02
37            	3.120042e-03	-2.150287e-20	-2.000827e-03	5.002068e-05	1.053127e-02	7.800105e-05	1.610042e-03	1.510000e-03	7.800105e-05	-7.800105e-05	9.530861e-03	-1.153169e-02
38            	3.119971e-03	-2.151185e-20	-2.019023e-03	5.047557e-05	1.056487e-02	7.799928e-05	1.610461e-03	1.509510e-03	7.799928e-05	-7.799928e-05	9.555360e-03	-1.157438e-02
39            	3.119642e-03	-2.152123e-20	-2.035022e-03	5.087555e-05	1.059394e-02	7.799106e-05	1.610697e-03	1.508946e-03	7.799106e-05	-7.799106e-05	9.576433e-03	-1.161145e-02
40            	3.121281e-03	-2.158061e-20	-2.055589e-03	5.138972e-05	1.063705e-02	7.803203e-05	1.612030e-03	1.509251e-03	7.803203e-05	-7.803203e-05	9.609260e-03	-1.166485e-02
41            	3.123580e-03	-2.163575e-20	-2.074761e-03	5.186903e-05	1.067972e-02	7.808951e-05	1.613659e-03	1.509921e-03	7.808951e-05	-7.808951e-05	9.642338e-03	-1.171710e-02
42            	3.125959e-03	-2.169732e-20	-2.091294e-03	5.228235e-05	1.071761e-02	7.814899e-05	1.615262e-03	1.510697e-03	7.814899e-05	-7.814899e-05	9.671966e-03	-1.176326e-02
43            	3.128257e-03	-2.176178e-20	-2.104532e-03	5.261329e-05	1.074909e-02	7.820643e-05	1.616742e-03	1.511515e-03	7.820643e-05	-7.820643e-05	9.696828e-03	-1.180136e-02
44            	3.130325e-03	-2.182117e-20	-2.114180e-03	5.285451e-05	1.077297e-02	7.825812e-05	1.618017e-03	1.512308e-03	7.825812e-05	-7.825812e-05	9.715883e-03	-1.183006e-02
45            	3.131807e-03	-2.186669e-20	-2.119643e-03	5.299107e-05	1.078710e-02	7.829517e-05	1.618895e-03	1.512912e-03	7.829517e-05	-7.829517e-05	9.727275e-03	-1.184692e-02
46            	3.132116e-03	-2.189528e-20	-2.120488e-03	5.301220e-05	1.078914e-02	7.830291e-05	1.619070e-03	1.513046e-03	7.830291e-05	-7.830291e-05	9.728896e-03	-1.184938e-02
47            	3.131109e-03	-2.190494e-20	-2.117838e-03	5.294596e-05	1.078103e-02	7.827773e-05	1.618500e-03	1.512609e-03	7.827773e-05	-7.827773e-05	9.722115e-03	-1.183995e-02
48            	3.129279e-03	-2.189725e-20	-2.113874e-03	5.284685e-05	1.076839e-02	7.823197e-05	1.617486e-03	1.511793e-03	7.823197e-05	-7.823197e-05	9.711448e-03	-1.182532e-02
49            	3.127165e-03	-2.187801e-20	-2.110232e-03	5.275580e-05	1.075578e-02	7.817912e-05	1.616338e-03	1.510827e-03	7.817912e-05	-7.817912e-05	9.700660e-03	-1.181089e-02
50            	3.125188e-03	-2.185488e-20	-2.107752e-03	5.269380e-05	1.074592e-02	7.812971e-05	1.615288e-03	1.509900e-03	7.812971e-05	-7.812971e-05	9.692049e-03	-1.179980e-02
51            	3.123702e-03	-2.182975e-20	-2.107052e-03	5.267629e-05	1.074092e-02	7.809254e-05	1.614527e-03	1.509175e-03	7.809254e-05	-7.809254e-05	9.687396e-03	-1.179445e-02
52            	3.123146e-03	-2.180377e-20	-2.108618e-03	5.271545e-05	1.074279e-02	7.807866e-05	1.614289e-03	1.508858e-03	7.807866e-05	-7.807866e-05	9.688486e-03	-1.179710e-02
53            	3.123450e-03	-2.178534e-20	-2.111440e-03	5.278600e-05	1.074935e-02	7.808625e-05	1.614511e-03	1.508939e-03	7.808625e-05	-7.808625e-05	9.693631e-03	-1.180507e-02
54            	3.124127e-03	-2.178005e-20	-2.114149e-03	5.285372e-05	1.075664e-02	7.810318e-05	1.614917e-03	1.509210e-03	7.810318e-05	-7.810318e-05	9.699570e-03	-1.181372e-02
55            	3.124929e-03	-2.178473e-20	-2.116218e-03	5.290545e-05	1.076300e-02	7.812323e-05	1.615370e-03	1.509559e-03	7.812323e-05	-7.812323e-05	9.704890e-03	-1.182111e-02
56            	3.125777e-03	-2.179270e-20	-2.117366e-03	5.293416e-05	1.076761e-02	7.814443e-05	1.615823e-03	1.509954e-03	7.814443e-05	-7.814443e-05	9.708923e-03	-1.182629e-02
57            	3.126370e-03	-2.180386e-20	-2.116865e-03	5.292164e-05	1.076826e-02	7.815926e-05	1.616107e-03	1.510264e-03	7.815926e-05	-7.815926e-05	9.709830e-03	-1.182670e-02
58            	3.126340e-03	-2.181745e-20	-2.114441e-03	5.286103e-05	1.076351e-02	7.815849e-05	1.616031e-03	1.510309e-03	7.815849e-05	-7.815849e-05	9.706291e-03	-1.182073e-02
59            	3.125815e-03	-2.182521e-20	-2.111029e-03	5.277572e-05	1.075557e-02	7.814537e-05	1.615683e-03	1.510132e-03	7.814537e-05	-7.814537e-05	9.700055e-03	-1.181108e-02
60            	3.124867e-03	-2.182109e-20	-2.107333e-03	5.268334e-05	1.074597e-02	7.812167e-05	1.615117e-03	1.509750e-03	7.812167e-05	-7.812167e-05	9.692305e-03	-1.179964e-02
61            	3.123895e-03	-2.180948e-20	-2.104276e-03	5.260690e-05	1.073753e-02	7.809738e-05	1.614555e-03	1.509341e-03	7.809738e-05	-7.809738e-05	9.685395e-03	-1.178967e-02
62            	3.122974e-03	-2.179546e-20	-2.101961e-03	5.254903e-05	1.073067e-02	7.807435e-05	1.614036e-03	1.508938e-03	7.807435e-05	-7.807435e-05	9.679692e-03	-1.178165e-02
63            	3.122220e-03	-2.178280e-20	-2.100641e-03	5.251601e-05	1.072621e-02	7.805549e-05	1.613626e-03	1.508594e-03	7.805549e-05	-7.805549e-05	9.675886e-03	-1.177653e-02
64            	3.121812e-03	-2.177175e-20	-2.100582e-03	5.251455e-05	1.072512e-02	7.804530e-05	1.613421e-03	1.508391e-03	7.804530e-05	-7.804530e-05	9.674827e-03	-1.177541e-02
65            	3.121910e-03	-2.176278e-20	-2.101712e-03	5.254280e-05	1.072767e-02	7.804776e-05	1.613498e-03	1.508412e-03	7.804776e-05	-7.804776e-05	9.676811e-03	-1.177852e-02
66            	3.122308e-03	-2.175960e-20	-2.103238e-03	5.258096e-05	1.073172e-02	7.805769e-05	1.613735e-03	1.508573e-03	7.805769e-05	-7.805769e-05	9.680106e-03	-1.178334e-02
67            	3.122863e-03	-2.176294e-20	-2.104701e-03	5.261753e-05	1.073604e-02	7.807157e-05	1.614049e-03	1.508814e-03	7.807157e-05	-7.807157e-05	9.683689e-03	-1.178839e-02
68            	3.123462e-03	-2.176991e-20	-2.105835e-03	5.264587e-05	1.073980e-02	7.808654e-05	1.614377e-03	1.509085e-03	7.808654e-05	-7.808654e-05	9.686882e-03	-1.179272e-02
69            	3.124004e-03	-2.177654e-20	-2.106386e-03	5.265964e-05	1.074223e-02	7.810011e-05	1.614662e-03	1.509343e-03	7.810011e-05	-7.810011e-05	9.689042e-03	-1.179543e-02
70            	3.124290e-03	-2.178380e-20	-2.106061e-03	5.265153e-05	1.074228e-02	7.810725e-05	1.614797e-03	1.509494e-03	7.810725e-05	-7.810725e-05	9.689250e-03	-1.179531e-02
71            	3.124274e-03	-2.179072e-20	-2.104988e-03	5.262470e-05	1.074008e-02	7.810684e-05	1.614762e-03	1.509512e-03	7.810684e-05	-7.810684e-05	9.687589e-03	-1.179258e-02
72            	3.123966e-03	-2.179280e-20	-2.103575e-03	5.258936e-05	1.073647e-02	7.809916e-05	1.614572e-03	1.509394e-03	7.809916e-05	-7.809916e-05	9.684685e-03	-1.178826e-02
73            	3.123616e-03	-2.179025e-20	-2.102429e-03	5.256073e-05	1.073327e-02	7.809040e-05	1.614369e-03	1.509247e-03	7.809040e-05	-7.809040e-05	9.682060e-03	-1.178449e-02
74            	3.123224e-03	-2.178545e-20	-2.101507e-03	5.253768e-05	1.073042e-02	7.808059e-05	1.614150e-03	1.509074e-03	7.808059e-05	-7.808059e-05	9.679667e-03	-1.178117e-02
75            	3.122863e-03	-2.178112e-20	-2.100999e-03	5.252497e-05	1.072848e-02	7.807158e-05	1.613957e-03	1.508907e-03	7.807158e-05	-7.807158e-05	9.677979e-03	-1.177898e-02
76            	3.122643e-03	-2.177651e-20	-2.101089e-03	5.252722e-05	1.072809e-02	7.806607e-05	1.613849e-03	1.508794e-03	7.806607e-05	-7.806607e-05	9.677542e-03	-1.177863e-02
77            	3.122654e-03	-2.177209e-20	-2.101786e-03	5.254465e-05	1.072949e-02	7.806635e-05	1.613872e-03	1.508782e-03	7.806635e-05	-7.806635e-05	9.678594e-03	-1.178038e-02
78            	3.122843e-03	-2.177036e-20	-2.102744e-03	5.256861e-05	1.073185e-02	7.807106e-05	1.613990e-03	1.508853e-03	7.807106e-05	-7.807106e-05	9.680477e-03	-1.178322e-02
79            	3.123115e-03	-2.177206e-20	-2.103674e-03	5.259186e-05	1.073437e-02	7.807789e-05	1.614150e-03	1.508966e-03	7.807789e-05	-7.807789e-05	9.682531e-03	-1.178621e-02
80            	3.123410e-03	-2.177586e-20	-2.104437e-03	5.261093e-05	1.073661e-02	7.808526e-05	1.614316e-03	1.509094e-03	7.808526e-05	-7.808526e-05	9.684396e-03	-1.178883e-02
81            	3.123694e-03	-2.178004e-20	-2.104945e-03	5.262364e-05	1.073832e-02	7.809234e-05	1.614470e-03	1.509223e-03	7.809234e-05	-7.809234e-05	9.685848e-03	-1.179079e-02
82            	3.123892e-03	-2.178444e-20	-2.105051e-03	5.262628e-05	1.073901e-02	7.809731e-05	1.614573e-03	1.509320e-03	7.809731e-05	-7.809731e-05	9.686486e-03	-1.179154e-02
83            	3.123933e-03	-2.178871e-20	-2.104716e-03	5.261790e-05	1.073843e-02	7.809833e-05	1.614585e-03	1.509349e-03	7.809833e-05	-7.809833e-05	9.686071e-03	-1.179079e-02
84            	3.123846e-03	-2.179114e-20	-2.104152e-03	5.260381e-05	1.073707e-02	7.809614e-05	1.614527e-03	1.509319e-03	7.809614e-05	-7.809614e-05	9.684998e-03	-1.178915e-02
85            	3.123675e-03	-2.179098e-20	-2.103548e-03	5.258871e-05	1.073543e-02	7.809188e-05	1.614426e-03	1.509249e-03	7.809188e-05	-7.809188e-05	9.683657e-03	-1.178721e-02
86            	3.123488e-03	-2.178912e-20	-2.103059e-03	5.257647e-05	1.073397e-02	7.808719e-05	1.614320e-03	1.509167e-03	7.808719e-05	-7.808719e-05	9.682441e-03	-1.178550e-02
87            	3.123302e-03	-2.178677e-20	-2.102723e-03	5.256807e-05	1.073283e-02	7.808256e-05	1.614219e-03	1.509083e-03	7.808256e-05	-7.808256e-05	9.681464e-03	-1.178419e-02
88            	3.123164e-03	-2.178433e-20	-2.102638e-03	5.256595e-05	1.073230e-02	7.807910e-05	1.614148e-03	1.509016e-03	7.807910e-05	-7.807910e-05	9.680985e-03	-1.178362e-02
89            	3.123117e-03	-2.178189e-20	-2.102833e-03	5.257083e-05	1.073257e-02	7.807793e-05	1.614129e-03	1.508988e-03	7.807793e-05	-7.807793e-05	9.681153e-03	-1.178399e-02
90            	3.123167e-03	-2.178042e-20	-2.103232e-03	5.258081e-05	1.073348e-02	7.807918e-05	1.614164e-03	1.509003e-03	7.807918e-05	-7.807918e-05	9.681868e-03	-1.178510e-02
91            	3.123280e-03	-2.178057e-20	-2.103680e-03	5.259200e-05	1.073466e-02	7.808201e-05	1.614232e-03	1.509048e-03	7.808201e-05	-7.808201e-05	9.682816e-03	-1.178650e-02
92            	3.123414e-03	-2.178203e-20	-2.104062e-03	5.260155e-05	1.073575e-02	7.808535e-05	1.614309e-03	1.509105e-03	7.808535e-05	-7.808535e-05	9.683719e-03	-1.178778e-02
93            	3.123554e-03	-2.178396e-20	-2.104345e-03	5.260863e-05	1.073666e-02	7.808885e-05	1.614386e-03	1.509168e-03	7.808885e-05	-7.808885e-05	9.684489e-03	-1.178883e-02
94            	3.123666e-03	-2.178597e-20	-2.104451e-03	5.261128e-05	1.073715e-02	7.809165e-05	1.614444e-03	1.509222e-03	7.809165e-05	-7.809165e-05	9.684923e-03	-1.178937e-02
95            	3.123712e-03	-2.178793e-20	-2.104342e-03	5.260855e-05	1.073704e-02	7.809279e-05	1.614464e-03	1.509247e-03	7.809279e-05	-7.809279e-05	9.684870e-03	-1.178921e-02
96            	3.123688e-03	-2.178925e-20	-2.104080e-03	5.260200e-05	1.073646e-02	7.809220e-05	1.614446e-03	1.509242e-03	7.809220e-05	-7.809220e-05	9.684418e-03	-1.178850e-02
97            	3.123612e-03	-2.178942e-20	-2.103769e-03	5.259423e-05	1.073565e-02	7.809030e-05	1.614400e-03	1.509212e-03	7.809030e-05	-7.809030e-05	9.683762e-03	-1.178753e-02
98            	3.123527e-03	-2.178863e-20	-2.103511e-03	5.258778e-05	1.073491e-02	7.808817e-05	1.614351e-03	1.509176e-03	7.808817e-05	-7.808817e-05	9.683158e-03	-1.178667e-02
99            	3.123433e-03	-2.178742e-20	-2.103308e-03	5.258270e-05	1.073427e-02	7.808583e-05	1.614299e-03	1.509134e-03	7.808583e-05	-7.808583e-05	9.682617e-03	-1.178593e-02
100           	3.123351e-03	-2.178616e-20	-2.103211e-03	5.258027e-05	1.073387e-02	7.808377e-05	1.614256e-03	1.509095e-03	7.808377e-05	-7.808377e-05	9.682264e-03	-1.178547e-02
101           	3.123310e-03	-2.178489e-20	-2.103259e-03	5.258148e-05	1.073386e-02	7.808275e-05	1.614237e-03	1.509074e-03	7.808275e-05	-7.808275e-05	9.682235e-03	-1.178549e-02
102           	3.123323e-03	-2.178394e-20	-2.103426e-03	5.258565e-05	1.073423e-02	7.808307e-05	1.614247e-03	1.509076e-03	7.808307e-05	-7.808307e-05	9.682515e-03	-1.178594e-02
103           	3.123368e-03	-2.178372e-20	-2.103632e-03	5.259080e-05	1.073475e-02	7.808421e-05	1.614275e-03	1.509093e-03	7.808421e-05	-7.808421e-05	9.682934e-03	-1.178657e-02
104           	3.123429e-03	-2.178427e-20	-2.103831e-03	5.259578e-05	1.073530e-02	7.808573e-05	1.614310e-03	1.509119e-03	7.808573e-05	-7.808573e-05	9.683385e-03	-1.178722e-02
105           	3.123497e-03	-2.178517e-20	-2.103990e-03	5.259975e-05	1.073579e-02	7.808742e-05	1.614348e-03	1.509149e-03	7.808742e-05	-7.808742e-05	9.683792e-03	-1.178778e-02
106           	3.123559e-03	-2.178602e-20	-2.104083e-03	5.260207e-05	1.073613e-02	7.808898e-05	1.614382e-03	1.509178e-03	7.808898e-05	-7.808898e-05	9.684085e-03	-1.178817e-02
107           	3.123597e-03	-2.178687e-20	-2.104075e-03	5.260188e-05	1.073621e-02	7.808992e-05	1.614400e-03	1.509197e-03	7.808992e-05	-7.808992e-05	9.684167e-03	-1.178824e-02
108           	3.123598e-03	-2.178764e-20	-2.103975e-03	5.259938e-05	1.073601e-02	7.808995e-05	1.614398e-03	1.509200e-03	7.808995e-05	-7.808995e-05	9.684019e-03	-1.178799e-02
109           	3.123573e-03	-2.178796e-20	-2.103835e-03	5.259588e-05	1.073566e-02	7.808931e-05	1.614382e-03	1.509190e-03	7.808931e-05	-7.808931e-05	9.683746e-03	-1.178758e-02
110           	3.123532e-03	-2.178779e-20	-2.103695e-03	5.259237e-05	1.073528e-02	7.808830e-05	1.614358e-03	1.509174e-03	7.808830e-05	-7.808830e-05	9.683434e-03	-1.178713e-02
111           	3.123486e-03	-2.178728e-20	-2.103580e-03	5.258951e-05	1.073494e-02	7.808715e-05	1.614332e-03	1.509153e-03	7.808715e-05	-7.808715e-05	9.683146e-03	-1.178673e-02
112           	3.123442e-03	-2.178669e-20	-2.103508e-03	5.258771e-05	1.073468e-02	7.808605e-05	1.614309e-03	1.509133e-03	7.808605e-05	-7.808605e-05	9.682928e-03	-1.178644e-02
113           	3.123413e-03	-2.178608e-20	-2.103501e-03	5.258754e-05	1.073460e-02	7.808532e-05	1.614294e-03	1.509119e-03	7.808532e-05	-7.808532e-05	9.682844e-03	-1.178635e-02
114           	3.123408e-03	-2.178549e-20	-2.103564e-03	5.258910e-05	1.073471e-02	7.808521e-05	1.614293e-03	1.509115e-03	7.808521e-05	-7.808521e-05	9.682927e-03	-1.178649e-02
115           	3.123425e-03	-2.178522e-20	-2.103663e-03	5.259158e-05	1.073495e-02	7.808563e-05	1.614304e-03	1.509121e-03	7.808563e-05	-7.808563e-05	9.683117e-03	-1.178678e-02
116           	3.123453e-03	-2.178532e-20	-2.103764e-03	5.259410e-05	1.073522e-02	7.808633e-05	1.614321e-03	1.509132e-03	7.808633e-05	-7.808633e-05	9.683337e-03	-1.178710e-02
117           	3.123485e-03	-2.178569e-20	-2.103850e-03	5.259626e-05	1.073547e-02	7.808712e-05	1.614339e-03	1.509146e-03	7.808712e-05	-7.808712e-05	9.683545e-03	-1.178740e-02
118           	3.123517e-03	-2.178612e-20	-2.103910e-03	5.259775e-05	1.073567e-02	7.808792e-05	1.614356e-03	1.509161e-03	7.808792e-05	-7.808792e-05	9.683714e-03	-1.178762e-02
119           	3.123540e-03	-2.178659e-20	-2.103926e-03	5.259814e-05	1.073576e-02	7.808850e-05	1.614368e-03	1.509172e-03	7.808850e-05	-7.808850e-05	9.683796e-03	-1.178772e-02
120           	3.123548e-03	-2.178704e-20	-2.103892e-03	5.259730e-05	1.073571e-02	7.808869e-05	1.614371e-03	1.509176e-03	7.808869e-05	-7.808869e-05	9.683765e-03	-1.178766e-02
121           	3.123539e-03	-2.178730e-20	-2.103828e-03	5.259570e-05	1.073556e-02	7.808848e-05	1.614365e-03	1.509174e-03	7.808848e-05	-7.808848e-05	9.683648e-03	-1.178748e-02
122           	3.123522e-03	-2.178729e-20	-2.103759e-03	5.259398e-05	1.073538e-02	7.808804e-05	1.614355e-03	1.509167e-03	7.808804e-05	-7.808804e-05	9.683501e-03	-1.178726e-02
123           	3.123501e-03	-2.178708e-20	-2.103700e-03	5.259250e-05	1.073521e-02	7.808753e-05	1.614343e-03	1.509158e-03	7.808753e-05	-7.808753e-05	9.683361e-03	-1.178706e-02
124           	3.123479e-03	-2.178679e-20	-2.103655e-03	5.259137e-05	1.073507e-02	7.808699e-05	1.614331e-03	1.509148e-03	7.808699e-05	-7.808699e-05	9.683238e-03	-1.178689e-02
125           	3.123461e-03	-2.178648e-20	-2.103635e-03	5.259089e-05	1.073498e-02	7.808652e-05	1.614321e-03	1.509140e-03	7.808652e-05	-7.808652e-05	9.683163e-03	-1.178680e-02
126           	3.123453e-03	-2.178617e-20	-2.103651e-03	5.259128e-05	1.073499e-02	7.808632e-05	1.614318e-03	1.509135e-03	7.808632e-05	-7.808632e-05	9.683166e-03	-1.178682e-02
127           	3.123456e-03	-2.178594e-20	-2.103693e-03	5.259232e-05	1.073508e-02	7.808641e-05	1.614320e-03	1.509136e-03	7.808641e-05	-7.808641e-05	9.683237e-03	-1.178693e-02
128           	3.123469e-03	-2.178592e-20	-2.103744e-03	5.259359e-05	1.073522e-02	7.808672e-05	1.614328e-03	1.509141e-03	7.808672e-05	-7.808672e-05	9.683344e-03	-1.178709e-02
129           	3.123483e-03	-2.178606e-20	-2.103787e-03	5.259468e-05	1.073534e-02	7.808708e-05	1.614336e-03	1.509147e-03	7.808708e-05	-7.808708e-05	9.683446e-03	-1.178723e-02
130           	3.123499e-03	-2.178626e-20	-2.103822e-03	5.259555e-05	1.073545e-02	7.808747e-05	1.614345e-03	1.509154e-03	7.808747e-05	-7.808747e-05	9.683537e-03	-1.178736e-02
131           	3.123513e-03	-2.178648e-20	-2.103839e-03	5.259599e-05	1.073552e-02	7.808781e-05	1.614352e-03	1.509160e-03	7.808781e-05	-7.808781e-05	9.683597e-03	-1.178744e-02
132           	3.123520e-03	-2.178669e-20	-2.103833e-03	5.259583e-05	1.073552e-02	7.808799e-05	1.614356e-03	1.509164e-03	7.808799e-05	-7.808799e-05	9.683606e-03	-1.178744e-02
133           	3.123518e-03	-2.178684e-20	-2.103806e-03	5.259515e-05	1.073546e-02	7.808795e-05	1.614354e-03	1.509164e-03	7.808795e-05	-7.808795e-05	9.683561e-03	-1.178737e-02
134           	3.123511e-03	-2.178689e-20	-2.103773e-03	5.259433e-05	1.073538e-02	7.808779e-05	1.614350e-03	1.509161e-03	7.808779e-05	-7.808779e-05	9.683495e-03	-1.178727e-02
135           	3.123502e-03	-2.178682e-20	-2.103741e-03	5.259353e-05	1.073529e-02	7.808755e-05	1.614344e-03	1.509157e-03	7.808755e-05	-7.808755e-05	9.683423e-03	-1.178716e-02
136           	3.123491e-03	-2.178668e-20	-2.103715e-03	5.259288e-05	1.073521e-02	7.808728e-05	1.614338e-03	1.509153e-03	7.808728e-05	-7.808728e-05	9.683357e-03	-1.178707e-02
137           	3.123481e-03	-2.178654e-20	-2.103700e-03	5.259250e-05	1.073516e-02	7.808703e-05	1.614333e-03	1.509148e-03	7.808703e-05	-7.808703e-05	9.683310e-03	-1.178701e-02
138           	3.123475e-03	-2.178640e-20	-2.103701e-03	5.259252e-05	1.073515e-02	7.808688e-05	1.614330e-03	1.509145e-03	7.808688e-05	-7.808688e-05	9.683296e-03	-1.178700e-02
139           	3.123475e-03	-2.178627e-20	-2.103718e-03	5.259294e-05	1.073518e-02	7.808688e-05	1.614330e-03	1.509145e-03	7.808688e-05	-7.808688e-05	9.683321e-03	-1.178704e-02
140           	3.123480e-03	-2.178622e-20	-2.103741e-03	5.259353e-05	1.073524e-02	7.808699e-05	1.614333e-03	1.509146e-03	7.808699e-05	-7.808699e-05	9.683367e-03	-1.178711e-02
141           	3.123486e-03	-2.178626e-20	-2.103764e-03	5.259410e-05	1.073530e-02	7.808716e-05	1.614337e-03	1.509149e-03	7.808716e-05	-7.808716e-05	9.683419e-03	-1.178718e-02
142           	3.123494e-03	-2.178635e-20	-2.103782e-03	5.259456e-05	1.073536e-02	7.808734e-05	1.614341e-03	1.509152e-03	7.808734e-05	-7.808734e-05	9.683465e-03	-1.178725e-02
143           	3.123501e-03	-2.178644e-20	-2.103794e-03	5.259486e-05	1.073540e-02	7.808752e-05	1.614345e-03	1.509156e-03	7.808752e-05	-7.808752e-05	9.683500e-03	-1.178729e-02
144           	3.123506e-03	-2.178654e-20	-2.103795e-03	5.259488e-05	1.073541e-02	7.808765e-05	1.614348e-03	1.509158e-03	7.808765e-05	-7.808765e-05	9.683514e-03	-1.178731e-02
145           	3.123506e-03	-2.178664e-20	-2.103785e-03	5.259462e-05	1.073539e-02	7.808766e-05	1.614348e-03	1.509159e-03	7.808766e-05	-7.808766e-05	9.683499e-03	-1.178728e-02
146           	3.123504e-03	-2.178669e-20	-2.103769e-03	5.259422e-05	1.073535e-02	7.808759e-05	1.614346e-03	1.509158e-03	7.808759e-05	-7.808759e-05	9.683469e-03	-1.178724e-02
147           	3.123499e-03	-2.178667e-20	-2.103752e-03	5.259381e-05	1.073531e-02	7.808748e-05	1.614343e-03	1.509156e-03	7.808748e-05	-7.808748e-05	9.683433e-03	-1.178718e-02
148           	3.123494e-03	-2.178661e-20	-2.103739e-03	5.259347e-05	1.073527e-02	7.808735e-05	1.614340e-03	1.509154e-03	7.808735e-05	-7.808735e-05	9.683400e-03	-1.178714e-02
149           	3.123489e-03	-2.178654e-20	-2.103729e-03	5.259323e-05	1.073524e-02	7.808722e-05	1.614338e-03	1.509151e-03	7.808722e-05	-7.808722e-05	9.683373e-03	-1.178710e-02
150           	3.123485e-03	-2.178647e-20	-2.103727e-03	5.259317e-05	1.073522e-02	7.808712e-05	1.614336e-03	1.509149e-03	7.808712e-05	-7.808712e-05	9.683359e-03	-1.178709e-02
151           	3.123484e-03	-2.178640e-20	-2.103732e-03	5.259331e-05	1.073523e-02	7.808710e-05	1.614335e-03	1.509149e-03	7.808710e-05	-7.808710e-05	9.683365e-03	-1.178710e-02
152           	3.123485e-03	-2.178636e-20	-2.103743e-03	5.259358e-05	1.073526e-02	7.808713e-05	1.614336e-03	1.509149e-03	7.808713e-05	-7.808713e-05	9.683384e-03	-1.178713e-02
153           	3.123488e-03	-2.178636e-20	-2.103755e-03	5.259389e-05	1.073529e-02	7.808721e-05	1.614338e-03	1.509150e-03	7.808721e-05	-7.808721e-05	9.683411e-03	-1.178717e-02
154           	3.123492e-03	-2.178640e-20	-2.103766e-03	5.259414e-05	1.073532e-02	7.808730e-05	1.614340e-03	1.509152e-03	7.808730e-05	-7.808730e-05	9.683435e-03	-1.178720e-02
155           	3.123496e-03	-2.178645e-20	-2.103773e-03	5.259434e-05	1.073534e-02	7.808739e-05	1.614342e-03	1.509154e-03	7.808739e-05	-7.808739e-05	9.683456e-03	-1.178723e-02
156           	3.123499e-03	-2.178651e-20	-2.103776e-03	5.259441e-05	1.073536e-02	7.808747e-05	1.614344e-03	1.509155e-03	7.808747e-05	-7.808747e-05	9.683468e-03	-1.178724e-02
157           	3.123500e-03	-2.178656e-20	-2.103774e-03	5.259434e-05	1.073535e-02	7.808750e-05	1.614344e-03	1.509156e-03	7.808750e-05	-7.808750e-05	9.683467e-03	-1.178724e-02
158           	3.123499e-03	-2.178659e-20	-2.103767e-03	5.259417e-05	1.073534e-02	7.808748e-05	1.614344e-03	1.509156e-03	7.808748e-05	-7.808748e-05	9.683455e-03	-1.178722e-02
159           	3.123497e-03	-2.178659e-20	-2.103758e-03	5.259396e-05	1.073532e-02	7.808743e-05	1.614343e-03	1.509155e-03	7.808743e-05	-7.808743e-05	9.683437e-03	-1.178720e-02
160           	3.123495e-03	-2.178657e-20	-2.103751e-03	5.259378e-05	1.073530e-02	7.808737e-05	1.614341e-03	1.509154e-03	7.808737e-05	-7.808737e-05	9.683420e-03	-1.178717e-02
161           	3.123492e-03	-2.178654e-20	-2.103746e-03	5.259364e-05	1.073528e-02	7.808731e-05	1.614340e-03	1.509153e-03	7.808731e-05	-7.808731e-05	9.683406e-03	-1.178715e-02
162           	3.123490e-03	-2.178650e-20	-2.103743e-03	5.259357e-05	1.073527e-02	7.808725e-05	1.614339e-03	1.509151e-03	7.808725e-05	-7.808725e-05	9.683396e-03	-1.178714e-02
163           	3.123489e-03	-2.178647e-20	-2.103744e-03	5.259360e-05	1.073527e-02	7.808722e-05	1.614338e-03	1.509151e-03	7.808722e-05	-7.808722e-05	9.683395e-03	-1.178714e-02
164           	3.123489e-03	-2.178644e-20	-2.103749e-03	5.259371e-05	1.073528e-02	7.808723e-05	1.614338e-03	1.509151e-03	7.808723e-05	-7.808723e-05	9.683402e-03	-1.178715e-02
165           	3.123490e-03	-2.178643e-20	-2.103754e-03	5.259385e-05	1.073529e-02	7.808726e-05	1.614339e-03	1.509151e-03	7.808726e-05	-7.808726e-05	9.683413e-03	-1.178717e-02
166           	3.123492e-03	-2.178645e-20	-2.103760e-03	5.259399e-05	1.073531e-02	7.808730e-05	1.614340e-03	1.509152e-03	7.808730e-05	-7.808730e-05	9.683425e-03	-1.178718e-02
167           	3.123494e-03	-2.178647e-20	-2.103764e-03	5.259410e-05	1.073532e-02	7.808734e-05	1.614341e-03	1.509153e-03	7.808734e-05	-7.808734e-05	9.683437e-03	-1.178720e-02
168           	3.123495e-03	-2.178649e-20	-2.103767e-03	5.259417e-05	1.073533e-02	7.808739e-05	1.614342e-03	1.509154e-03	7.808739e-05	-7.808739e-05	9.683445e-03	-1.178721e-02
169           	3.123496e-03	-2.178652e-20	-2.103767e-03	5.259416e-05	1.073533e-02	7.808741e-05	1.614342e-03	1.509154e-03	7.808741e-05	-7.808741e-05	9.683447e-03	-1.178721e-02
170           	3.123497e-03	-2.178654e-20	-2.103764e-03	5.259410e-05	1.073533e-02	7.808741e-05	1.614342e-03	1.509154e-03	7.808741e-05	-7.808741e-05	9.683444e-03	-1.178721e-02
171           	3.123496e-03	-2.178655e-20	-2.103760e-03	5.259400e-05	1.073532e-02	7.808740e-05	1.614342e-03	1.509154e-03	7.808740e-05	-7.808740e-05	9.683436e-03	-1.178720e-02
172           	3.123495e-03	-2.178654e-20	-2.103756e-03	5.259391e-05	1.073531e-02	7.808737e-05	1.614341e-03	1.509153e-03	7.808737e-05	-7.808737e-05	9.683428e-03	-1.178718e-02
173           	3.123493e-03	-2.178653e-20	-2.103753e-03	5.259383e-05	1.073530e-02	7.808734e-05	1.614341e-03	1.509153e-03	7.808734e-05	-7.808734e-05	9.683420e-03	-1.178717e-02
174           	3.123492e-03	-2.178651e-20	-2.103751e-03	5.259377e-05	1.073529e-02	7.808731e-05	1.614340e-03	1.509152e-03	7.808731e-05	-7.808731e-05	9.683413e-03	-1.178716e-02
175           	3.123491e-03	-2.178649e-20	-2.103751e-03	5.259377e-05	1.073529e-02	7.808729e-05	1.614339e-03	1.509152e-03	7.808729e-05	-7.808729e-05	9.683411e-03	-1.178716e-02
176           	3.123491e-03	-2.178648e-20	-2.103752e-03	5.259381e-05	1.073529e-02	7.808728e-05	1.614339e-03	1.509152e-03	7.808728e-05	-7.808728e-05	9.683413e-03	-1.178717e-02
177           	3.123492e-03	-2.178647e-20	-2.103755e-03	5.259387e-05	1.073530e-02	7.808729e-05	1.614340e-03	1.509152e-03	7.808729e-05	-7.808729e-05	9.683418e-03	-1.178717e-02
178           	3.123492e-03	-2.178647e-20	-2.103758e-03	5.259394e-05	1.073530e-02	7.808731e-05	1.614340e-03	1.509152e-03	7.808731e-05	-7.808731e-05	9.683424e-03	-1.178718e-02
179           	3.123493e-03	-2.178648e-20	-2.103760e-03	5.259400e-05	1.073531e-02	7.808733e-05	1.614341e-03	1.509153e-03	7.808733e-05	-7.808733e-05	9.683429e-03	-1.178719e-02
180           	3.123494e-03	-2.178649e-20	-2.103762e-03	5.259404e-05	1.073531e-02	7.808735e-05	1.614341e-03	1.509153e-03	7.808735e-05	-7.808735e-05	9.683434e-03	-1.178720e-02
181           	3.123495e-03	-2.178650e-20	-2.103762e-03	5.259405e-05	1.073532e-02	7.808737e-05	1.614341e-03	1.509153e-03	7.808737e-05	-7.808737e-05	9.683436e-03	-1.178720e-02
182           	3.123495e-03	-2.178652e-20	-2.103761e-03	5.259403e-05	1.073532e-02	7.808737e-05	1.614341e-03	1.509153e-03	7.808737e-05	-7.808737e-05	9.683435e-03	-1.178720e-02
183           	3.123495e-03	-2.178652e-20	-2.103759e-03	5.259399e-05	1.073531e-02	7.808737e-05	1.614341e-03	1.509153e-03	7.808737e-05	-7.808737e-05	9.683432e-03	-1.178719e-02
184           	3.123494e-03	-2.178652e-20	-2.103758e-03	5.259394e-05	1.073531e-02	7.808736e-05	1.614341e-03	1.509153e-03	7.808736e-05	-7.808736e-05	9.683428e-03	-1.178719e-02
