# Force coefficients
# dragDir     : (1.000000e+00 0.000000e+00 0.000000e+00)
# sideDir     : (0.000000e+00 0.000000e+00 -1.000000e+00)
# liftDir     : (0.000000e+00 1.000000e+00 0.000000e+00)
# rollAxis    : (1.000000e+00 0.000000e+00 0.000000e+00)
# pitchAxis   : (0.000000e+00 0.000000e+00 -1.000000e+00)
# yawAxis     : (0.000000e+00 1.000000e+00 0.000000e+00)
# magUInf     : 2.000000e-02
# lRef        : 1.000000e-01
# Aref        : 1.000000e-01
# CofR        : (0.000000e+00 0.000000e+00 0.000000e+00)
#
# Time        	Cd            	Cs            	Cl            	CmRoll        	CmPitch       	CmYaw         	Cd(f)         	Cd(r)         	Cs(f)         	Cs(r)         	Cl(f)         	Cl(r)         
1             	2.164534e-03	-5.914074e-20	-6.418015e-04	1.604504e-05	6.092870e-03	5.411334e-05	1.098312e-03	1.066222e-03	5.411334e-05	-5.411334e-05	5.771969e-03	-6.413771e-03
2             	5.115965e-03	-1.306583e-19	-2.187392e-03	5.468480e-05	1.576506e-02	1.278991e-04	2.612667e-03	2.503298e-03	1.278991e-04	-1.278991e-04	1.467137e-02	-1.685876e-02
3             	4.507779e-03	-8.641182e-20	-2.515318e-03	6.288294e-05	1.497369e-02	1.126945e-04	2.316773e-03	2.191007e-03	1.126945e-04	-1.126945e-04	1.371603e-02	-1.623135e-02
4             	3.338708e-03	-2.150255e-20	-2.357494e-03	5.893735e-05	1.197147e-02	8.346770e-05	1.728291e-03	1.610417e-03	8.346770e-05	-8.346770e-05	1.079273e-02	-1.315022e-02
5             	2.867770e-03	4.824559e-21	-2.627963e-03	6.569907e-05	1.149292e-02	7.169424e-05	1.499584e-03	1.368186e-03	7.169424e-05	-7.169424e-05	1.017893e-02	-1.280690e-02
6             	2.856514e-03	8.287832e-21	-2.912145e-03	7.280362e-05	1.207339e-02	7.141284e-05	1.501060e-03	1.355453e-03	7.141284e-05	-7.141284e-05	1.061732e-02	-1.352946e-02
7             	3.040827e-03	2.847339e-21	-2.986597e-03	7.466493e-05	1.263077e-02	7.602067e-05	1.595078e-03	1.445748e-03	7.602067e-05	-7.602067e-05	1.113747e-02	-1.412407e-02
8             	3.243431e-03	-3.716184e-21	-2.828537e-03	7.071343e-05	1.273935e-02	8.108578e-05	1.692429e-03	1.551002e-03	8.108578e-05	-8.108578e-05	1.132508e-02	-1.415362e-02
9             	3.339988e-03	-6.827851e-21	-2.515046e-03	6.287616e-05	1.229597e-02	8.349970e-05	1.732870e-03	1.607118e-03	8.349970e-05	-8.349970e-05	1.103845e-02	-1.355349e-02
10            	3.326957e-03	-7.243200e-21	-2.118017e-03	5.295042e-05	1.144610e-02	8.317392e-05	1.716429e-03	1.610528e-03	8.317392e-05	-8.317392e-05	1.038709e-02	-1.250511e-02
11            	3.253403e-03	-6.778217e-21	-1.741944e-03	4.354860e-05	1.051143e-02	8.133509e-05	1.670250e-03	1.583153e-03	8.133509e-05	-8.133509e-05	9.640461e-03	-1.138241e-02
12            	3.164981e-03	-6.134380e-21	-1.426180e-03	3.565451e-05	9.674368e-03	7.912452e-05	1.618145e-03	1.546836e-03	7.912452e-05	-7.912452e-05	8.961278e-03	-1.038746e-02
13            	3.089341e-03	-5.898917e-21	-1.202808e-03	3.007021e-05	9.058736e-03	7.723352e-05	1.574741e-03	1.514600e-03	7.723352e-05	-7.723352e-05	8.457332e-03	-9.660140e-03
14            	3.031447e-03	-5.946000e-21	-1.057239e-03	2.643098e-05	8.642133e-03	7.578618e-05	1.542155e-03	1.489293e-03	7.578618e-05	-7.578618e-05	8.113514e-03	-9.170753e-03
15            	2.985562e-03	-6.141029e-21	-9.685597e-04	2.421399e-05	8.367808e-03	7.463906e-05	1.516995e-03	1.468567e-03	7.463906e-05	-7.463906e-05	7.883528e-03	-8.852088e-03
16            	2.954847e-03	-6.443518e-21	-9.283803e-04	2.320951e-05	8.227695e-03	7.387117e-05	1.500633e-03	1.454214e-03	7.387117e-05	-7.387117e-05	7.763505e-03	-8.691885e-03
17            	2.944886e-03	-6.717194e-21	-9.250107e-04	2.312527e-05	8.208973e-03	7.362216e-05	1.495568e-03	1.449318e-03	7.362216e-05	-7.362216e-05	7.746467e-03	-8.671478e-03
18            	2.942810e-03	-7.055416e-21	-9.478906e-04	2.369726e-05	8.261421e-03	7.357025e-05	1.495102e-03	1.447708e-03	7.357025e-05	-7.357025e-05	7.787476e-03	-8.735366e-03
19            	2.955702e-03	-7.310604e-21	-9.740341e-04	2.435085e-05	8.353181e-03	7.389255e-05	1.502202e-03	1.453500e-03	7.389255e-05	-7.389255e-05	7.866164e-03	-8.840198e-03
20            	2.967722e-03	-7.419757e-21	-9.940099e-04	2.485025e-05	8.427605e-03	7.419305e-05	1.508711e-03	1.459011e-03	7.419305e-05	-7.419305e-05	7.930600e-03	-8.924609e-03
21            	2.982204e-03	-7.489048e-21	-1.004120e-03	2.510301e-05	8.485398e-03	7.455511e-05	1.516205e-03	1.465999e-03	7.455511e-05	-7.455511e-05	7.983338e-03	-8.987458e-03
22            	2.994477e-03	-7.528089e-21	-9.986004e-04	2.496501e-05	8.503457e-03	7.486191e-05	1.522203e-03	1.472273e-03	7.486191e-05	-7.486191e-05	8.004157e-03	-9.002757e-03
23            	2.999559e-03	-7.540111e-21	-9.762937e-04	2.440734e-05	8.467788e-03	7.498897e-05	1.524187e-03	1.475372e-03	7.498897e-05	-7.498897e-05	7.979641e-03	-8.955935e-03
24            	2.993198e-03	-7.543204e-21	-9.505927e-04	2.376482e-05	8.398178e-03	7.482995e-05	1.520364e-03	1.472834e-03	7.482995e-05	-7.482995e-05	7.922882e-03	-8.873475e-03
25            	2.982519e-03	-7.527767e-21	-9.325970e-04	2.331493e-05	8.335043e-03	7.456298e-05	1.514574e-03	1.467945e-03	7.456298e-05	-7.456298e-05	7.868744e-03	-8.801341e-03
26            	2.967010e-03	-7.512577e-21	-9.261072e-04	2.315268e-05	8.285336e-03	7.417524e-05	1.506657e-03	1.460352e-03	7.417524e-05	-7.417524e-05	7.822282e-03	-8.748389e-03
27            	2.953203e-03	-7.500036e-21	-9.381081e-04	2.345270e-05	8.279254e-03	7.383006e-05	1.500054e-03	1.453149e-03	7.383006e-05	-7.383006e-05	7.810200e-03	-8.748308e-03
28            	2.943068e-03	-7.526855e-21	-9.683163e-04	2.420791e-05	8.320505e-03	7.357670e-05	1.495742e-03	1.447326e-03	7.357670e-05	-7.357670e-05	7.836347e-03	-8.804663e-03
29            	2.941283e-03	-7.590456e-21	-1.011332e-03	2.528329e-05	8.408253e-03	7.353207e-05	1.495925e-03	1.445358e-03	7.353207e-05	-7.353207e-05	7.902587e-03	-8.913919e-03
30            	2.946685e-03	-7.651633e-21	-1.052960e-03	2.632399e-05	8.509445e-03	7.366713e-05	1.499667e-03	1.447019e-03	7.366713e-05	-7.366713e-05	7.982965e-03	-9.035925e-03
31            	2.955357e-03	-7.685382e-21	-1.083456e-03	2.708639e-05	8.594272e-03	7.388394e-05	1.504765e-03	1.450592e-03	7.388394e-05	-7.388394e-05	8.052544e-03	-9.136000e-03
32            	2.963957e-03	-7.687650e-21	-1.099948e-03	2.749869e-05	8.649118e-03	7.409893e-05	1.509477e-03	1.454480e-03	7.409893e-05	-7.409893e-05	8.099144e-03	-9.199091e-03
33            	2.970576e-03	-7.671181e-21	-1.100707e-03	2.751767e-05	8.665695e-03	7.426440e-05	1.512806e-03	1.457770e-03	7.426440e-05	-7.426440e-05	8.115341e-03	-9.216048e-03
34            	2.973771e-03	-7.648190e-21	-1.085936e-03	2.714840e-05	8.640833e-03	7.434426e-05	1.514034e-03	1.459737e-03	7.434426e-05	-7.434426e-05	8.097865e-03	-9.183801e-03
35            	2.970605e-03	-7.620401e-21	-1.060652e-03	2.651629e-05	8.578563e-03	7.426513e-05	1.511819e-03	1.458786e-03	7.426513e-05	-7.426513e-05	8.048237e-03	-9.108888e-03
36            	2.960896e-03	-7.592000e-21	-1.036250e-03	2.590624e-05	8.503259e-03	7.402239e-05	1.506354e-03	1.454542e-03	7.402239e-05	-7.402239e-05	7.985135e-03	-9.021384e-03
37            	2.949355e-03	-7.565962e-21	-1.022668e-03	2.556671e-05	8.447212e-03	7.373388e-05	1.500244e-03	1.449111e-03	7.373388e-05	-7.373388e-05	7.935877e-03	-8.958546e-03
38            	2.938316e-03	-7.545111e-21	-1.022294e-03	2.555735e-05	8.420902e-03	7.345791e-05	1.494715e-03	1.443601e-03	7.345791e-05	-7.345791e-05	7.909755e-03	-8.932049e-03
39            	2.930012e-03	-7.538912e-21	-1.035882e-03	2.589704e-05	8.430910e-03	7.325030e-05	1.490903e-03	1.439109e-03	7.325030e-05	-7.325030e-05	7.912969e-03	-8.948851e-03
40            	2.926687e-03	-7.547920e-21	-1.060771e-03	2.651928e-05	8.476697e-03	7.316717e-05	1.489863e-03	1.436824e-03	7.316717e-05	-7.316717e-05	7.946312e-03	-9.007083e-03
41            	2.929146e-03	-7.558423e-21	-1.087861e-03	2.719652e-05	8.540516e-03	7.322864e-05	1.491769e-03	1.437376e-03	7.322864e-05	-7.322864e-05	7.996586e-03	-9.084447e-03
42            	2.934248e-03	-7.559604e-21	-1.108103e-03	2.770258e-05	8.595673e-03	7.335620e-05	1.494827e-03	1.439421e-03	7.335620e-05	-7.335620e-05	8.041621e-03	-9.149724e-03
43            	2.940117e-03	-7.553966e-21	-1.118888e-03	2.797221e-05	8.632219e-03	7.350292e-05	1.498031e-03	1.442086e-03	7.350292e-05	-7.350292e-05	8.072775e-03	-9.191663e-03
44            	2.945287e-03	-7.547973e-21	-1.118129e-03	2.795323e-05	8.642256e-03	7.363217e-05	1.500597e-03	1.444690e-03	7.363217e-05	-7.363217e-05	8.083191e-03	-9.201320e-03
45            	2.947812e-03	-7.540663e-21	-1.105583e-03	2.763958e-05	8.620659e-03	7.369531e-05	1.501546e-03	1.446267e-03	7.369531e-05	-7.369531e-05	8.067868e-03	-9.173451e-03
46            	2.945562e-03	-7.531018e-21	-1.086169e-03	2.715424e-05	8.573184e-03	7.363904e-05	1.499935e-03	1.445627e-03	7.363904e-05	-7.363904e-05	8.030099e-03	-9.116269e-03
47            	2.939524e-03	-7.519760e-21	-1.068593e-03	2.671481e-05	8.520975e-03	7.348810e-05	1.496477e-03	1.443047e-03	7.348810e-05	-7.348810e-05	7.986679e-03	-9.055271e-03
48            	2.932406e-03	-7.509277e-21	-1.059015e-03	2.647539e-05	8.483611e-03	7.331015e-05	1.492678e-03	1.439728e-03	7.331015e-05	-7.331015e-05	7.954103e-03	-9.013118e-03
49            	2.925801e-03	-7.500023e-21	-1.058834e-03	2.647085e-05	8.467747e-03	7.314502e-05	1.489371e-03	1.436430e-03	7.314502e-05	-7.314502e-05	7.938329e-03	-8.997164e-03
50            	2.920923e-03	-7.493224e-21	-1.068053e-03	2.670131e-05	8.476130e-03	7.302309e-05	1.487163e-03	1.433760e-03	7.302309e-05	-7.302309e-05	7.942104e-03	-9.010156e-03
51            	2.919740e-03	-7.488163e-21	-1.085300e-03	2.713249e-05	8.510356e-03	7.299349e-05	1.487002e-03	1.432737e-03	7.299349e-05	-7.299349e-05	7.967706e-03	-9.053005e-03
52            	2.922333e-03	-7.484334e-21	-1.104270e-03	2.760676e-05	8.557029e-03	7.305833e-05	1.488773e-03	1.433560e-03	7.305833e-05	-7.305833e-05	8.004894e-03	-9.109164e-03
53            	2.926905e-03	-7.481823e-21	-1.118629e-03	2.796572e-05	8.598326e-03	7.317263e-05	1.491418e-03	1.435487e-03	7.317263e-05	-7.317263e-05	8.039012e-03	-9.157641e-03
54            	2.931791e-03	-7.480684e-21	-1.125459e-03	2.813648e-05	8.624150e-03	7.329478e-05	1.494032e-03	1.437759e-03	7.329478e-05	-7.329478e-05	8.061420e-03	-9.186880e-03
55            	2.935874e-03	-7.480503e-21	-1.123521e-03	2.808802e-05	8.629239e-03	7.339685e-05	1.496025e-03	1.439849e-03	7.339685e-05	-7.339685e-05	8.067479e-03	-9.191000e-03
56            	2.938008e-03	-7.480238e-21	-1.113126e-03	2.782816e-05	8.611561e-03	7.345020e-05	1.496832e-03	1.441176e-03	7.345020e-05	-7.345020e-05	8.054997e-03	-9.168124e-03
57            	2.936370e-03	-7.479490e-21	-1.097712e-03	2.744280e-05	8.574357e-03	7.340924e-05	1.495628e-03	1.440742e-03	7.340924e-05	-7.340924e-05	8.025501e-03	-9.123213e-03
58            	2.931964e-03	-7.478320e-21	-1.084000e-03	2.709999e-05	8.534479e-03	7.329910e-05	1.493082e-03	1.438882e-03	7.329910e-05	-7.329910e-05	7.992479e-03	-9.076478e-03
59            	2.926902e-03	-7.478168e-21	-1.076338e-03	2.690846e-05	8.506188e-03	7.317256e-05	1.490360e-03	1.436543e-03	7.317256e-05	-7.317256e-05	7.968019e-03	-9.044358e-03
60            	2.922196e-03	-7.478703e-21	-1.075594e-03	2.688985e-05	8.493666e-03	7.305491e-05	1.487988e-03	1.434208e-03	7.305491e-05	-7.305491e-05	7.955869e-03	-9.031463e-03
61            	2.918926e-03	-7.480730e-21	-1.081968e-03	2.704921e-05	8.499808e-03	7.297316e-05	1.486512e-03	1.432414e-03	7.297316e-05	-7.297316e-05	7.958824e-03	-9.040792e-03
62            	2.918450e-03	-7.483819e-21	-1.094069e-03	2.735172e-05	8.524768e-03	7.296125e-05	1.486577e-03	1.431873e-03	7.296125e-05	-7.296125e-05	7.977733e-03	-9.071802e-03
63            	2.920831e-03	-7.488043e-21	-1.107338e-03	2.768345e-05	8.558825e-03	7.302077e-05	1.488099e-03	1.432732e-03	7.302077e-05	-7.302077e-05	8.005156e-03	-9.112494e-03
64            	2.924651e-03	-7.492436e-21	-1.117015e-03	2.792538e-05	8.588438e-03	7.311628e-05	1.490251e-03	1.434400e-03	7.311628e-05	-7.311628e-05	8.029930e-03	-9.146945e-03
65            	2.928617e-03	-7.496566e-21	-1.120920e-03	2.802300e-05	8.605977e-03	7.321543e-05	1.492332e-03	1.436286e-03	7.321543e-05	-7.321543e-05	8.045517e-03	-9.166437e-03
66            	2.931964e-03	-7.500296e-21	-1.118211e-03	2.795528e-05	8.607817e-03	7.329910e-05	1.493937e-03	1.438027e-03	7.329910e-05	-7.329910e-05	8.048711e-03	-9.166922e-03
67            	2.933640e-03	-7.503473e-21	-1.109398e-03	2.773496e-05	8.592636e-03	7.334100e-05	1.494555e-03	1.439085e-03	7.334100e-05	-7.334100e-05	8.037937e-03	-9.147335e-03
68            	2.932359e-03	-7.506077e-21	-1.097202e-03	2.743005e-05	8.563340e-03	7.330897e-05	1.493609e-03	1.438749e-03	7.330897e-05	-7.330897e-05	8.014739e-03	-9.111941e-03
69            	2.929101e-03	-7.508029e-21	-1.086761e-03	2.716903e-05	8.533295e-03	7.322753e-05	1.491720e-03	1.437382e-03	7.322753e-05	-7.322753e-05	7.989915e-03	-9.076676e-03
70            	2.925421e-03	-7.510054e-21	-1.080957e-03	2.702392e-05	8.512299e-03	7.313552e-05	1.489734e-03	1.435686e-03	7.313552e-05	-7.313552e-05	7.971820e-03	-9.052777e-03
71            	2.922123e-03	-7.512109e-21	-1.080498e-03	2.701245e-05	8.503726e-03	7.305308e-05	1.488074e-03	1.434049e-03	7.305308e-05	-7.305308e-05	7.963477e-03	-9.043975e-03
72            	2.919908e-03	-7.514919e-21	-1.085425e-03	2.713563e-05	8.509256e-03	7.299770e-05	1.487090e-03	1.432818e-03	7.299770e-05	-7.299770e-05	7.966544e-03	-9.051969e-03
73            	2.919847e-03	-7.518034e-21	-1.094544e-03	2.736360e-05	8.528807e-03	7.299617e-05	1.487287e-03	1.432560e-03	7.299617e-05	-7.299617e-05	7.981535e-03	-9.076079e-03
74            	2.921861e-03	-7.521764e-21	-1.104269e-03	2.760672e-05	8.554433e-03	7.304653e-05	1.488537e-03	1.433324e-03	7.304653e-05	-7.304653e-05	8.002299e-03	-9.106567e-03
75            	2.924869e-03	-7.525141e-21	-1.111087e-03	2.777718e-05	8.576068e-03	7.312173e-05	1.490212e-03	1.434658e-03	7.312173e-05	-7.312173e-05	8.020524e-03	-9.131612e-03
76            	2.927919e-03	-7.528313e-21	-1.113552e-03	2.783880e-05	8.588430e-03	7.319798e-05	1.491798e-03	1.436121e-03	7.319798e-05	-7.319798e-05	8.031654e-03	-9.145206e-03
77            	2.930434e-03	-7.531074e-21	-1.111047e-03	2.777617e-05	8.588826e-03	7.326085e-05	1.492993e-03	1.437441e-03	7.326085e-05	-7.326085e-05	8.033303e-03	-9.144349e-03
78            	2.931651e-03	-7.533255e-21	-1.104067e-03	2.760168e-05	8.576584e-03	7.329128e-05	1.493427e-03	1.438224e-03	7.329128e-05	-7.329128e-05	8.024551e-03	-9.128618e-03
79            	2.930615e-03	-7.534860e-21	-1.094682e-03	2.736704e-05	8.553957e-03	7.326537e-05	1.492674e-03	1.437940e-03	7.326537e-05	-7.326537e-05	8.006616e-03	-9.101298e-03
80            	2.928128e-03	-7.536018e-21	-1.086833e-03	2.717082e-05	8.531325e-03	7.320319e-05	1.491235e-03	1.436893e-03	7.320319e-05	-7.320319e-05	7.987909e-03	-9.074741e-03
81            	2.925373e-03	-7.537231e-21	-1.082479e-03	2.706197e-05	8.515623e-03	7.313433e-05	1.489749e-03	1.435625e-03	7.313433e-05	-7.313433e-05	7.974384e-03	-9.056863e-03
82            	2.922935e-03	-7.538496e-21	-1.082166e-03	2.705414e-05	8.509373e-03	7.307338e-05	1.488522e-03	1.434414e-03	7.307338e-05	-7.307338e-05	7.968290e-03	-9.050456e-03
83            	2.921333e-03	-7.540377e-21	-1.085884e-03	2.714710e-05	8.513727e-03	7.303333e-05	1.487814e-03	1.433519e-03	7.303333e-05	-7.303333e-05	7.970785e-03	-9.056669e-03
84            	2.921369e-03	-7.542457e-21	-1.092744e-03	2.731860e-05	8.528644e-03	7.303423e-05	1.488003e-03	1.433366e-03	7.303423e-05	-7.303423e-05	7.982272e-03	-9.075016e-03
85            	2.922946e-03	-7.545037e-21	-1.100001e-03	2.750003e-05	8.547958e-03	7.307366e-05	1.488973e-03	1.433973e-03	7.307366e-05	-7.307366e-05	7.997957e-03	-9.097958e-03
86            	2.925262e-03	-7.547291e-21	-1.105015e-03	2.762538e-05	8.564123e-03	7.313155e-05	1.490256e-03	1.435006e-03	7.313155e-05	-7.313155e-05	8.011616e-03	-9.116631e-03
87            	2.927566e-03	-7.549407e-21	-1.106688e-03	2.766720e-05	8.573068e-03	7.318916e-05	1.491450e-03	1.436116e-03	7.318916e-05	-7.318916e-05	8.019724e-03	-9.126412e-03
88            	2.929441e-03	-7.551235e-21	-1.104621e-03	2.761553e-05	8.572943e-03	7.323602e-05	1.492336e-03	1.437105e-03	7.323602e-05	-7.323602e-05	8.020633e-03	-9.125254e-03
89            	2.930316e-03	-7.552648e-21	-1.099234e-03	2.748085e-05	8.563360e-03	7.325791e-05	1.492639e-03	1.437677e-03	7.325791e-05	-7.325791e-05	8.013743e-03	-9.112977e-03
90            	2.929459e-03	-7.553776e-21	-1.092108e-03	2.730271e-05	8.546031e-03	7.323647e-05	1.492032e-03	1.437427e-03	7.323647e-05	-7.323647e-05	7.999976e-03	-9.092085e-03
91            	2.927565e-03	-7.554605e-21	-1.086255e-03	2.715637e-05	8.529075e-03	7.318913e-05	1.490939e-03	1.436626e-03	7.318913e-05	-7.318913e-05	7.985948e-03	-9.072202e-03
92            	2.925494e-03	-7.555475e-21	-1.083050e-03	2.707625e-05	8.517427e-03	7.313734e-05	1.489823e-03	1.435671e-03	7.313734e-05	-7.313734e-05	7.975902e-03	-9.058952e-03
93            	2.923700e-03	-7.556374e-21	-1.082920e-03	2.707299e-05	8.513053e-03	7.309250e-05	1.488923e-03	1.434777e-03	7.309250e-05	-7.309250e-05	7.971593e-03	-9.054512e-03
94            	2.922486e-03	-7.557741e-21	-1.085799e-03	2.714498e-05	8.516489e-03	7.306214e-05	1.488388e-03	1.434098e-03	7.306214e-05	-7.306214e-05	7.973590e-03	-9.059389e-03
95            	2.922578e-03	-7.559168e-21	-1.091085e-03	2.727714e-05	8.528135e-03	7.306445e-05	1.488566e-03	1.434012e-03	7.306445e-05	-7.306445e-05	7.982592e-03	-9.073678e-03
96            	2.923811e-03	-7.561042e-21	-1.096589e-03	2.741473e-05	8.542867e-03	7.309527e-05	1.489320e-03	1.434491e-03	7.309527e-05	-7.309527e-05	7.994573e-03	-9.091162e-03
97            	2.925589e-03	-7.562619e-21	-1.100356e-03	2.750891e-05	8.555101e-03	7.313971e-05	1.490303e-03	1.435285e-03	7.313971e-05	-7.313971e-05	8.004923e-03	-9.105279e-03
98            	2.927337e-03	-7.563999e-21	-1.101540e-03	2.753851e-05	8.561703e-03	7.318343e-05	1.491207e-03	1.436130e-03	7.318343e-05	-7.318343e-05	8.010933e-03	-9.112474e-03
99            	2.928743e-03	-7.565192e-21	-1.099923e-03	2.749807e-05	8.561463e-03	7.321857e-05	1.491869e-03	1.436873e-03	7.321857e-05	-7.321857e-05	8.011502e-03	-9.111425e-03
100           	2.929354e-03	-7.565948e-21	-1.095818e-03	2.739544e-05	8.554030e-03	7.323386e-05	1.492073e-03	1.437282e-03	7.323386e-05	-7.323386e-05	8.006121e-03	-9.101939e-03
101           	2.928698e-03	-7.566435e-21	-1.090493e-03	2.726233e-05	8.541043e-03	7.321744e-05	1.491611e-03	1.437086e-03	7.321744e-05	-7.321744e-05	7.995796e-03	-9.086289e-03
102           	2.927262e-03	-7.566709e-21	-1.086139e-03	2.715346e-05	8.528367e-03	7.318156e-05	1.490785e-03	1.436478e-03	7.318156e-05	-7.318156e-05	7.985298e-03	-9.071436e-03
103           	2.925698e-03	-7.567040e-21	-1.083786e-03	2.709464e-05	8.519714e-03	7.314246e-05	1.489944e-03	1.435755e-03	7.314246e-05	-7.314246e-05	7.977821e-03	-9.061607e-03
104           	2.924347e-03	-7.567398e-21	-1.083776e-03	2.709440e-05	8.516608e-03	7.310867e-05	1.489268e-03	1.435079e-03	7.310867e-05	-7.310867e-05	7.974719e-03	-9.058496e-03
105           	2.923430e-03	-7.568085e-21	-1.086028e-03	2.715070e-05	8.519371e-03	7.308576e-05	1.488866e-03	1.434565e-03	7.308576e-05	-7.308576e-05	7.976357e-03	-9.062385e-03
106           	2.923508e-03	-7.568806e-21	-1.090078e-03	2.725195e-05	8.528308e-03	7.308771e-05	1.489006e-03	1.434502e-03	7.308771e-05	-7.308771e-05	7.983269e-03	-9.073347e-03
107           	2.924448e-03	-7.569865e-21	-1.094262e-03	2.735655e-05	8.539512e-03	7.311120e-05	1.489581e-03	1.434868e-03	7.311120e-05	-7.311120e-05	7.992381e-03	-9.086643e-03
108           	2.925801e-03	-7.570701e-21	-1.097114e-03	2.742784e-05	8.548788e-03	7.314503e-05	1.490328e-03	1.435473e-03	7.314503e-05	-7.314503e-05	8.000231e-03	-9.097345e-03
109           	2.927527e-03	-7.572120e-21	-1.098181e-03	2.745452e-05	8.555033e-03	7.318817e-05	1.491218e-03	1.436309e-03	7.318817e-05	-7.318817e-05	8.005943e-03	-9.104124e-03
110           	2.928315e-03	-7.572638e-21	-1.096695e-03	2.741737e-05	8.553633e-03	7.320788e-05	1.491575e-03	1.436740e-03	7.320788e-05	-7.320788e-05	8.005286e-03	-9.101981e-03
111           	2.928571e-03	-7.572224e-21	-1.093734e-03	2.734335e-05	8.547852e-03	7.321428e-05	1.491629e-03	1.436942e-03	7.321428e-05	-7.321428e-05	8.000985e-03	-9.094719e-03
112           	2.928183e-03	-7.571595e-21	-1.090025e-03	2.725062e-05	8.538974e-03	7.320457e-05	1.491342e-03	1.436841e-03	7.320457e-05	-7.320457e-05	7.993961e-03	-9.083986e-03
113           	2.927115e-03	-7.571254e-21	-1.086782e-03	2.716954e-05	8.529540e-03	7.317788e-05	1.490727e-03	1.436388e-03	7.317788e-05	-7.317788e-05	7.986149e-03	-9.072931e-03
114           	2.925907e-03	-7.571065e-21	-1.084992e-03	2.712479e-05	8.522913e-03	7.314767e-05	1.490078e-03	1.435829e-03	7.314767e-05	-7.314767e-05	7.980417e-03	-9.065408e-03
115           	2.924529e-03	-7.570712e-21	-1.084870e-03	2.712175e-05	8.519535e-03	7.311323e-05	1.489386e-03	1.435143e-03	7.311323e-05	-7.311323e-05	7.977100e-03	-9.061970e-03
116           	2.924056e-03	-7.570907e-21	-1.086622e-03	2.716554e-05	8.522246e-03	7.310139e-05	1.489193e-03	1.434862e-03	7.310139e-05	-7.310139e-05	7.978935e-03	-9.065557e-03
117           	2.924036e-03	-7.572070e-21	-1.089486e-03	2.723716e-05	8.528374e-03	7.310091e-05	1.489255e-03	1.434781e-03	7.310091e-05	-7.310091e-05	7.983630e-03	-9.073117e-03
118           	2.924759e-03	-7.572980e-21	-1.092675e-03	2.731688e-05	8.536924e-03	7.311898e-05	1.489697e-03	1.435063e-03	7.311898e-05	-7.311898e-05	7.990587e-03	-9.083262e-03
119           	2.925796e-03	-7.573691e-21	-1.094836e-03	2.737091e-05	8.543978e-03	7.314490e-05	1.490269e-03	1.435527e-03	7.314490e-05	-7.314490e-05	7.996559e-03	-9.091396e-03
120           	2.927135e-03	-7.574807e-21	-1.095677e-03	2.739192e-05	8.548844e-03	7.317837e-05	1.490959e-03	1.436176e-03	7.317837e-05	-7.317837e-05	8.001005e-03	-9.096682e-03
121           	2.927756e-03	-7.575128e-21	-1.094584e-03	2.736461e-05	8.547909e-03	7.319389e-05	1.491242e-03	1.436513e-03	7.319389e-05	-7.319389e-05	8.000616e-03	-9.095201e-03
122           	2.927968e-03	-7.574661e-21	-1.092352e-03	2.730879e-05	8.543593e-03	7.319921e-05	1.491293e-03	1.436675e-03	7.319921e-05	-7.319921e-05	7.997417e-03	-9.089769e-03
123           	2.927632e-03	-7.574136e-21	-1.089553e-03	2.723883e-05	8.536790e-03	7.319079e-05	1.491055e-03	1.436577e-03	7.319079e-05	-7.319079e-05	7.992013e-03	-9.081566e-03
124           	2.926843e-03	-7.573715e-21	-1.087184e-03	2.717959e-05	8.529877e-03	7.317107e-05	1.490601e-03	1.436242e-03	7.317107e-05	-7.317107e-05	7.986285e-03	-9.073469e-03
125           	2.925951e-03	-7.573444e-21	-1.085887e-03	2.714718e-05	8.525036e-03	7.314878e-05	1.490123e-03	1.435829e-03	7.314878e-05	-7.314878e-05	7.982093e-03	-9.067980e-03
126           	2.924916e-03	-7.573052e-21	-1.085849e-03	2.714622e-05	8.522610e-03	7.312290e-05	1.489604e-03	1.435312e-03	7.312290e-05	-7.312290e-05	7.979686e-03	-9.065535e-03
127           	2.924549e-03	-7.573102e-21	-1.087197e-03	2.717993e-05	8.524690e-03	7.311373e-05	1.489455e-03	1.435095e-03	7.311373e-05	-7.311373e-05	7.981091e-03	-9.068288e-03
128           	2.924536e-03	-7.573923e-21	-1.089390e-03	2.723476e-05	8.529382e-03	7.311341e-05	1.489503e-03	1.435033e-03	7.311341e-05	-7.311341e-05	7.984687e-03	-9.074077e-03
129           	2.925080e-03	-7.574568e-21	-1.091806e-03	2.729516e-05	8.535849e-03	7.312699e-05	1.489835e-03	1.435245e-03	7.312699e-05	-7.312699e-05	7.989945e-03	-9.081752e-03
130           	2.925862e-03	-7.575059e-21	-1.093436e-03	2.733590e-05	8.541167e-03	7.314655e-05	1.490267e-03	1.435595e-03	7.314655e-05	-7.314655e-05	7.994449e-03	-9.087885e-03
131           	2.926872e-03	-7.575855e-21	-1.094057e-03	2.735142e-05	8.544806e-03	7.317180e-05	1.490788e-03	1.436085e-03	7.317180e-05	-7.317180e-05	7.997778e-03	-9.091834e-03
132           	2.927340e-03	-7.576042e-21	-1.093221e-03	2.733052e-05	8.544073e-03	7.318351e-05	1.491001e-03	1.436340e-03	7.318351e-05	-7.318351e-05	7.997463e-03	-9.090684e-03
133           	2.927496e-03	-7.575628e-21	-1.091513e-03	2.728781e-05	8.540756e-03	7.318741e-05	1.491036e-03	1.436460e-03	7.318741e-05	-7.318741e-05	7.994999e-03	-9.086512e-03
134           	2.927224e-03	-7.575186e-21	-1.089378e-03	2.723445e-05	8.535530e-03	7.318061e-05	1.490847e-03	1.436378e-03	7.318061e-05	-7.318061e-05	7.990841e-03	-9.080219e-03
135           	2.926611e-03	-7.574837e-21	-1.087595e-03	2.718988e-05	8.530283e-03	7.316529e-05	1.490496e-03	1.436116e-03	7.316529e-05	-7.316529e-05	7.986486e-03	-9.074081e-03
136           	2.925941e-03	-7.574586e-21	-1.086659e-03	2.716647e-05	8.526726e-03	7.314853e-05	1.490137e-03	1.435804e-03	7.314853e-05	-7.314853e-05	7.983397e-03	-9.070055e-03
137           	2.925158e-03	-7.574236e-21	-1.086651e-03	2.716628e-05	8.524935e-03	7.312895e-05	1.489745e-03	1.435413e-03	7.312895e-05	-7.312895e-05	7.981609e-03	-9.068261e-03
138           	2.924898e-03	-7.574202e-21	-1.087702e-03	2.719254e-05	8.526613e-03	7.312246e-05	1.489642e-03	1.435257e-03	7.312246e-05	-7.312246e-05	7.982762e-03	-9.070463e-03
139           	2.924909e-03	-7.574794e-21	-1.089392e-03	2.723479e-05	8.530275e-03	7.312273e-05	1.489689e-03	1.435220e-03	7.312273e-05	-7.312273e-05	7.985579e-03	-9.074970e-03
140           	2.925327e-03	-7.575195e-21	-1.091219e-03	2.728046e-05	8.535177e-03	7.313316e-05	1.489944e-03	1.435383e-03	7.313316e-05	-7.313316e-05	7.989568e-03	-9.080787e-03
141           	2.925918e-03	-7.575499e-21	-1.092441e-03	2.731102e-05	8.539174e-03	7.314794e-05	1.490270e-03	1.435648e-03	7.314794e-05	-7.314794e-05	7.992953e-03	-9.085394e-03
142           	2.926670e-03	-7.576021e-21	-1.092895e-03	2.732239e-05	8.541867e-03	7.316675e-05	1.490657e-03	1.436013e-03	7.316675e-05	-7.316675e-05	7.995419e-03	-9.088315e-03
143           	2.927017e-03	-7.576101e-21	-1.092262e-03	2.730654e-05	8.541293e-03	7.317543e-05	1.490815e-03	1.436202e-03	7.317543e-05	-7.317543e-05	7.995162e-03	-9.087424e-03
144           	2.927125e-03	-7.575756e-21	-1.090969e-03	2.727422e-05	8.538758e-03	7.317812e-05	1.490837e-03	1.436288e-03	7.317812e-05	-7.317812e-05	7.993274e-03	-9.084243e-03
145           	2.926920e-03	-7.575377e-21	-1.089354e-03	2.723385e-05	8.534807e-03	7.317299e-05	1.490694e-03	1.436226e-03	7.317299e-05	-7.317299e-05	7.990130e-03	-9.079484e-03
146           	2.926438e-03	-7.575139e-21	-1.088009e-03	2.720022e-05	8.530804e-03	7.316095e-05	1.490419e-03	1.436019e-03	7.316095e-05	-7.316095e-05	7.986800e-03	-9.074809e-03
147           	2.925930e-03	-7.574953e-21	-1.087333e-03	2.718332e-05	8.528181e-03	7.314826e-05	1.490149e-03	1.435782e-03	7.314826e-05	-7.314826e-05	7.984514e-03	-9.071847e-03
148           	2.925349e-03	-7.574704e-21	-1.087366e-03	2.718415e-05	8.526935e-03	7.313373e-05	1.489859e-03	1.435490e-03	7.313373e-05	-7.313373e-05	7.983252e-03	-9.070618e-03
149           	2.925167e-03	-7.574661e-21	-1.088181e-03	2.720453e-05	8.528281e-03	7.312918e-05	1.489788e-03	1.435379e-03	7.312918e-05	-7.312918e-05	7.984190e-03	-9.072371e-03
150           	2.925187e-03	-7.575099e-21	-1.089460e-03	2.723649e-05	8.531076e-03	7.312966e-05	1.489830e-03	1.435357e-03	7.312966e-05	-7.312966e-05	7.986347e-03	-9.075806e-03
151           	2.925506e-03	-7.575390e-21	-1.090828e-03	2.727071e-05	8.534765e-03	7.313765e-05	1.490024e-03	1.435482e-03	7.313765e-05	-7.313765e-05	7.989350e-03	-9.080179e-03
152           	2.925954e-03	-7.575604e-21	-1.091734e-03	2.729336e-05	8.537748e-03	7.314884e-05	1.490270e-03	1.435683e-03	7.314884e-05	-7.314884e-05	7.991881e-03	-9.083615e-03
153           	2.926513e-03	-7.575978e-21	-1.092054e-03	2.730135e-05	8.539706e-03	7.316282e-05	1.490558e-03	1.435955e-03	7.316282e-05	-7.316282e-05	7.993679e-03	-9.085733e-03
154           	2.926779e-03	-7.575988e-21	-1.091589e-03	2.728972e-05	8.539311e-03	7.316948e-05	1.490679e-03	1.436100e-03	7.316948e-05	-7.316948e-05	7.993517e-03	-9.085106e-03
155           	2.926896e-03	-7.575637e-21	-1.090584e-03	2.726460e-05	8.537420e-03	7.317239e-05	1.490712e-03	1.436183e-03	7.317239e-05	-7.317239e-05	7.992128e-03	-9.082712e-03
156           	2.926679e-03	-7.575440e-21	-1.089280e-03	2.723199e-05	8.534110e-03	7.316697e-05	1.490571e-03	1.436107e-03	7.316697e-05	-7.316697e-05	7.989471e-03	-9.078750e-03
157           	2.926288e-03	-7.575304e-21	-1.088281e-03	2.720701e-05	8.531062e-03	7.315720e-05	1.490351e-03	1.435937e-03	7.315720e-05	-7.315720e-05	7.986921e-03	-9.075202e-03
158           	2.925899e-03	-7.575201e-21	-1.087810e-03	2.719525e-05	8.529155e-03	7.314748e-05	1.490145e-03	1.435754e-03	7.314748e-05	-7.314748e-05	7.985250e-03	-9.073060e-03
159           	2.925473e-03	-7.575050e-21	-1.087921e-03	2.719803e-05	8.528429e-03	7.313682e-05	1.489934e-03	1.435538e-03	7.313682e-05	-7.313682e-05	7.984468e-03	-9.072389e-03
160           	2.925357e-03	-7.575000e-21	-1.088592e-03	2.721481e-05	8.529615e-03	7.313394e-05	1.489894e-03	1.435464e-03	7.313394e-05	-7.313394e-05	7.985319e-03	-9.073912e-03
161           	2.925394e-03	-7.575330e-21	-1.089585e-03	2.723962e-05	8.531832e-03	7.313484e-05	1.489936e-03	1.435457e-03	7.313484e-05	-7.313484e-05	7.987040e-03	-9.076625e-03
162           	2.925650e-03	-7.575551e-21	-1.090622e-03	2.726556e-05	8.534658e-03	7.314124e-05	1.490090e-03	1.435559e-03	7.314124e-05	-7.314124e-05	7.989347e-03	-9.079969e-03
163           	2.926006e-03	-7.575664e-21	-1.091273e-03	2.728183e-05	8.536878e-03	7.315014e-05	1.490285e-03	1.435721e-03	7.315014e-05	-7.315014e-05	7.991242e-03	-9.082515e-03
164           	2.926424e-03	-7.575910e-21	-1.091465e-03	2.728664e-05	8.538243e-03	7.316060e-05	1.490499e-03	1.435925e-03	7.316060e-05	-7.316060e-05	7.992510e-03	-9.083976e-03
165           	2.926605e-03	-7.575913e-21	-1.091074e-03	2.727685e-05	8.537811e-03	7.316512e-05	1.490579e-03	1.436026e-03	7.316512e-05	-7.316512e-05	7.992274e-03	-9.083348e-03
166           	2.926682e-03	-7.575644e-21	-1.090293e-03	2.725732e-05	8.536311e-03	7.316704e-05	1.490598e-03	1.436084e-03	7.316704e-05	-7.316704e-05	7.991164e-03	-9.081457e-03
167           	2.926527e-03	-7.575414e-21	-1.089276e-03	2.723189e-05	8.533763e-03	7.316316e-05	1.490495e-03	1.436031e-03	7.316316e-05	-7.316316e-05	7.989125e-03	-9.078401e-03
168           	2.926193e-03	-7.575365e-21	-1.088491e-03	2.721227e-05	8.531307e-03	7.315483e-05	1.490309e-03	1.435884e-03	7.315483e-05	-7.315483e-05	7.987062e-03	-9.075552e-03
169           	2.925787e-03	-7.574920e-21	-1.088091e-03	2.720227e-05	8.529523e-03	7.314466e-05	1.490096e-03	1.435691e-03	7.314466e-05	-7.314466e-05	7.985477e-03	-9.073568e-03
170           	2.925578e-03	-7.574788e-21	-1.088276e-03	2.720690e-05	8.529448e-03	7.313946e-05	1.489996e-03	1.435582e-03	7.313946e-05	-7.313946e-05	7.985310e-03	-9.073586e-03
171           	2.925453e-03	-7.575038e-21	-1.088860e-03	2.722151e-05	8.530415e-03	7.313633e-05	1.489948e-03	1.435505e-03	7.313633e-05	-7.313633e-05	7.985985e-03	-9.074846e-03
172           	2.925548e-03	-7.575192e-21	-1.089734e-03	2.724334e-05	8.532516e-03	7.313871e-05	1.490017e-03	1.435531e-03	7.313871e-05	-7.313871e-05	7.987649e-03	-9.077383e-03
173           	2.925762e-03	-7.575432e-21	-1.090517e-03	2.726292e-05	8.534695e-03	7.314405e-05	1.490144e-03	1.435618e-03	7.314405e-05	-7.314405e-05	7.989437e-03	-9.079954e-03
174           	2.926044e-03	-7.575547e-21	-1.090993e-03	2.727483e-05	8.536367e-03	7.315110e-05	1.490297e-03	1.435747e-03	7.315110e-05	-7.315110e-05	7.990870e-03	-9.081863e-03
175           	2.926391e-03	-7.576082e-21	-1.091099e-03	2.727747e-05	8.537380e-03	7.315978e-05	1.490473e-03	1.435918e-03	7.315978e-05	-7.315978e-05	7.991831e-03	-9.082930e-03
176           	2.926518e-03	-7.576379e-21	-1.090745e-03	2.726861e-05	8.536904e-03	7.316295e-05	1.490528e-03	1.435990e-03	7.316295e-05	-7.316295e-05	7.991532e-03	-9.082276e-03
177           	2.926554e-03	-7.576110e-21	-1.090100e-03	2.725250e-05	8.535602e-03	7.316386e-05	1.490530e-03	1.436025e-03	7.316386e-05	-7.316386e-05	7.990552e-03	-9.080652e-03
178           	2.926400e-03	-7.575907e-21	-1.089310e-03	2.723274e-05	8.533546e-03	7.316000e-05	1.490433e-03	1.435967e-03	7.316000e-05	-7.316000e-05	7.988891e-03	-9.078200e-03
179           	2.926140e-03	-7.575779e-21	-1.088738e-03	2.721844e-05	8.531718e-03	7.315350e-05	1.490288e-03	1.435852e-03	7.315350e-05	-7.315350e-05	7.987349e-03	-9.076087e-03
180           	2.925807e-03	-7.575005e-21	-1.088450e-03	2.721125e-05	8.530345e-03	7.314518e-05	1.490115e-03	1.435692e-03	7.314518e-05	-7.314518e-05	7.986120e-03	-9.074570e-03
181           	2.925650e-03	-7.574572e-21	-1.088624e-03	2.721560e-05	8.530364e-03	7.314126e-05	1.490041e-03	1.435610e-03	7.314126e-05	-7.314126e-05	7.986052e-03	-9.074676e-03
182           	2.925564e-03	-7.574804e-21	-1.089107e-03	2.722767e-05	8.531201e-03	7.313910e-05	1.490010e-03	1.435554e-03	7.313910e-05	-7.313910e-05	7.986648e-03	-9.075755e-03
183           	2.925656e-03	-7.574948e-21	-1.089797e-03	2.724492e-05	8.532900e-03	7.314140e-05	1.490073e-03	1.435583e-03	7.314140e-05	-7.314140e-05	7.988002e-03	-9.077799e-03
184           	2.925832e-03	-7.575175e-21	-1.090389e-03	2.725972e-05	8.534579e-03	7.314579e-05	1.490176e-03	1.435656e-03	7.314579e-05	-7.314579e-05	7.989385e-03	-9.079773e-03
185           	2.926053e-03	-7.575316e-21	-1.090733e-03	2.726832e-05	8.535827e-03	7.315133e-05	1.490295e-03	1.435758e-03	7.315133e-05	-7.315133e-05	7.990461e-03	-9.081194e-03
186           	2.926335e-03	-7.576001e-21	-1.090781e-03	2.726952e-05	8.536566e-03	7.315836e-05	1.490437e-03	1.435898e-03	7.315836e-05	-7.315836e-05	7.991176e-03	-9.081957e-03
187           	2.926422e-03	-7.576462e-21	-1.090477e-03	2.726192e-05	8.536109e-03	7.316056e-05	1.490473e-03	1.435949e-03	7.316056e-05	-7.316056e-05	7.990870e-03	-9.081347e-03
188           	2.926425e-03	-7.576249e-21	-1.089967e-03	2.724916e-05	8.535019e-03	7.316063e-05	1.490462e-03	1.435963e-03	7.316063e-05	-7.316063e-05	7.990036e-03	-9.080002e-03
189           	2.926311e-03	-7.576035e-21	-1.089376e-03	2.723439e-05	8.533483e-03	7.315777e-05	1.490390e-03	1.435921e-03	7.315777e-05	-7.315777e-05	7.988795e-03	-9.078171e-03
190           	2.926099e-03	-7.575713e-21	-1.088936e-03	2.722341e-05	8.532053e-03	7.315248e-05	1.490273e-03	1.435826e-03	7.315248e-05	-7.315248e-05	7.987585e-03	-9.076521e-03
191           	2.925838e-03	-7.574939e-21	-1.088737e-03	2.721844e-05	8.531034e-03	7.314595e-05	1.490137e-03	1.435701e-03	7.314595e-05	-7.314595e-05	7.986666e-03	-9.075403e-03
192           	2.925722e-03	-7.574593e-21	-1.088892e-03	2.722230e-05	8.531104e-03	7.314305e-05	1.490083e-03	1.435639e-03	7.314305e-05	-7.314305e-05	7.986658e-03	-9.075550e-03
193           	2.925659e-03	-7.574797e-21	-1.089280e-03	2.723200e-05	8.531792e-03	7.314147e-05	1.490061e-03	1.435597e-03	7.314147e-05	-7.314147e-05	7.987152e-03	-9.076432e-03
194           	2.925744e-03	-7.575102e-21	-1.089830e-03	2.724574e-05	8.533171e-03	7.314359e-05	1.490118e-03	1.435626e-03	7.314359e-05	-7.314359e-05	7.988256e-03	-9.078086e-03
195           	2.925888e-03	-7.575412e-21	-1.090274e-03	2.725685e-05	8.534459e-03	7.314720e-05	1.490201e-03	1.435687e-03	7.314720e-05	-7.314720e-05	7.989322e-03	-9.079596e-03
196           	2.926059e-03	-7.575523e-21	-1.090520e-03	2.726300e-05	8.535381e-03	7.315148e-05	1.490293e-03	1.435767e-03	7.315148e-05	-7.315148e-05	7.990121e-03	-9.080641e-03
197           	2.926272e-03	-7.575904e-21	-1.090539e-03	2.726348e-05	8.535903e-03	7.315680e-05	1.490399e-03	1.435872e-03	7.315680e-05	-7.315680e-05	7.990633e-03	-9.081172e-03
198           	2.926333e-03	-7.576153e-21	-1.090289e-03	2.725722e-05	8.535502e-03	7.315834e-05	1.490424e-03	1.435910e-03	7.315834e-05	-7.315834e-05	7.990357e-03	-9.080646e-03
199           	2.926329e-03	-7.575993e-21	-1.089886e-03	2.724716e-05	8.534628e-03	7.315824e-05	1.490412e-03	1.435918e-03	7.315824e-05	-7.315824e-05	7.989685e-03	-9.079571e-03
200           	2.926240e-03	-7.575825e-21	-1.089427e-03	2.723567e-05	8.533432e-03	7.315599e-05	1.490355e-03	1.435884e-03	7.315599e-05	-7.315599e-05	7.988719e-03	-9.078146e-03
201           	2.926078e-03	-7.575736e-21	-1.089096e-03	2.722740e-05	8.532348e-03	7.315194e-05	1.490266e-03	1.435811e-03	7.315194e-05	-7.315194e-05	7.987800e-03	-9.076896e-03
202           	2.925866e-03	-7.575188e-21	-1.088953e-03	2.722382e-05	8.531562e-03	7.314665e-05	1.490157e-03	1.435709e-03	7.314665e-05	-7.314665e-05	7.987085e-03	-9.076038e-03
203           	2.925778e-03	-7.574857e-21	-1.089088e-03	2.722721e-05	8.531655e-03	7.314445e-05	1.490116e-03	1.435662e-03	7.314445e-05	-7.314445e-05	7.987111e-03	-9.076200e-03
204           	2.925734e-03	-7.575019e-21	-1.089405e-03	2.723513e-05	8.532233e-03	7.314334e-05	1.490102e-03	1.435632e-03	7.314334e-05	-7.314334e-05	7.987530e-03	-9.076936e-03
205           	2.925808e-03	-7.575114e-21	-1.089832e-03	2.724580e-05	8.533325e-03	7.314521e-05	1.490150e-03	1.435658e-03	7.314521e-05	-7.314521e-05	7.988409e-03	-9.078241e-03
206           	2.925932e-03	-7.575438e-21	-1.090176e-03	2.725439e-05	8.534349e-03	7.314831e-05	1.490221e-03	1.435712e-03	7.314831e-05	-7.314831e-05	7.989261e-03	-9.079437e-03
207           	2.926067e-03	-7.575647e-21	-1.090349e-03	2.725874e-05	8.535031e-03	7.315167e-05	1.490292e-03	1.435775e-03	7.315167e-05	-7.315167e-05	7.989856e-03	-9.080205e-03
208           	2.926222e-03	-7.575844e-21	-1.090338e-03	2.725844e-05	8.535357e-03	7.315555e-05	1.490370e-03	1.435853e-03	7.315555e-05	-7.315555e-05	7.990188e-03	-9.080525e-03
209           	2.926263e-03	-7.575970e-21	-1.090131e-03	2.725328e-05	8.535003e-03	7.315657e-05	1.490385e-03	1.435878e-03	7.315657e-05	-7.315657e-05	7.989937e-03	-9.080068e-03
210           	2.926253e-03	-7.575841e-21	-1.089815e-03	2.724536e-05	8.534299e-03	7.315632e-05	1.490372e-03	1.435881e-03	7.315632e-05	-7.315632e-05	7.989392e-03	-9.079207e-03
211           	2.926179e-03	-7.575721e-21	-1.089467e-03	2.723668e-05	8.533381e-03	7.315446e-05	1.490326e-03	1.435853e-03	7.315446e-05	-7.315446e-05	7.988647e-03	-9.078115e-03
212           	2.926056e-03	-7.575661e-21	-1.089228e-03	2.723070e-05	8.532585e-03	7.315141e-05	1.490259e-03	1.435797e-03	7.315141e-05	-7.315141e-05	7.987971e-03	-9.077199e-03
213           	2.925897e-03	-7.575293e-21	-1.089134e-03	2.722835e-05	8.532024e-03	7.314744e-05	1.490177e-03	1.435720e-03	7.314744e-05	-7.314744e-05	7.987457e-03	-9.076591e-03
214           	2.925833e-03	-7.575072e-21	-1.089249e-03	2.723123e-05	8.532127e-03	7.314584e-05	1.490148e-03	1.435686e-03	7.314584e-05	-7.314584e-05	7.987503e-03	-9.076752e-03
215           	2.925808e-03	-7.575186e-21	-1.089496e-03	2.723740e-05	8.532597e-03	7.314519e-05	1.490141e-03	1.435666e-03	7.314519e-05	-7.314519e-05	7.987850e-03	-9.077345e-03
216           	2.925864e-03	-7.575262e-21	-1.089815e-03	2.724538e-05	8.533414e-03	7.314659e-05	1.490177e-03	1.435686e-03	7.314659e-05	-7.314659e-05	7.988507e-03	-9.078322e-03
217           	2.925959e-03	-7.575474e-21	-1.090072e-03	2.725179e-05	8.534185e-03	7.314897e-05	1.490231e-03	1.435728e-03	7.314897e-05	-7.314897e-05	7.989149e-03	-9.079220e-03
218           	2.926061e-03	-7.575613e-21	-1.090197e-03	2.725493e-05	8.534689e-03	7.315152e-05	1.490285e-03	1.435775e-03	7.315152e-05	-7.315152e-05	7.989590e-03	-9.079788e-03
219           	2.926177e-03	-7.575753e-21	-1.090174e-03	2.725436e-05	8.534901e-03	7.315442e-05	1.490343e-03	1.435834e-03	7.315442e-05	-7.315442e-05	7.989814e-03	-9.079989e-03
220           	2.926206e-03	-7.575845e-21	-1.090011e-03	2.725027e-05	8.534614e-03	7.315515e-05	1.490353e-03	1.435853e-03	7.315515e-05	-7.315515e-05	7.989608e-03	-9.079619e-03
221           	2.926196e-03	-7.575745e-21	-1.089768e-03	2.724420e-05	8.534070e-03	7.315490e-05	1.490342e-03	1.435854e-03	7.315490e-05	-7.315490e-05	7.989186e-03	-9.078954e-03
222           	2.926136e-03	-7.575657e-21	-1.089508e-03	2.723771e-05	8.533373e-03	7.315341e-05	1.490306e-03	1.435830e-03	7.315341e-05	-7.315341e-05	7.988619e-03	-9.078127e-03
223           	2.926043e-03	-7.575610e-21	-1.089336e-03	2.723340e-05	8.532789e-03	7.315109e-05	1.490255e-03	1.435788e-03	7.315109e-05	-7.315109e-05	7.988121e-03	-9.077457e-03
224           	2.925925e-03	-7.575365e-21	-1.089277e-03	2.723192e-05	8.532393e-03	7.314811e-05	1.490194e-03	1.435730e-03	7.314811e-05	-7.314811e-05	7.987755e-03	-9.077031e-03
225           	2.925878e-03	-7.575220e-21	-1.089373e-03	2.723432e-05	8.532493e-03	7.314694e-05	1.490173e-03	1.435705e-03	7.314694e-05	-7.314694e-05	7.987807e-03	-9.077180e-03
226           	2.925861e-03	-7.575307e-21	-1.089567e-03	2.723917e-05	8.532871e-03	7.314652e-05	1.490169e-03	1.435691e-03	7.314652e-05	-7.314652e-05	7.988087e-03	-9.077654e-03
227           	2.925906e-03	-7.575364e-21	-1.089811e-03	2.724528e-05	8.533502e-03	7.314766e-05	1.490198e-03	1.435708e-03	7.314766e-05	-7.314766e-05	7.988597e-03	-9.078408e-03
228           	2.925978e-03	-7.575433e-21	-1.089998e-03	2.724995e-05	8.534070e-03	7.314945e-05	1.490239e-03	1.435739e-03	7.314945e-05	-7.314945e-05	7.989071e-03	-9.079069e-03
229           	2.926087e-03	-7.575730e-21	-1.090114e-03	2.725286e-05	8.534567e-03	7.315218e-05	1.490296e-03	1.435791e-03	7.315218e-05	-7.315218e-05	7.989509e-03	-9.079624e-03
230           	2.926143e-03	-7.575892e-21	-1.090076e-03	2.725191e-05	8.534612e-03	7.315358e-05	1.490323e-03	1.435820e-03	7.315358e-05	-7.315358e-05	7.989574e-03	-9.079650e-03
231           	2.926174e-03	-7.575817e-21	-1.089936e-03	2.724839e-05	8.534382e-03	7.315436e-05	1.490336e-03	1.435839e-03	7.315436e-05	-7.315436e-05	7.989414e-03	-9.079350e-03
232           	2.926152e-03	-7.575757e-21	-1.089724e-03	2.724310e-05	8.533875e-03	7.315381e-05	1.490319e-03	1.435833e-03	7.315381e-05	-7.315381e-05	7.989013e-03	-9.078737e-03
233           	2.926100e-03	-7.575564e-21	-1.089527e-03	2.723818e-05	8.533331e-03	7.315249e-05	1.490288e-03	1.435812e-03	7.315249e-05	-7.315249e-05	7.988567e-03	-9.078094e-03
234           	2.926028e-03	-7.575444e-21	-1.089407e-03	2.723518e-05	8.532909e-03	7.315071e-05	1.490249e-03	1.435779e-03	7.315071e-05	-7.315071e-05	7.988205e-03	-9.077613e-03
235           	2.925942e-03	-7.575313e-21	-1.089379e-03	2.723448e-05	8.532652e-03	7.314854e-05	1.490205e-03	1.435736e-03	7.314854e-05	-7.314854e-05	7.987962e-03	-9.077342e-03
236           	2.925909e-03	-7.575246e-21	-1.089462e-03	2.723655e-05	8.532758e-03	7.314773e-05	1.490191e-03	1.435718e-03	7.314773e-05	-7.314773e-05	7.988027e-03	-9.077489e-03
237           	2.925898e-03	-7.575319e-21	-1.089618e-03	2.724044e-05	8.533067e-03	7.314746e-05	1.490190e-03	1.435709e-03	7.314746e-05	-7.314746e-05	7.988258e-03	-9.077875e-03
238           	2.925938e-03	-7.575365e-21	-1.089808e-03	2.724519e-05	8.533567e-03	7.314844e-05	1.490214e-03	1.435724e-03	7.314844e-05	-7.314844e-05	7.988663e-03	-9.078471e-03
239           	2.926000e-03	-7.575477e-21	-1.089946e-03	2.724865e-05	8.534008e-03	7.315001e-05	1.490249e-03	1.435752e-03	7.315001e-05	-7.315001e-05	7.989035e-03	-9.078981e-03
240           	2.926079e-03	-7.575723e-21	-1.090018e-03	2.725045e-05	8.534341e-03	7.315198e-05	1.490290e-03	1.435789e-03	7.315198e-05	-7.315198e-05	7.989332e-03	-9.079350e-03
241           	2.926117e-03	-7.575832e-21	-1.089979e-03	2.724946e-05	8.534342e-03	7.315292e-05	1.490308e-03	1.435809e-03	7.315292e-05	-7.315292e-05	7.989352e-03	-9.079331e-03
242           	2.926139e-03	-7.575774e-21	-1.089866e-03	2.724666e-05	8.534152e-03	7.315348e-05	1.490316e-03	1.435823e-03	7.315348e-05	-7.315348e-05	7.989219e-03	-9.079086e-03
243           	2.926118e-03	-7.575673e-21	-1.089700e-03	2.724249e-05	8.533745e-03	7.315295e-05	1.490302e-03	1.435817e-03	7.315295e-05	-7.315295e-05	7.988895e-03	-9.078595e-03
244           	2.926078e-03	-7.575567e-21	-1.089558e-03	2.723894e-05	8.533346e-03	7.315194e-05	1.490278e-03	1.435800e-03	7.315194e-05	-7.315194e-05	7.988567e-03	-9.078125e-03
245           	2.926024e-03	-7.575529e-21	-1.089473e-03	2.723683e-05	8.533042e-03	7.315060e-05	1.490249e-03	1.435775e-03	7.315060e-05	-7.315060e-05	7.988305e-03	-9.077778e-03
246           	2.925956e-03	-7.575389e-21	-1.089457e-03	2.723642e-05	8.532852e-03	7.314889e-05	1.490214e-03	1.435741e-03	7.314889e-05	-7.314889e-05	7.988123e-03	-9.077580e-03
247           	2.925934e-03	-7.575300e-21	-1.089528e-03	2.723820e-05	8.532956e-03	7.314834e-05	1.490205e-03	1.435729e-03	7.314834e-05	-7.314834e-05	7.988192e-03	-9.077720e-03
248           	2.925929e-03	-7.575360e-21	-1.089653e-03	2.724133e-05	8.533213e-03	7.314822e-05	1.490206e-03	1.435723e-03	7.314822e-05	-7.314822e-05	7.988386e-03	-9.078039e-03
249           	2.925960e-03	-7.575403e-21	-1.089803e-03	2.724508e-05	8.533606e-03	7.314899e-05	1.490225e-03	1.435735e-03	7.314899e-05	-7.314899e-05	7.988705e-03	-9.078508e-03
250           	2.926012e-03	-7.575479e-21	-1.089911e-03	2.724777e-05	8.533958e-03	7.315030e-05	1.490254e-03	1.435758e-03	7.315030e-05	-7.315030e-05	7.989003e-03	-9.078914e-03
251           	2.926075e-03	-7.575661e-21	-1.089959e-03	2.724897e-05	8.534205e-03	7.315189e-05	1.490287e-03	1.435789e-03	7.315189e-05	-7.315189e-05	7.989225e-03	-9.079184e-03
252           	2.926103e-03	-7.575743e-21	-1.089920e-03	2.724801e-05	8.534184e-03	7.315257e-05	1.490299e-03	1.435803e-03	7.315257e-05	-7.315257e-05	7.989224e-03	-9.079144e-03
253           	2.926118e-03	-7.575693e-21	-1.089826e-03	2.724564e-05	8.534016e-03	7.315295e-05	1.490305e-03	1.435813e-03	7.315295e-05	-7.315295e-05	7.989103e-03	-9.078929e-03
254           	2.926096e-03	-7.575622e-21	-1.089691e-03	2.724226e-05	8.533674e-03	7.315240e-05	1.490290e-03	1.435806e-03	7.315240e-05	-7.315240e-05	7.988829e-03	-9.078520e-03
255           	2.926061e-03	-7.575545e-21	-1.089582e-03	2.723954e-05	8.533361e-03	7.315154e-05	1.490270e-03	1.435791e-03	7.315154e-05	-7.315154e-05	7.988570e-03	-9.078152e-03
256           	2.926019e-03	-7.575521e-21	-1.089521e-03	2.723801e-05	8.533132e-03	7.315048e-05	1.490248e-03	1.435772e-03	7.315048e-05	-7.315048e-05	7.988372e-03	-9.077893e-03
257           	2.925967e-03	-7.575428e-21	-1.089514e-03	2.723786e-05	8.533001e-03	7.314917e-05	1.490221e-03	1.435746e-03	7.314917e-05	-7.314917e-05	7.988244e-03	-9.077758e-03
258           	2.925952e-03	-7.575370e-21	-1.089575e-03	2.723937e-05	8.533098e-03	7.314881e-05	1.490215e-03	1.435737e-03	7.314881e-05	-7.314881e-05	7.988311e-03	-9.077886e-03
259           	2.925953e-03	-7.575409e-21	-1.089672e-03	2.724179e-05	8.533309e-03	7.314883e-05	1.490218e-03	1.435735e-03	7.314883e-05	-7.314883e-05	7.988473e-03	-9.078145e-03
260           	2.925976e-03	-7.575448e-21	-1.089782e-03	2.724456e-05	8.533599e-03	7.314939e-05	1.490232e-03	1.435743e-03	7.314939e-05	-7.314939e-05	7.988708e-03	-9.078490e-03
261           	2.926014e-03	-7.575471e-21	-1.089861e-03	2.724654e-05	8.533857e-03	7.315036e-05	1.490254e-03	1.435761e-03	7.315036e-05	-7.315036e-05	7.988927e-03	-9.078788e-03
262           	2.926065e-03	-7.575607e-21	-1.089897e-03	2.724743e-05	8.534049e-03	7.315162e-05	1.490280e-03	1.435785e-03	7.315162e-05	-7.315162e-05	7.989100e-03	-9.078997e-03
263           	2.926086e-03	-7.575689e-21	-1.089866e-03	2.724664e-05	8.534029e-03	7.315216e-05	1.490290e-03	1.435796e-03	7.315216e-05	-7.315216e-05	7.989096e-03	-9.078962e-03
264           	2.926098e-03	-7.575650e-21	-1.089791e-03	2.724477e-05	8.533895e-03	7.315244e-05	1.490294e-03	1.435804e-03	7.315244e-05	-7.315244e-05	7.988999e-03	-9.078790e-03
265           	2.926080e-03	-7.575628e-21	-1.089689e-03	2.724222e-05	8.533633e-03	7.315200e-05	1.490282e-03	1.435798e-03	7.315200e-05	-7.315200e-05	7.988789e-03	-9.078478e-03
266           	2.926051e-03	-7.575548e-21	-1.089606e-03	2.724014e-05	8.533388e-03	7.315126e-05	1.490265e-03	1.435785e-03	7.315126e-05	-7.315126e-05	7.988585e-03	-9.078191e-03
267           	2.926018e-03	-7.575497e-21	-1.089563e-03	2.723908e-05	8.533222e-03	7.315045e-05	1.490248e-03	1.435770e-03	7.315045e-05	-7.315045e-05	7.988440e-03	-9.078004e-03
268           	2.925981e-03	-7.575450e-21	-1.089565e-03	2.723913e-05	8.533141e-03	7.314951e-05	1.490229e-03	1.435751e-03	7.314951e-05	-7.314951e-05	7.988359e-03	-9.077924e-03
269           	2.925970e-03	-7.575420e-21	-1.089614e-03	2.724036e-05	8.533225e-03	7.314926e-05	1.490226e-03	1.435745e-03	7.314926e-05	-7.314926e-05	7.988418e-03	-9.078032e-03
270           	2.925973e-03	-7.575452e-21	-1.089691e-03	2.724226e-05	8.533394e-03	7.314932e-05	1.490229e-03	1.435744e-03	7.314932e-05	-7.314932e-05	7.988548e-03	-9.078239e-03
271           	2.925991e-03	-7.575480e-21	-1.089774e-03	2.724435e-05	8.533615e-03	7.314977e-05	1.490240e-03	1.435751e-03	7.314977e-05	-7.314977e-05	7.988728e-03	-9.078502e-03
272           	2.926020e-03	-7.575495e-21	-1.089831e-03	2.724578e-05	8.533805e-03	7.315049e-05	1.490256e-03	1.435764e-03	7.315049e-05	-7.315049e-05	7.988889e-03	-9.078720e-03
273           	2.926058e-03	-7.575584e-21	-1.089854e-03	2.724636e-05	8.533940e-03	7.315144e-05	1.490275e-03	1.435782e-03	7.315144e-05	-7.315144e-05	7.989013e-03	-9.078867e-03
274           	2.926073e-03	-7.575638e-21	-1.089827e-03	2.724568e-05	8.533916e-03	7.315183e-05	1.490282e-03	1.435791e-03	7.315183e-05	-7.315183e-05	7.989003e-03	-9.078830e-03
275           	2.926081e-03	-7.575609e-21	-1.089768e-03	2.724419e-05	8.533807e-03	7.315202e-05	1.490285e-03	1.435796e-03	7.315202e-05	-7.315202e-05	7.988923e-03	-9.078690e-03
276           	2.926066e-03	-7.575594e-21	-1.089688e-03	2.724221e-05	8.533602e-03	7.315165e-05	1.490275e-03	1.435791e-03	7.315165e-05	-7.315165e-05	7.988757e-03	-9.078446e-03
277           	2.926042e-03	-7.575549e-21	-1.089628e-03	2.724070e-05	8.533416e-03	7.315104e-05	1.490262e-03	1.435780e-03	7.315104e-05	-7.315104e-05	7.988602e-03	-9.078230e-03
278           	2.926019e-03	-7.575517e-21	-1.089600e-03	2.724000e-05	8.533303e-03	7.315046e-05	1.490249e-03	1.435769e-03	7.315046e-05	-7.315046e-05	7.988503e-03	-9.078103e-03
279           	2.925992e-03	-7.575477e-21	-1.089604e-03	2.724011e-05	8.533252e-03	7.314979e-05	1.490236e-03	1.435756e-03	7.314979e-05	-7.314979e-05	7.988449e-03	-9.078054e-03
280           	2.925985e-03	-7.575449e-21	-1.089643e-03	2.724107e-05	8.533319e-03	7.314963e-05	1.490234e-03	1.435751e-03	7.314963e-05	-7.314963e-05	7.988498e-03	-9.078141e-03
281           	2.925987e-03	-7.575472e-21	-1.089701e-03	2.724252e-05	8.533448e-03	7.314967e-05	1.490236e-03	1.435751e-03	7.314967e-05	-7.314967e-05	7.988598e-03	-9.078299e-03
282           	2.926001e-03	-7.575491e-21	-1.089763e-03	2.724408e-05	8.533615e-03	7.315003e-05	1.490245e-03	1.435757e-03	7.315003e-05	-7.315003e-05	7.988734e-03	-9.078497e-03
283           	2.926023e-03	-7.575502e-21	-1.089805e-03	2.724512e-05	8.533754e-03	7.315057e-05	1.490257e-03	1.435766e-03	7.315057e-05	-7.315057e-05	7.988852e-03	-9.078656e-03
284           	2.926051e-03	-7.575566e-21	-1.089820e-03	2.724549e-05	8.533850e-03	7.315127e-05	1.490271e-03	1.435780e-03	7.315127e-05	-7.315127e-05	7.988940e-03	-9.078759e-03
285           	2.926062e-03	-7.575605e-21	-1.089797e-03	2.724493e-05	8.533827e-03	7.315155e-05	1.490276e-03	1.435786e-03	7.315155e-05	-7.315155e-05	7.988928e-03	-9.078726e-03
286           	2.926066e-03	-7.575585e-21	-1.089751e-03	2.724378e-05	8.533738e-03	7.315166e-05	1.490277e-03	1.435789e-03	7.315166e-05	-7.315166e-05	7.988862e-03	-9.078613e-03
287           	2.926056e-03	-7.575572e-21	-1.089693e-03	2.724232e-05	8.533587e-03	7.315139e-05	1.490270e-03	1.435785e-03	7.315139e-05	-7.315139e-05	7.988741e-03	-9.078433e-03
288           	2.926039e-03	-7.575556e-21	-1.089647e-03	2.724118e-05	8.533451e-03	7.315097e-05	1.490261e-03	1.435778e-03	7.315097e-05	-7.315097e-05	7.988627e-03	-9.078274e-03
289           	2.926020e-03	-7.575545e-21	-1.089625e-03	2.724064e-05	8.533362e-03	7.315051e-05	1.490251e-03	1.435770e-03	7.315051e-05	-7.315051e-05	7.988549e-03	-9.078174e-03
290           	2.925998e-03	-7.575498e-21	-1.089631e-03	2.724076e-05	8.533322e-03	7.314995e-05	1.490240e-03	1.435758e-03	7.314995e-05	-7.314995e-05	7.988507e-03	-9.078138e-03
291           	2.925993e-03	-7.575463e-21	-1.089662e-03	2.724154e-05	8.533379e-03	7.314983e-05	1.490238e-03	1.435755e-03	7.314983e-05	-7.314983e-05	7.988548e-03	-9.078210e-03
292           	2.925996e-03	-7.575482e-21	-1.089707e-03	2.724267e-05	8.533481e-03	7.314989e-05	1.490241e-03	1.435755e-03	7.314989e-05	-7.314989e-05	7.988628e-03	-9.078335e-03
293           	2.926007e-03	-7.575497e-21	-1.089754e-03	2.724386e-05	8.533610e-03	7.315019e-05	1.490248e-03	1.435760e-03	7.315019e-05	-7.315019e-05	7.988733e-03	-9.078488e-03
294           	2.926024e-03	-7.575506e-21	-1.089785e-03	2.724461e-05	8.533715e-03	7.315061e-05	1.490257e-03	1.435768e-03	7.315061e-05	-7.315061e-05	7.988822e-03	-9.078607e-03
295           	2.926046e-03	-7.575558e-21	-1.089794e-03	2.724486e-05	8.533785e-03	7.315116e-05	1.490268e-03	1.435778e-03	7.315116e-05	-7.315116e-05	7.988888e-03	-9.078683e-03
296           	2.926055e-03	-7.575590e-21	-1.089776e-03	2.724440e-05	8.533764e-03	7.315137e-05	1.490272e-03	1.435783e-03	7.315137e-05	-7.315137e-05	7.988876e-03	-9.078652e-03
297           	2.926058e-03	-7.575573e-21	-1.089740e-03	2.724349e-05	8.533693e-03	7.315144e-05	1.490272e-03	1.435785e-03	7.315144e-05	-7.315144e-05	7.988823e-03	-9.078563e-03
298           	2.926049e-03	-7.575563e-21	-1.089694e-03	2.724236e-05	8.533575e-03	7.315121e-05	1.490267e-03	1.435782e-03	7.315121e-05	-7.315121e-05	7.988728e-03	-9.078422e-03
299           	2.926034e-03	-7.575536e-21	-1.089660e-03	2.724151e-05	8.533469e-03	7.315086e-05	1.490259e-03	1.435776e-03	7.315086e-05	-7.315086e-05	7.988639e-03	-9.078299e-03
300           	2.926015e-03	-7.575486e-21	-1.089641e-03	2.724103e-05	8.533384e-03	7.315038e-05	1.490249e-03	1.435766e-03	7.315038e-05	-7.315038e-05	7.988563e-03	-9.078204e-03
301           	2.926005e-03	-7.575468e-21	-1.089649e-03	2.724121e-05	8.533377e-03	7.315013e-05	1.490244e-03	1.435761e-03	7.315013e-05	-7.315013e-05	7.988553e-03	-9.078202e-03
302           	2.926000e-03	-7.575482e-21	-1.089675e-03	2.724187e-05	8.533421e-03	7.314999e-05	1.490242e-03	1.435758e-03	7.314999e-05	-7.314999e-05	7.988584e-03	-9.078259e-03
303           	2.926004e-03	-7.575491e-21	-1.089714e-03	2.724285e-05	8.533516e-03	7.315010e-05	1.490245e-03	1.435759e-03	7.315010e-05	-7.315010e-05	7.988659e-03	-9.078373e-03
304           	2.926014e-03	-7.575525e-21	-1.089750e-03	2.724376e-05	8.533617e-03	7.315035e-05	1.490251e-03	1.435763e-03	7.315035e-05	-7.315035e-05	7.988742e-03	-9.078492e-03
305           	2.926027e-03	-7.575546e-21	-1.089772e-03	2.724429e-05	8.533693e-03	7.315068e-05	1.490258e-03	1.435769e-03	7.315068e-05	-7.315068e-05	7.988807e-03	-9.078579e-03
306           	2.926043e-03	-7.575569e-21	-1.089776e-03	2.724440e-05	8.533737e-03	7.315107e-05	1.490266e-03	1.435777e-03	7.315107e-05	-7.315107e-05	7.988849e-03	-9.078625e-03
307           	2.926048e-03	-7.575580e-21	-1.089760e-03	2.724400e-05	8.533716e-03	7.315121e-05	1.490268e-03	1.435780e-03	7.315121e-05	-7.315121e-05	7.988836e-03	-9.078596e-03
308           	2.926050e-03	-7.575567e-21	-1.089731e-03	2.724328e-05	8.533658e-03	7.315126e-05	1.490268e-03	1.435782e-03	7.315126e-05	-7.315126e-05	7.988792e-03	-9.078523e-03
309           	2.926043e-03	-7.575556e-21	-1.089695e-03	2.724238e-05	8.533565e-03	7.315109e-05	1.490264e-03	1.435779e-03	7.315109e-05	-7.315109e-05	7.988717e-03	-9.078413e-03
310           	2.926031e-03	-7.575549e-21	-1.089669e-03	2.724173e-05	8.533482e-03	7.315079e-05	1.490257e-03	1.435774e-03	7.315079e-05	-7.315079e-05	7.988647e-03	-9.078317e-03
311           	2.926016e-03	-7.575501e-21	-1.089657e-03	2.724141e-05	8.533419e-03	7.315040e-05	1.490249e-03	1.435767e-03	7.315040e-05	-7.315040e-05	7.988591e-03	-9.078247e-03
312           	2.926009e-03	-7.575471e-21	-1.089665e-03	2.724162e-05	8.533421e-03	7.315022e-05	1.490246e-03	1.435763e-03	7.315022e-05	-7.315022e-05	7.988588e-03	-9.078253e-03
313           	2.926005e-03	-7.575483e-21	-1.089687e-03	2.724217e-05	8.533459e-03	7.315013e-05	1.490245e-03	1.435760e-03	7.315013e-05	-7.315013e-05	7.988616e-03	-9.078303e-03
314           	2.926010e-03	-7.575503e-21	-1.089719e-03	2.724296e-05	8.533539e-03	7.315025e-05	1.490248e-03	1.435762e-03	7.315025e-05	-7.315025e-05	7.988680e-03	-9.078398e-03
315           	2.926018e-03	-7.575537e-21	-1.089745e-03	2.724363e-05	8.533616e-03	7.315046e-05	1.490253e-03	1.435766e-03	7.315046e-05	-7.315046e-05	7.988743e-03	-9.078488e-03
316           	2.926028e-03	-7.575552e-21	-1.089760e-03	2.724400e-05	8.533671e-03	7.315071e-05	1.490258e-03	1.435770e-03	7.315071e-05	-7.315071e-05	7.988791e-03	-9.078551e-03
317           	2.926040e-03	-7.575559e-21	-1.089761e-03	2.724404e-05	8.533700e-03	7.315100e-05	1.490264e-03	1.435776e-03	7.315100e-05	-7.315100e-05	7.988820e-03	-9.078581e-03
318           	2.926044e-03	-7.575561e-21	-1.089748e-03	2.724369e-05	8.533679e-03	7.315110e-05	1.490266e-03	1.435778e-03	7.315110e-05	-7.315110e-05	7.988805e-03	-9.078553e-03
319           	2.926044e-03	-7.575553e-21	-1.089725e-03	2.724312e-05	8.533630e-03	7.315110e-05	1.490265e-03	1.435779e-03	7.315110e-05	-7.315110e-05	7.988768e-03	-9.078493e-03
320           	2.926039e-03	-7.575544e-21	-1.089699e-03	2.724246e-05	8.533562e-03	7.315097e-05	1.490262e-03	1.435777e-03	7.315097e-05	-7.315097e-05	7.988713e-03	-9.078411e-03
321           	2.926030e-03	-7.575539e-21	-1.089679e-03	2.724198e-05	8.533500e-03	7.315075e-05	1.490257e-03	1.435773e-03	7.315075e-05	-7.315075e-05	7.988660e-03	-9.078340e-03
322           	2.926018e-03	-7.575513e-21	-1.089670e-03	2.724176e-05	8.533455e-03	7.315046e-05	1.490251e-03	1.435767e-03	7.315046e-05	-7.315046e-05	7.988619e-03	-9.078290e-03
323           	2.926013e-03	-7.575498e-21	-1.089677e-03	2.724193e-05	8.533457e-03	7.315033e-05	1.490248e-03	1.435765e-03	7.315033e-05	-7.315033e-05	7.988619e-03	-9.078296e-03
324           	2.926010e-03	-7.575506e-21	-1.089695e-03	2.724237e-05	8.533488e-03	7.315025e-05	1.490247e-03	1.435763e-03	7.315025e-05	-7.315025e-05	7.988641e-03	-9.078335e-03
325           	2.926014e-03	-7.575511e-21	-1.089719e-03	2.724297e-05	8.533549e-03	7.315035e-05	1.490250e-03	1.435764e-03	7.315035e-05	-7.315035e-05	7.988689e-03	-9.078408e-03
326           	2.926021e-03	-7.575529e-21	-1.089739e-03	2.724347e-05	8.533608e-03	7.315052e-05	1.490254e-03	1.435767e-03	7.315052e-05	-7.315052e-05	7.988738e-03	-9.078477e-03
327           	2.926028e-03	-7.575540e-21	-1.089750e-03	2.724375e-05	8.533649e-03	7.315071e-05	1.490258e-03	1.435770e-03	7.315071e-05	-7.315071e-05	7.988774e-03	-9.078524e-03
328           	2.926037e-03	-7.575550e-21	-1.089750e-03	2.724375e-05	8.533670e-03	7.315093e-05	1.490262e-03	1.435775e-03	7.315093e-05	-7.315093e-05	7.988795e-03	-9.078545e-03
329           	2.926040e-03	-7.575556e-21	-1.089739e-03	2.724347e-05	8.533651e-03	7.315100e-05	1.490263e-03	1.435777e-03	7.315100e-05	-7.315100e-05	7.988782e-03	-9.078521e-03
330           	2.926040e-03	-7.575549e-21	-1.089721e-03	2.724303e-05	8.533613e-03	7.315100e-05	1.490263e-03	1.435777e-03	7.315100e-05	-7.315100e-05	7.988752e-03	-9.078473e-03
331           	2.926036e-03	-7.575542e-21	-1.089701e-03	2.724252e-05	8.533560e-03	7.315089e-05	1.490260e-03	1.435775e-03	7.315089e-05	-7.315089e-05	7.988709e-03	-9.078410e-03
332           	2.926029e-03	-7.575539e-21	-1.089687e-03	2.724217e-05	8.533513e-03	7.315072e-05	1.490257e-03	1.435772e-03	7.315072e-05	-7.315072e-05	7.988670e-03	-9.078357e-03
333           	2.926020e-03	-7.575518e-21	-1.089681e-03	2.724202e-05	8.533480e-03	7.315049e-05	1.490252e-03	1.435768e-03	7.315049e-05	-7.315049e-05	7.988639e-03	-9.078320e-03
334           	2.926016e-03	-7.575505e-21	-1.089687e-03	2.724216e-05	8.533484e-03	7.315040e-05	1.490250e-03	1.435766e-03	7.315040e-05	-7.315040e-05	7.988640e-03	-9.078327e-03
335           	2.926014e-03	-7.575512e-21	-1.089700e-03	2.724251e-05	8.533509e-03	7.315035e-05	1.490249e-03	1.435764e-03	7.315035e-05	-7.315035e-05	7.988659e-03	-9.078359e-03
336           	2.926017e-03	-7.575516e-21	-1.089719e-03	2.724298e-05	8.533557e-03	7.315043e-05	1.490252e-03	1.435766e-03	7.315043e-05	-7.315043e-05	7.988697e-03	-9.078416e-03
337           	2.926023e-03	-7.575529e-21	-1.089734e-03	2.724336e-05	8.533602e-03	7.315056e-05	1.490255e-03	1.435768e-03	7.315056e-05	-7.315056e-05	7.988734e-03	-9.078469e-03
338           	2.926028e-03	-7.575537e-21	-1.089742e-03	2.724355e-05	8.533632e-03	7.315071e-05	1.490258e-03	1.435771e-03	7.315071e-05	-7.315071e-05	7.988761e-03	-9.078503e-03
339           	2.926035e-03	-7.575545e-21	-1.089741e-03	2.724353e-05	8.533646e-03	7.315088e-05	1.490261e-03	1.435774e-03	7.315088e-05	-7.315088e-05	7.988775e-03	-9.078516e-03
340           	2.926037e-03	-7.575549e-21	-1.089732e-03	2.724330e-05	8.533630e-03	7.315093e-05	1.490262e-03	1.435775e-03	7.315093e-05	-7.315093e-05	7.988764e-03	-9.078496e-03
341           	2.926037e-03	-7.575544e-21	-1.089718e-03	2.724295e-05	8.533599e-03	7.315091e-05	1.490261e-03	1.435775e-03	7.315091e-05	-7.315091e-05	7.988740e-03	-9.078458e-03
342           	2.926033e-03	-7.575539e-21	-1.089703e-03	2.724257e-05	8.533558e-03	7.315083e-05	1.490259e-03	1.435774e-03	7.315083e-05	-7.315083e-05	7.988707e-03	-9.078409e-03
343           	2.926028e-03	-7.575536e-21	-1.089692e-03	2.724231e-05	8.533523e-03	7.315070e-05	1.490256e-03	1.435772e-03	7.315070e-05	-7.315070e-05	7.988677e-03	-9.078370e-03
344           	2.926021e-03	-7.575522e-21	-1.089688e-03	2.724221e-05	8.533499e-03	7.315053e-05	1.490253e-03	1.435768e-03	7.315053e-05	-7.315053e-05	7.988655e-03	-9.078344e-03
345           	2.926018e-03	-7.575514e-21	-1.089693e-03	2.724234e-05	8.533504e-03	7.315046e-05	1.490251e-03	1.435767e-03	7.315046e-05	-7.315046e-05	7.988657e-03	-9.078351e-03
346           	2.926017e-03	-7.575519e-21	-1.089704e-03	2.724261e-05	8.533524e-03	7.315042e-05	1.490251e-03	1.435766e-03	7.315042e-05	-7.315042e-05	7.988672e-03	-9.078377e-03
347           	2.926020e-03	-7.575522e-21	-1.089719e-03	2.724298e-05	8.533562e-03	7.315049e-05	1.490253e-03	1.435767e-03	7.315049e-05	-7.315049e-05	7.988703e-03	-9.078422e-03
348           	2.926024e-03	-7.575525e-21	-1.089730e-03	2.724325e-05	8.533595e-03	7.315060e-05	1.490255e-03	1.435769e-03	7.315060e-05	-7.315060e-05	7.988730e-03	-9.078460e-03
349           	2.926028e-03	-7.575531e-21	-1.089735e-03	2.724338e-05	8.533617e-03	7.315071e-05	1.490258e-03	1.435771e-03	7.315071e-05	-7.315071e-05	7.988749e-03	-9.078484e-03
350           	2.926033e-03	-7.575541e-21	-1.089734e-03	2.724335e-05	8.533625e-03	7.315083e-05	1.490260e-03	1.435773e-03	7.315083e-05	-7.315083e-05	7.988758e-03	-9.078492e-03
351           	2.926034e-03	-7.575547e-21	-1.089727e-03	2.724317e-05	8.533612e-03	7.315086e-05	1.490260e-03	1.435774e-03	7.315086e-05	-7.315086e-05	7.988749e-03	-9.078475e-03
352           	2.926034e-03	-7.575543e-21	-1.089716e-03	2.724290e-05	8.533588e-03	7.315085e-05	1.490260e-03	1.435774e-03	7.315085e-05	-7.315085e-05	7.988730e-03	-9.078446e-03
353           	2.926031e-03	-7.575539e-21	-1.089705e-03	2.724261e-05	8.533558e-03	7.315078e-05	1.490258e-03	1.435773e-03	7.315078e-05	-7.315078e-05	7.988705e-03	-9.078410e-03
354           	2.926027e-03	-7.575537e-21	-1.089697e-03	2.724243e-05	8.533532e-03	7.315068e-05	1.490256e-03	1.435771e-03	7.315068e-05	-7.315068e-05	7.988684e-03	-9.078381e-03
355           	2.926022e-03	-7.575525e-21	-1.089695e-03	2.724237e-05	8.533515e-03	7.315055e-05	1.490253e-03	1.435769e-03	7.315055e-05	-7.315055e-05	7.988668e-03	-9.078363e-03
356           	2.926020e-03	-7.575517e-21	-1.089699e-03	2.724247e-05	8.533520e-03	7.315050e-05	1.490253e-03	1.435768e-03	7.315050e-05	-7.315050e-05	7.988671e-03	-9.078369e-03
357           	2.926019e-03	-7.575521e-21	-1.089708e-03	2.724269e-05	8.533537e-03	7.315048e-05	1.490252e-03	1.435767e-03	7.315048e-05	-7.315048e-05	7.988683e-03	-9.078391e-03
358           	2.926021e-03	-7.575524e-21	-1.089718e-03	2.724296e-05	8.533565e-03	7.315054e-05	1.490254e-03	1.435768e-03	7.315054e-05	-7.315054e-05	7.988706e-03	-9.078424e-03
359           	2.926025e-03	-7.575527e-21	-1.089727e-03	2.724317e-05	8.533590e-03	7.315062e-05	1.490255e-03	1.435769e-03	7.315062e-05	-7.315062e-05	7.988727e-03	-9.078453e-03
360           	2.926029e-03	-7.575541e-21	-1.089732e-03	2.724329e-05	8.533612e-03	7.315074e-05	1.490258e-03	1.435771e-03	7.315074e-05	-7.315074e-05	7.988746e-03	-9.078478e-03
361           	2.926032e-03	-7.575549e-21	-1.089730e-03	2.724325e-05	8.533614e-03	7.315080e-05	1.490259e-03	1.435773e-03	7.315080e-05	-7.315080e-05	7.988749e-03	-9.078479e-03
362           	2.926033e-03	-7.575545e-21	-1.089724e-03	2.724309e-05	8.533603e-03	7.315083e-05	1.490260e-03	1.435774e-03	7.315083e-05	-7.315083e-05	7.988741e-03	-9.078465e-03
363           	2.926032e-03	-7.575539e-21	-1.089714e-03	2.724285e-05	8.533580e-03	7.315081e-05	1.490259e-03	1.435773e-03	7.315081e-05	-7.315081e-05	7.988723e-03	-9.078437e-03
364           	2.926030e-03	-7.575534e-21	-1.089706e-03	2.724264e-05	8.533557e-03	7.315075e-05	1.490258e-03	1.435772e-03	7.315075e-05	-7.315075e-05	7.988704e-03	-9.078410e-03
365           	2.926027e-03	-7.575531e-21	-1.089700e-03	2.724251e-05	8.533538e-03	7.315067e-05	1.490256e-03	1.435771e-03	7.315067e-05	-7.315067e-05	7.988688e-03	-9.078389e-03
366           	2.926023e-03	-7.575523e-21	-1.089699e-03	2.724248e-05	8.533526e-03	7.315057e-05	1.490254e-03	1.435769e-03	7.315057e-05	-7.315057e-05	7.988677e-03	-9.078376e-03
367           	2.926021e-03	-7.575518e-21	-1.089703e-03	2.724257e-05	8.533531e-03	7.315054e-05	1.490253e-03	1.435768e-03	7.315054e-05	-7.315054e-05	7.988680e-03	-9.078383e-03
368           	2.926021e-03	-7.575521e-21	-1.089710e-03	2.724274e-05	8.533545e-03	7.315052e-05	1.490253e-03	1.435768e-03	7.315052e-05	-7.315052e-05	7.988690e-03	-9.078400e-03
369           	2.926023e-03	-7.575523e-21	-1.089718e-03	2.724296e-05	8.533568e-03	7.315057e-05	1.490254e-03	1.435768e-03	7.315057e-05	-7.315057e-05	7.988708e-03	-9.078427e-03
370           	2.926026e-03	-7.575528e-21	-1.089724e-03	2.724311e-05	8.533587e-03	7.315064e-05	1.490256e-03	1.435770e-03	7.315064e-05	-7.315064e-05	7.988725e-03	-9.078449e-03
371           	2.926029e-03	-7.575540e-21	-1.089727e-03	2.724319e-05	8.533602e-03	7.315073e-05	1.490258e-03	1.435771e-03	7.315073e-05	-7.315073e-05	7.988738e-03	-9.078466e-03
372           	2.926031e-03	-7.575546e-21	-1.089726e-03	2.724314e-05	8.533602e-03	7.315077e-05	1.490259e-03	1.435772e-03	7.315077e-05	-7.315077e-05	7.988739e-03	-9.078465e-03
373           	2.926032e-03	-7.575543e-21	-1.089721e-03	2.724302e-05	8.533593e-03	7.315079e-05	1.490259e-03	1.435773e-03	7.315079e-05	-7.315079e-05	7.988733e-03	-9.078453e-03
374           	2.926031e-03	-7.575538e-21	-1.089713e-03	2.724283e-05	8.533575e-03	7.315077e-05	1.490258e-03	1.435773e-03	7.315077e-05	-7.315077e-05	7.988718e-03	-9.078431e-03
375           	2.926029e-03	-7.575530e-21	-1.089707e-03	2.724267e-05	8.533557e-03	7.315072e-05	1.490257e-03	1.435772e-03	7.315072e-05	-7.315072e-05	7.988703e-03	-9.078410e-03
376           	2.926026e-03	-7.575527e-21	-1.089703e-03	2.724258e-05	8.533543e-03	7.315066e-05	1.490256e-03	1.435771e-03	7.315066e-05	-7.315066e-05	7.988692e-03	-9.078395e-03
377           	2.926024e-03	-7.575525e-21	-1.089703e-03	2.724257e-05	8.533536e-03	7.315059e-05	1.490254e-03	1.435769e-03	7.315059e-05	-7.315059e-05	7.988685e-03	-9.078387e-03
378           	2.926023e-03	-7.575524e-21	-1.089706e-03	2.724265e-05	8.533541e-03	7.315057e-05	1.490254e-03	1.435769e-03	7.315057e-05	-7.315057e-05	7.988688e-03	-9.078394e-03
379           	2.926022e-03	-7.575527e-21	-1.089711e-03	2.724279e-05	8.533552e-03	7.315056e-05	1.490254e-03	1.435768e-03	7.315056e-05	-7.315056e-05	7.988697e-03	-9.078408e-03
380           	2.926024e-03	-7.575528e-21	-1.089718e-03	2.724295e-05	8.533570e-03	7.315060e-05	1.490255e-03	1.435769e-03	7.315060e-05	-7.315060e-05	7.988711e-03	-9.078429e-03
381           	2.926026e-03	-7.575529e-21	-1.089723e-03	2.724307e-05	8.533585e-03	7.315065e-05	1.490256e-03	1.435770e-03	7.315065e-05	-7.315065e-05	7.988723e-03	-9.078446e-03
382           	2.926029e-03	-7.575535e-21	-1.089725e-03	2.724312e-05	8.533595e-03	7.315072e-05	1.490258e-03	1.435771e-03	7.315072e-05	-7.315072e-05	7.988733e-03	-9.078458e-03
383           	2.926030e-03	-7.575539e-21	-1.089723e-03	2.724308e-05	8.533595e-03	7.315075e-05	1.490258e-03	1.435772e-03	7.315075e-05	-7.315075e-05	7.988733e-03	-9.078456e-03
384           	2.926031e-03	-7.575537e-21	-1.089719e-03	2.724297e-05	8.533587e-03	7.315077e-05	1.490258e-03	1.435772e-03	7.315077e-05	-7.315077e-05	7.988728e-03	-9.078446e-03
385           	2.926030e-03	-7.575536e-21	-1.089713e-03	2.724282e-05	8.533572e-03	7.315074e-05	1.490258e-03	1.435772e-03	7.315074e-05	-7.315074e-05	7.988716e-03	-9.078428e-03
386           	2.926028e-03	-7.575532e-21	-1.089708e-03	2.724270e-05	8.533558e-03	7.315070e-05	1.490257e-03	1.435771e-03	7.315070e-05	-7.315070e-05	7.988704e-03	-9.078412e-03
387           	2.926026e-03	-7.575529e-21	-1.089705e-03	2.724263e-05	8.533547e-03	7.315066e-05	1.490256e-03	1.435770e-03	7.315066e-05	-7.315066e-05	7.988695e-03	-9.078400e-03
388           	2.926024e-03	-7.575527e-21	-1.089705e-03	2.724263e-05	8.533542e-03	7.315060e-05	1.490255e-03	1.435769e-03	7.315060e-05	-7.315060e-05	7.988690e-03	-9.078395e-03
389           	2.926023e-03	-7.575525e-21	-1.089708e-03	2.724270e-05	8.533547e-03	7.315059e-05	1.490254e-03	1.435769e-03	7.315059e-05	-7.315059e-05	7.988693e-03	-9.078401e-03
390           	2.926024e-03	-7.575527e-21	-1.089712e-03	2.724281e-05	8.533556e-03	7.315059e-05	1.490255e-03	1.435769e-03	7.315059e-05	-7.315059e-05	7.988700e-03	-9.078412e-03
391           	2.926025e-03	-7.575529e-21	-1.089717e-03	2.724293e-05	8.533569e-03	7.315061e-05	1.490255e-03	1.435769e-03	7.315061e-05	-7.315061e-05	7.988711e-03	-9.078428e-03
392           	2.926026e-03	-7.575530e-21	-1.089721e-03	2.724301e-05	8.533580e-03	7.315065e-05	1.490256e-03	1.435770e-03	7.315065e-05	-7.315065e-05	7.988720e-03	-9.078441e-03
393           	2.926028e-03	-7.575535e-21	-1.089722e-03	2.724305e-05	8.533589e-03	7.315071e-05	1.490257e-03	1.435771e-03	7.315071e-05	-7.315071e-05	7.988728e-03	-9.078450e-03
394           	2.926029e-03	-7.575538e-21	-1.089721e-03	2.724302e-05	8.533588e-03	7.315073e-05	1.490258e-03	1.435772e-03	7.315073e-05	-7.315073e-05	7.988727e-03	-9.078448e-03
395           	2.926030e-03	-7.575536e-21	-1.089717e-03	2.724293e-05	8.533582e-03	7.315075e-05	1.490258e-03	1.435772e-03	7.315075e-05	-7.315075e-05	7.988723e-03	-9.078440e-03
396           	2.926029e-03	-7.575535e-21	-1.089713e-03	2.724282e-05	8.533570e-03	7.315073e-05	1.490257e-03	1.435772e-03	7.315073e-05	-7.315073e-05	7.988714e-03	-9.078426e-03
397           	2.926028e-03	-7.575532e-21	-1.089709e-03	2.724273e-05	8.533559e-03	7.315069e-05	1.490257e-03	1.435771e-03	7.315069e-05	-7.315069e-05	7.988705e-03	-9.078414e-03
398           	2.926026e-03	-7.575530e-21	-1.089707e-03	2.724268e-05	8.533552e-03	7.315066e-05	1.490256e-03	1.435770e-03	7.315066e-05	-7.315066e-05	7.988698e-03	-9.078406e-03
399           	2.926025e-03	-7.575528e-21	-1.089707e-03	2.724269e-05	8.533549e-03	7.315062e-05	1.490255e-03	1.435770e-03	7.315062e-05	-7.315062e-05	7.988695e-03	-9.078402e-03
400           	2.926024e-03	-7.575527e-21	-1.089710e-03	2.724274e-05	8.533552e-03	7.315061e-05	1.490255e-03	1.435769e-03	7.315061e-05	-7.315061e-05	7.988698e-03	-9.078407e-03
401           	2.926024e-03	-7.575528e-21	-1.089713e-03	2.724283e-05	8.533560e-03	7.315061e-05	1.490255e-03	1.435769e-03	7.315061e-05	-7.315061e-05	7.988703e-03	-9.078416e-03
402           	2.926025e-03	-7.575530e-21	-1.089717e-03	2.724292e-05	8.533570e-03	7.315063e-05	1.490255e-03	1.435770e-03	7.315063e-05	-7.315063e-05	7.988711e-03	-9.078428e-03
403           	2.926026e-03	-7.575530e-21	-1.089719e-03	2.724298e-05	8.533578e-03	7.315066e-05	1.490256e-03	1.435770e-03	7.315066e-05	-7.315066e-05	7.988718e-03	-9.078438e-03
404           	2.926028e-03	-7.575534e-21	-1.089720e-03	2.724301e-05	8.533584e-03	7.315070e-05	1.490257e-03	1.435771e-03	7.315070e-05	-7.315070e-05	7.988724e-03	-9.078444e-03
405           	2.926029e-03	-7.575536e-21	-1.089719e-03	2.724297e-05	8.533583e-03	7.315072e-05	1.490257e-03	1.435771e-03	7.315072e-05	-7.315072e-05	7.988723e-03	-9.078442e-03
406           	2.926029e-03	-7.575534e-21	-1.089716e-03	2.724291e-05	8.533578e-03	7.315073e-05	1.490257e-03	1.435772e-03	7.315073e-05	-7.315073e-05	7.988720e-03	-9.078436e-03
407           	2.926028e-03	-7.575534e-21	-1.089713e-03	2.724282e-05	8.533569e-03	7.315071e-05	1.490257e-03	1.435771e-03	7.315071e-05	-7.315071e-05	7.988712e-03	-9.078425e-03
408           	2.926027e-03	-7.575533e-21	-1.089710e-03	2.724275e-05	8.533561e-03	7.315068e-05	1.490256e-03	1.435771e-03	7.315068e-05	-7.315068e-05	7.988706e-03	-9.078416e-03
409           	2.926026e-03	-7.575532e-21	-1.089709e-03	2.724272e-05	8.533556e-03	7.315066e-05	1.490256e-03	1.435770e-03	7.315066e-05	-7.315066e-05	7.988701e-03	-9.078410e-03
410           	2.926025e-03	-7.575529e-21	-1.089709e-03	2.724273e-05	8.533554e-03	7.315063e-05	1.490255e-03	1.435770e-03	7.315063e-05	-7.315063e-05	7.988699e-03	-9.078408e-03
411           	2.926025e-03	-7.575528e-21	-1.089711e-03	2.724277e-05	8.533557e-03	7.315062e-05	1.490255e-03	1.435770e-03	7.315062e-05	-7.315062e-05	7.988701e-03	-9.078412e-03
412           	2.926025e-03	-7.575529e-21	-1.089714e-03	2.724284e-05	8.533562e-03	7.315062e-05	1.490255e-03	1.435770e-03	7.315062e-05	-7.315062e-05	7.988706e-03	-9.078419e-03
413           	2.926026e-03	-7.575530e-21	-1.089716e-03	2.724291e-05	8.533570e-03	7.315064e-05	1.490256e-03	1.435770e-03	7.315064e-05	-7.315064e-05	7.988712e-03	-9.078428e-03
414           	2.926027e-03	-7.575530e-21	-1.089718e-03	2.724295e-05	8.533576e-03	7.315066e-05	1.490256e-03	1.435770e-03	7.315066e-05	-7.315066e-05	7.988717e-03	-9.078435e-03
415           	2.926028e-03	-7.575533e-21	-1.089719e-03	2.724297e-05	8.533580e-03	7.315070e-05	1.490257e-03	1.435771e-03	7.315070e-05	-7.315070e-05	7.988721e-03	-9.078439e-03
416           	2.926028e-03	-7.575535e-21	-1.089718e-03	2.724294e-05	8.533579e-03	7.315071e-05	1.490257e-03	1.435771e-03	7.315071e-05	-7.315071e-05	7.988720e-03	-9.078438e-03
417           	2.926028e-03	-7.575534e-21	-1.089716e-03	2.724289e-05	8.533575e-03	7.315071e-05	1.490257e-03	1.435771e-03	7.315071e-05	-7.315071e-05	7.988717e-03	-9.078433e-03
418           	2.926028e-03	-7.575533e-21	-1.089713e-03	2.724282e-05	8.533568e-03	7.315070e-05	1.490257e-03	1.435771e-03	7.315070e-05	-7.315070e-05	7.988712e-03	-9.078425e-03
419           	2.926027e-03	-7.575533e-21	-1.089711e-03	2.724277e-05	8.533562e-03	7.315068e-05	1.490256e-03	1.435771e-03	7.315068e-05	-7.315068e-05	7.988707e-03	-9.078417e-03
420           	2.926026e-03	-7.575529e-21	-1.089710e-03	2.724274e-05	8.533557e-03	7.315065e-05	1.490256e-03	1.435770e-03	7.315065e-05	-7.315065e-05	7.988702e-03	-9.078412e-03
421           	2.926025e-03	-7.575527e-21	-1.089710e-03	2.724275e-05	8.533556e-03	7.315064e-05	1.490255e-03	1.435770e-03	7.315064e-05	-7.315064e-05	7.988701e-03	-9.078411e-03
422           	2.926025e-03	-7.575528e-21	-1.089712e-03	2.724279e-05	8.533559e-03	7.315063e-05	1.490255e-03	1.435770e-03	7.315063e-05	-7.315063e-05	7.988703e-03	-9.078415e-03
423           	2.926025e-03	-7.575529e-21	-1.089714e-03	2.724285e-05	8.533564e-03	7.315063e-05	1.490256e-03	1.435770e-03	7.315063e-05	-7.315063e-05	7.988707e-03	-9.078421e-03
424           	2.926026e-03	-7.575531e-21	-1.089716e-03	2.724290e-05	8.533570e-03	7.315065e-05	1.490256e-03	1.435770e-03	7.315065e-05	-7.315065e-05	7.988712e-03	-9.078428e-03
425           	2.926027e-03	-7.575531e-21	-1.089717e-03	2.724293e-05	8.533574e-03	7.315067e-05	1.490256e-03	1.435770e-03	7.315067e-05	-7.315067e-05	7.988716e-03	-9.078433e-03
426           	2.926028e-03	-7.575533e-21	-1.089718e-03	2.724294e-05	8.533577e-03	7.315069e-05	1.490257e-03	1.435771e-03	7.315069e-05	-7.315069e-05	7.988719e-03	-9.078436e-03
427           	2.926028e-03	-7.575535e-21	-1.089717e-03	2.724292e-05	8.533576e-03	7.315070e-05	1.490257e-03	1.435771e-03	7.315070e-05	-7.315070e-05	7.988718e-03	-9.078435e-03
428           	2.926028e-03	-7.575534e-21	-1.089715e-03	2.724288e-05	8.533573e-03	7.315070e-05	1.490257e-03	1.435771e-03	7.315070e-05	-7.315070e-05	7.988715e-03	-9.078430e-03
429           	2.926028e-03	-7.575533e-21	-1.089713e-03	2.724283e-05	8.533567e-03	7.315069e-05	1.490257e-03	1.435771e-03	7.315069e-05	-7.315069e-05	7.988711e-03	-9.078424e-03
