# Force coefficients
# dragDir     : (1.000000e+00 0.000000e+00 0.000000e+00)
# sideDir     : (0.000000e+00 0.000000e+00 -1.000000e+00)
# liftDir     : (0.000000e+00 1.000000e+00 0.000000e+00)
# rollAxis    : (1.000000e+00 0.000000e+00 0.000000e+00)
# pitchAxis   : (0.000000e+00 0.000000e+00 -1.000000e+00)
# yawAxis     : (0.000000e+00 1.000000e+00 0.000000e+00)
# magUInf     : 2.000000e-02
# lRef        : 1.000000e-01
# Aref        : 1.000000e-01
# CofR        : (0.000000e+00 0.000000e+00 0.000000e+00)
#
# Time        	Cd            	Cs            	Cl            	CmRoll        	CmPitch       	CmYaw         	Cd(f)         	Cd(r)         	Cs(f)         	Cs(r)         	Cl(f)         	Cl(r)         
1             	3.362648e-03	1.673132e-20	4.723007e-03	-1.180752e-04	-2.521843e-03	8.406621e-05	1.563249e-03	1.799399e-03	8.406621e-05	-8.406621e-05	-1.603398e-04	4.883347e-03
2             	7.244639e-03	3.774561e-22	7.874572e-03	-1.968643e-04	-3.703269e-04	1.811160e-04	3.425455e-03	3.819184e-03	1.811160e-04	-1.811160e-04	3.566959e-03	4.307613e-03
3             	5.327476e-03	-1.159694e-20	5.195843e-03	-1.298961e-04	1.426475e-03	1.331869e-04	2.533842e-03	2.793634e-03	1.331869e-04	-1.331869e-04	4.024397e-03	1.171447e-03
4             	4.439553e-03	-9.259515e-21	5.534843e-03	-1.383711e-04	-1.015367e-03	1.109888e-04	2.081406e-03	2.358148e-03	1.109888e-04	-1.109888e-04	1.752054e-03	3.782789e-03
5             	3.389880e-03	-6.674913e-21	5.537584e-03	-1.384396e-04	-3.289297e-03	8.474699e-05	1.556500e-03	1.833379e-03	8.474699e-05	-8.474699e-05	-5.205050e-04	6.058089e-03
6             	3.137081e-03	-3.016069e-21	6.404541e-03	-1.601135e-04	-5.645848e-03	7.842703e-05	1.408427e-03	1.728654e-03	7.842703e-05	-7.842703e-05	-2.443577e-03	8.848118e-03
7             	2.699213e-03	-1.904089e-21	6.260786e-03	-1.565196e-04	-6.347279e-03	6.748031e-05	1.193087e-03	1.506126e-03	6.748031e-05	-6.748031e-05	-3.216886e-03	9.477671e-03
8             	2.888875e-03	-1.716205e-21	6.157397e-03	-1.539349e-04	-5.675109e-03	7.222187e-05	1.290503e-03	1.598372e-03	7.222187e-05	-7.222187e-05	-2.596411e-03	8.753808e-03
9             	3.088549e-03	-2.827058e-21	5.996437e-03	-1.499109e-04	-4.872262e-03	7.721372e-05	1.394364e-03	1.694185e-03	7.721372e-05	-7.721372e-05	-1.874044e-03	7.870481e-03
10            	3.423466e-03	-3.725924e-21	6.327875e-03	-1.581969e-04	-4.721630e-03	8.558666e-05	1.553536e-03	1.869930e-03	8.558666e-05	-8.558666e-05	-1.557692e-03	7.885568e-03
11            	3.601163e-03	-4.588674e-21	6.613411e-03	-1.653353e-04	-4.808265e-03	9.002908e-05	1.635246e-03	1.965917e-03	9.002908e-05	-9.002908e-05	-1.501559e-03	8.114970e-03
12            	3.705697e-03	-5.020402e-21	6.880723e-03	-1.720181e-04	-5.010483e-03	9.264243e-05	1.680830e-03	2.024867e-03	9.264243e-05	-9.264243e-05	-1.570122e-03	8.450845e-03
13            	3.763979e-03	-5.517090e-21	7.148722e-03	-1.787180e-04	-5.340563e-03	9.409948e-05	1.703272e-03	2.060708e-03	9.409948e-05	-9.409948e-05	-1.766202e-03	8.914924e-03
14            	3.769623e-03	-5.807960e-21	7.302202e-03	-1.825551e-04	-5.558420e-03	9.424056e-05	1.702256e-03	2.067366e-03	9.424056e-05	-9.424056e-05	-1.907319e-03	9.209521e-03
15            	3.727572e-03	-6.024786e-21	7.365661e-03	-1.841415e-04	-5.715319e-03	9.318929e-05	1.679644e-03	2.047927e-03	9.318929e-05	-9.318929e-05	-2.032488e-03	9.398149e-03
16            	3.677054e-03	-6.213922e-21	7.384623e-03	-1.846156e-04	-5.810721e-03	9.192636e-05	1.653912e-03	2.023143e-03	9.192636e-05	-9.192636e-05	-2.118410e-03	9.503033e-03
17            	3.633616e-03	-6.352002e-21	7.371239e-03	-1.842810e-04	-5.840354e-03	9.084040e-05	1.632527e-03	2.001089e-03	9.084040e-05	-9.084040e-05	-2.154734e-03	9.525973e-03
18            	3.570003e-03	-6.514538e-21	7.263482e-03	-1.815870e-04	-5.723108e-03	8.925007e-05	1.603414e-03	1.966588e-03	8.925007e-05	-8.925007e-05	-2.091367e-03	9.354849e-03
19            	3.529557e-03	-6.672448e-21	7.163600e-03	-1.790900e-04	-5.585265e-03	8.823893e-05	1.585689e-03	1.943869e-03	8.823893e-05	-8.823893e-05	-2.003465e-03	9.167064e-03
20            	3.479244e-03	-6.825110e-21	6.978274e-03	-1.744569e-04	-5.295701e-03	8.698109e-05	1.565165e-03	1.914079e-03	8.698109e-05	-8.698109e-05	-1.806564e-03	8.784839e-03
21            	3.441413e-03	-6.954328e-21	6.829946e-03	-1.707487e-04	-5.062398e-03	8.603533e-05	1.549958e-03	1.891455e-03	8.603533e-05	-8.603533e-05	-1.647425e-03	8.477371e-03
22            	3.406019e-03	-7.046592e-21	6.681768e-03	-1.670442e-04	-4.825301e-03	8.515047e-05	1.535965e-03	1.870054e-03	8.515047e-05	-8.515047e-05	-1.484417e-03	8.166185e-03
23            	3.373882e-03	-7.065070e-21	6.559220e-03	-1.639805e-04	-4.639778e-03	8.434706e-05	1.522961e-03	1.850922e-03	8.434706e-05	-8.434706e-05	-1.360168e-03	7.919388e-03
24            	3.348882e-03	-7.043697e-21	6.477212e-03	-1.619303e-04	-4.525591e-03	8.372206e-05	1.512511e-03	1.836371e-03	8.372206e-05	-8.372206e-05	-1.286985e-03	7.764197e-03
25            	3.329713e-03	-6.987391e-21	6.432179e-03	-1.608045e-04	-4.478435e-03	8.324281e-05	1.504052e-03	1.825661e-03	8.324281e-05	-8.324281e-05	-1.262345e-03	7.694524e-03
26            	3.313904e-03	-6.926735e-21	6.412654e-03	-1.603163e-04	-4.478448e-03	8.284759e-05	1.496635e-03	1.817268e-03	8.284759e-05	-8.284759e-05	-1.272121e-03	7.684775e-03
27            	3.298606e-03	-6.844531e-21	6.401520e-03	-1.600380e-04	-4.496086e-03	8.246516e-05	1.489265e-03	1.809341e-03	8.246516e-05	-8.246516e-05	-1.295327e-03	7.696846e-03
28            	3.285387e-03	-6.760657e-21	6.386221e-03	-1.596555e-04	-4.501303e-03	8.213467e-05	1.483038e-03	1.802349e-03	8.213467e-05	-8.213467e-05	-1.308192e-03	7.694413e-03
29            	3.269857e-03	-6.659507e-21	6.348566e-03	-1.587142e-04	-4.465610e-03	8.174641e-05	1.476214e-03	1.793642e-03	8.174641e-05	-8.174641e-05	-1.291327e-03	7.639893e-03
30            	3.253165e-03	-6.565137e-21	6.283594e-03	-1.570898e-04	-4.376501e-03	8.132911e-05	1.469492e-03	1.783672e-03	8.132911e-05	-8.132911e-05	-1.234704e-03	7.518298e-03
31            	3.236292e-03	-6.474579e-21	6.197000e-03	-1.549250e-04	-4.243961e-03	8.090731e-05	1.463221e-03	1.773071e-03	8.090731e-05	-8.090731e-05	-1.145461e-03	7.342462e-03
32            	3.225009e-03	-6.367851e-21	6.114498e-03	-1.528624e-04	-4.108631e-03	8.062522e-05	1.459642e-03	1.765367e-03	8.062522e-05	-8.062522e-05	-1.051382e-03	7.165880e-03
33            	3.222231e-03	-6.248710e-21	6.062587e-03	-1.515647e-04	-4.017860e-03	8.055579e-05	1.459551e-03	1.762680e-03	8.055579e-05	-8.055579e-05	-9.865662e-04	7.049153e-03
34            	3.225751e-03	-6.118738e-21	6.042222e-03	-1.510555e-04	-3.978507e-03	8.064377e-05	1.461820e-03	1.763931e-03	8.064377e-05	-8.064377e-05	-9.573962e-04	6.999618e-03
35            	3.232743e-03	-5.986727e-21	6.049412e-03	-1.512353e-04	-3.988500e-03	8.081857e-05	1.465136e-03	1.767607e-03	8.081857e-05	-8.081857e-05	-9.637942e-04	7.013206e-03
36            	3.242685e-03	-5.859509e-21	6.080241e-03	-1.520060e-04	-4.040565e-03	8.106714e-05	1.469337e-03	1.773349e-03	8.106714e-05	-8.106714e-05	-1.000445e-03	7.080686e-03
37            	3.252857e-03	-5.735474e-21	6.122089e-03	-1.530522e-04	-4.113794e-03	8.132143e-05	1.473376e-03	1.779481e-03	8.132143e-05	-8.132143e-05	-1.052749e-03	7.174838e-03
38            	3.262126e-03	-5.619807e-21	6.159263e-03	-1.539816e-04	-4.177738e-03	8.155316e-05	1.477082e-03	1.785045e-03	8.155316e-05	-8.155316e-05	-1.098106e-03	7.257370e-03
39            	3.269311e-03	-5.511648e-21	6.181844e-03	-1.545461e-04	-4.215035e-03	8.173278e-05	1.480110e-03	1.789202e-03	8.173278e-05	-8.173278e-05	-1.124113e-03	7.305957e-03
40            	3.273955e-03	-5.418323e-21	6.187300e-03	-1.546825e-04	-4.221296e-03	8.184886e-05	1.482295e-03	1.791660e-03	8.184886e-05	-8.184886e-05	-1.127645e-03	7.314946e-03
41            	3.276264e-03	-5.336942e-21	6.178922e-03	-1.544730e-04	-4.203051e-03	8.190660e-05	1.483659e-03	1.792605e-03	8.190660e-05	-8.190660e-05	-1.113591e-03	7.292512e-03
42            	3.277671e-03	-5.259107e-21	6.165642e-03	-1.541411e-04	-4.175975e-03	8.194177e-05	1.484694e-03	1.792976e-03	8.194177e-05	-8.194177e-05	-1.093154e-03	7.258797e-03
43            	3.279861e-03	-5.177359e-21	6.157235e-03	-1.539309e-04	-4.157149e-03	8.199653e-05	1.486000e-03	1.793862e-03	8.199653e-05	-8.199653e-05	-1.078532e-03	7.235767e-03
44            	3.284755e-03	-5.087810e-21	6.163636e-03	-1.540909e-04	-4.163056e-03	8.211886e-05	1.488286e-03	1.796468e-03	8.211886e-05	-8.211886e-05	-1.081238e-03	7.244874e-03
45            	3.292036e-03	-5.008342e-21	6.186202e-03	-1.546551e-04	-4.197106e-03	8.230090e-05	1.491363e-03	1.800673e-03	8.230090e-05	-8.230090e-05	-1.104005e-03	7.290207e-03
46            	3.301609e-03	-4.933533e-21	6.224638e-03	-1.556159e-04	-4.258509e-03	8.254022e-05	1.495188e-03	1.806420e-03	8.254022e-05	-8.254022e-05	-1.146190e-03	7.370828e-03
47            	3.312064e-03	-4.869133e-21	6.270347e-03	-1.567587e-04	-4.332289e-03	8.280160e-05	1.499273e-03	1.812791e-03	8.280160e-05	-8.280160e-05	-1.197115e-03	7.467463e-03
48            	3.320338e-03	-4.817490e-21	6.309582e-03	-1.577395e-04	-4.396339e-03	8.300845e-05	1.502430e-03	1.817909e-03	8.300845e-05	-8.300845e-05	-1.241548e-03	7.551130e-03
49            	3.325704e-03	-4.773213e-21	6.335294e-03	-1.583824e-04	-4.437998e-03	8.314260e-05	1.504470e-03	1.821234e-03	8.314260e-05	-8.314260e-05	-1.270351e-03	7.605645e-03
50            	3.329221e-03	-4.742035e-21	6.348332e-03	-1.587083e-04	-4.457008e-03	8.323051e-05	1.505902e-03	1.823319e-03	8.323051e-05	-8.323051e-05	-1.282842e-03	7.631174e-03
51            	3.330301e-03	-4.722248e-21	6.349619e-03	-1.587405e-04	-4.456371e-03	8.325751e-05	1.506410e-03	1.823891e-03	8.325751e-05	-8.325751e-05	-1.281561e-03	7.631180e-03
52            	3.330078e-03	-4.707929e-21	6.343738e-03	-1.585935e-04	-4.443516e-03	8.325195e-05	1.506445e-03	1.823632e-03	8.325195e-05	-8.325195e-05	-1.271647e-03	7.615385e-03
53            	3.329843e-03	-4.692542e-21	6.338068e-03	-1.584517e-04	-4.431115e-03	8.324607e-05	1.506470e-03	1.823373e-03	8.324607e-05	-8.324607e-05	-1.262081e-03	7.600149e-03
54            	3.330590e-03	-4.676569e-21	6.338305e-03	-1.584576e-04	-4.429041e-03	8.326475e-05	1.506837e-03	1.823753e-03	8.326475e-05	-8.326475e-05	-1.259888e-03	7.598193e-03
55            	3.332644e-03	-4.662843e-21	6.346955e-03	-1.586739e-04	-4.441715e-03	8.331610e-05	1.507648e-03	1.824996e-03	8.331610e-05	-8.331610e-05	-1.268238e-03	7.615192e-03
56            	3.335667e-03	-4.652839e-21	6.363899e-03	-1.590975e-04	-4.469395e-03	8.339168e-05	1.508736e-03	1.826931e-03	8.339168e-05	-8.339168e-05	-1.287445e-03	7.651344e-03
57            	3.339231e-03	-4.648175e-21	6.385735e-03	-1.596434e-04	-4.505848e-03	8.348079e-05	1.509972e-03	1.829259e-03	8.348079e-05	-8.348079e-05	-1.312981e-03	7.698716e-03
58            	3.341907e-03	-4.650345e-21	6.405505e-03	-1.601376e-04	-4.539643e-03	8.354767e-05	1.510816e-03	1.831091e-03	8.354767e-05	-8.354767e-05	-1.336891e-03	7.742396e-03
59            	3.343027e-03	-4.656257e-21	6.417131e-03	-1.604283e-04	-4.559782e-03	8.357567e-05	1.511085e-03	1.831942e-03	8.357567e-05	-8.357567e-05	-1.351217e-03	7.768348e-03
60            	3.342976e-03	-4.666890e-21	6.420908e-03	-1.605227e-04	-4.566133e-03	8.357441e-05	1.510965e-03	1.832011e-03	8.357441e-05	-8.357441e-05	-1.355679e-03	7.776587e-03
61            	3.341679e-03	-4.682295e-21	6.416704e-03	-1.604176e-04	-4.558471e-03	8.354198e-05	1.510422e-03	1.831257e-03	8.354198e-05	-8.354198e-05	-1.350119e-03	7.766823e-03
62            	3.339141e-03	-4.701811e-21	6.405668e-03	-1.601417e-04	-4.539332e-03	8.347852e-05	1.509429e-03	1.829712e-03	8.347852e-05	-8.347852e-05	-1.336498e-03	7.742166e-03
63            	3.336286e-03	-4.722853e-21	6.391981e-03	-1.597995e-04	-4.515562e-03	8.340714e-05	1.508343e-03	1.827942e-03	8.340714e-05	-8.340714e-05	-1.319571e-03	7.711552e-03
64            	3.334076e-03	-4.738870e-21	6.382208e-03	-1.595552e-04	-4.498798e-03	8.335189e-05	1.507483e-03	1.826593e-03	8.335189e-05	-8.335189e-05	-1.307694e-03	7.689901e-03
65            	3.332910e-03	-4.753767e-21	6.378066e-03	-1.594517e-04	-4.491740e-03	8.332276e-05	1.507004e-03	1.825907e-03	8.332276e-05	-8.332276e-05	-1.302707e-03	7.680773e-03
66            	3.332523e-03	-4.768238e-21	6.379039e-03	-1.594760e-04	-4.493816e-03	8.331308e-05	1.506786e-03	1.825738e-03	8.331308e-05	-8.331308e-05	-1.304297e-03	7.683336e-03
67            	3.332743e-03	-4.783889e-21	6.384405e-03	-1.596101e-04	-4.503754e-03	8.331856e-05	1.506761e-03	1.825981e-03	8.331856e-05	-8.331856e-05	-1.311552e-03	7.695957e-03
68            	3.333215e-03	-4.801074e-21	6.391710e-03	-1.597928e-04	-4.517169e-03	8.333037e-05	1.506815e-03	1.826400e-03	8.333037e-05	-8.333037e-05	-1.321313e-03	7.713024e-03
69            	3.333341e-03	-4.820190e-21	6.397005e-03	-1.599251e-04	-4.527138e-03	8.333353e-05	1.506746e-03	1.826596e-03	8.333353e-05	-8.333353e-05	-1.328636e-03	7.725641e-03
70            	3.332724e-03	-4.839029e-21	6.397067e-03	-1.599267e-04	-4.527768e-03	8.331811e-05	1.506435e-03	1.826289e-03	8.331811e-05	-8.331811e-05	-1.329235e-03	7.726302e-03
71            	3.330202e-03	-4.859681e-21	6.389305e-03	-1.597326e-04	-4.516140e-03	8.325504e-05	1.505368e-03	1.824833e-03	8.325504e-05	-8.325504e-05	-1.321488e-03	7.710793e-03
72            	3.327756e-03	-4.882261e-21	6.379270e-03	-1.594818e-04	-4.499769e-03	8.319391e-05	1.504396e-03	1.823360e-03	8.319391e-05	-8.319391e-05	-1.310133e-03	7.689404e-03
73            	3.325165e-03	-4.905657e-21	6.365629e-03	-1.591407e-04	-4.476523e-03	8.312912e-05	1.503442e-03	1.821723e-03	8.312912e-05	-8.312912e-05	-1.293709e-03	7.659338e-03
74            	3.322745e-03	-4.923446e-21	6.353929e-03	-1.588482e-04	-4.457004e-03	8.306863e-05	1.502524e-03	1.820221e-03	8.306863e-05	-8.306863e-05	-1.280039e-03	7.633968e-03
75            	3.321324e-03	-4.938510e-21	6.346803e-03	-1.586701e-04	-4.445035e-03	8.303309e-05	1.501992e-03	1.819332e-03	8.303309e-05	-8.303309e-05	-1.271634e-03	7.618437e-03
76            	3.320721e-03	-4.951882e-21	6.344308e-03	-1.586077e-04	-4.441080e-03	8.301802e-05	1.501753e-03	1.818968e-03	8.301802e-05	-8.301802e-05	-1.268926e-03	7.613234e-03
77            	3.320688e-03	-4.964629e-21	6.345475e-03	-1.586369e-04	-4.443576e-03	8.301720e-05	1.501707e-03	1.818981e-03	8.301720e-05	-8.301720e-05	-1.270839e-03	7.616314e-03
78            	3.320952e-03	-4.977521e-21	6.348651e-03	-1.587163e-04	-4.449628e-03	8.302381e-05	1.501760e-03	1.819193e-03	8.302381e-05	-8.302381e-05	-1.275303e-03	7.623954e-03
79            	3.321093e-03	-4.990809e-21	6.351450e-03	-1.587862e-04	-4.455112e-03	8.302733e-05	1.501760e-03	1.819333e-03	8.302733e-05	-8.302733e-05	-1.279388e-03	7.630837e-03
80            	3.320773e-03	-5.003327e-21	6.351676e-03	-1.587919e-04	-4.456159e-03	8.301934e-05	1.501595e-03	1.819179e-03	8.301934e-05	-8.301934e-05	-1.280321e-03	7.631997e-03
81            	3.318978e-03	-5.014918e-21	6.346526e-03	-1.586632e-04	-4.449136e-03	8.297446e-05	1.500826e-03	1.818152e-03	8.297446e-05	-8.297446e-05	-1.275873e-03	7.622399e-03
82            	3.317902e-03	-5.028480e-21	6.340771e-03	-1.585193e-04	-4.439428e-03	8.294756e-05	1.500432e-03	1.817470e-03	8.294756e-05	-8.294756e-05	-1.269042e-03	7.609813e-03
83            	3.316548e-03	-5.042797e-21	6.331714e-03	-1.582929e-04	-4.423589e-03	8.291369e-05	1.499981e-03	1.816567e-03	8.291369e-05	-8.291369e-05	-1.257732e-03	7.589446e-03
84            	3.315160e-03	-5.053055e-21	6.323150e-03	-1.580788e-04	-4.408846e-03	8.287901e-05	1.499501e-03	1.815659e-03	8.287901e-05	-8.287901e-05	-1.247271e-03	7.570421e-03
85            	3.314397e-03	-5.060727e-21	6.318157e-03	-1.579539e-04	-4.400227e-03	8.285994e-05	1.499245e-03	1.815153e-03	8.285994e-05	-8.285994e-05	-1.241148e-03	7.559305e-03
86            	3.314239e-03	-5.067430e-21	6.316416e-03	-1.579104e-04	-4.397166e-03	8.285598e-05	1.499209e-03	1.815030e-03	8.285598e-05	-8.285598e-05	-1.238958e-03	7.555373e-03
87            	3.314711e-03	-5.073570e-21	6.317871e-03	-1.579468e-04	-4.399475e-03	8.286776e-05	1.499409e-03	1.815302e-03	8.286776e-05	-8.286776e-05	-1.240539e-03	7.558410e-03
88            	3.315204e-03	-5.078980e-21	6.321130e-03	-1.580282e-04	-4.405368e-03	8.288010e-05	1.499574e-03	1.815630e-03	8.288010e-05	-8.288010e-05	-1.244803e-03	7.565933e-03
89            	3.315680e-03	-5.084568e-21	6.324618e-03	-1.581155e-04	-4.411762e-03	8.289201e-05	1.499725e-03	1.815956e-03	8.289201e-05	-8.289201e-05	-1.249453e-03	7.574072e-03
90            	3.315878e-03	-5.090558e-21	6.326339e-03	-1.581585e-04	-4.415007e-03	8.289695e-05	1.499781e-03	1.816097e-03	8.289695e-05	-8.289695e-05	-1.251838e-03	7.578176e-03
91            	3.315192e-03	-5.095798e-21	6.324853e-03	-1.581213e-04	-4.413407e-03	8.287979e-05	1.499474e-03	1.815717e-03	8.287979e-05	-8.287979e-05	-1.250981e-03	7.575834e-03
92            	3.314773e-03	-5.101348e-21	6.322277e-03	-1.580569e-04	-4.408998e-03	8.286932e-05	1.499329e-03	1.815443e-03	8.286932e-05	-8.286932e-05	-1.247859e-03	7.570137e-03
93            	3.314121e-03	-5.107767e-21	6.317526e-03	-1.579382e-04	-4.400624e-03	8.285303e-05	1.499122e-03	1.814999e-03	8.285303e-05	-8.285303e-05	-1.241860e-03	7.559387e-03
94            	3.313506e-03	-5.111996e-21	6.312748e-03	-1.578187e-04	-4.392139e-03	8.283764e-05	1.498934e-03	1.814572e-03	8.283764e-05	-8.283764e-05	-1.235765e-03	7.548513e-03
95            	3.313179e-03	-5.114714e-21	6.309887e-03	-1.577472e-04	-4.387033e-03	8.282947e-05	1.498842e-03	1.814337e-03	8.282947e-05	-8.282947e-05	-1.232089e-03	7.541977e-03
96            	3.313300e-03	-5.116557e-21	6.309394e-03	-1.577348e-04	-4.385938e-03	8.283250e-05	1.498915e-03	1.814385e-03	8.283250e-05	-8.283250e-05	-1.231241e-03	7.540635e-03
97            	3.313634e-03	-5.118113e-21	6.310806e-03	-1.577701e-04	-4.388338e-03	8.284085e-05	1.499047e-03	1.814587e-03	8.284085e-05	-8.284085e-05	-1.232936e-03	7.543741e-03
98            	3.314194e-03	-5.119364e-21	6.313958e-03	-1.578490e-04	-4.393838e-03	8.285485e-05	1.499248e-03	1.814946e-03	8.285485e-05	-8.285485e-05	-1.236859e-03	7.550817e-03
99            	3.314787e-03	-5.120744e-21	6.317541e-03	-1.579385e-04	-4.400126e-03	8.286967e-05	1.499455e-03	1.815332e-03	8.286967e-05	-8.286967e-05	-1.241355e-03	7.558897e-03
100           	3.315189e-03	-5.122720e-21	6.319829e-03	-1.579957e-04	-4.404093e-03	8.287973e-05	1.499599e-03	1.815590e-03	8.287973e-05	-8.287973e-05	-1.244178e-03	7.564007e-03
101           	3.315081e-03	-5.124706e-21	6.320154e-03	-1.580039e-04	-4.405012e-03	8.287704e-05	1.499537e-03	1.815545e-03	8.287704e-05	-8.287704e-05	-1.244935e-03	7.565089e-03
102           	3.314984e-03	-5.126727e-21	6.319354e-03	-1.579839e-04	-4.403555e-03	8.287461e-05	1.499508e-03	1.815476e-03	8.287461e-05	-8.287461e-05	-1.243877e-03	7.563232e-03
103           	3.314688e-03	-5.129148e-21	6.316953e-03	-1.579238e-04	-4.399233e-03	8.286719e-05	1.499420e-03	1.815268e-03	8.286719e-05	-8.286719e-05	-1.240756e-03	7.557709e-03
104           	3.314316e-03	-5.130736e-21	6.314104e-03	-1.578526e-04	-4.394141e-03	8.285790e-05	1.499305e-03	1.815011e-03	8.285790e-05	-8.285790e-05	-1.237089e-03	7.551193e-03
105           	3.314106e-03	-5.131347e-21	6.312336e-03	-1.578084e-04	-4.390965e-03	8.285266e-05	1.499245e-03	1.814862e-03	8.285266e-05	-8.285266e-05	-1.234797e-03	7.547133e-03
106           	3.314292e-03	-5.131630e-21	6.312118e-03	-1.578029e-04	-4.390222e-03	8.285730e-05	1.499343e-03	1.814949e-03	8.285730e-05	-8.285730e-05	-1.234163e-03	7.546281e-03
107           	3.314545e-03	-5.131670e-21	6.313060e-03	-1.578265e-04	-4.391744e-03	8.286362e-05	1.499446e-03	1.815099e-03	8.286362e-05	-8.286362e-05	-1.235214e-03	7.548274e-03
108           	3.315061e-03	-5.131056e-21	6.316075e-03	-1.579019e-04	-4.396910e-03	8.287652e-05	1.499629e-03	1.815432e-03	8.287652e-05	-8.287652e-05	-1.238872e-03	7.554947e-03
109           	3.315504e-03	-5.131199e-21	6.318589e-03	-1.579647e-04	-4.401239e-03	8.288759e-05	1.499787e-03	1.815716e-03	8.288759e-05	-8.288759e-05	-1.241944e-03	7.560533e-03
110           	3.315758e-03	-5.131627e-21	6.320493e-03	-1.580123e-04	-4.404673e-03	8.289395e-05	1.499867e-03	1.815891e-03	8.289395e-05	-8.289395e-05	-1.244427e-03	7.564920e-03
111           	3.315769e-03	-5.132151e-21	6.321358e-03	-1.580340e-04	-4.406429e-03	8.289422e-05	1.499850e-03	1.815918e-03	8.289422e-05	-8.289422e-05	-1.245750e-03	7.567108e-03
112           	3.315713e-03	-5.132864e-21	6.321129e-03	-1.580282e-04	-4.406053e-03	8.289283e-05	1.499828e-03	1.815885e-03	8.289283e-05	-8.289283e-05	-1.245489e-03	7.566618e-03
113           	3.315506e-03	-5.133721e-21	6.319747e-03	-1.579937e-04	-4.403616e-03	8.288766e-05	1.499759e-03	1.815747e-03	8.288766e-05	-8.288766e-05	-1.243742e-03	7.563489e-03
114           	3.315251e-03	-5.134293e-21	6.317909e-03	-1.579477e-04	-4.400345e-03	8.288127e-05	1.499678e-03	1.815573e-03	8.288127e-05	-8.288127e-05	-1.241391e-03	7.559300e-03
115           	3.315076e-03	-5.134251e-21	6.316611e-03	-1.579153e-04	-4.398033e-03	8.287690e-05	1.499623e-03	1.815453e-03	8.287690e-05	-8.287690e-05	-1.239728e-03	7.556339e-03
116           	3.315182e-03	-5.134009e-21	6.316311e-03	-1.579078e-04	-4.397239e-03	8.287955e-05	1.499683e-03	1.815499e-03	8.287955e-05	-8.287955e-05	-1.239083e-03	7.555395e-03
117           	3.315302e-03	-5.133583e-21	6.316795e-03	-1.579199e-04	-4.398039e-03	8.288255e-05	1.499731e-03	1.815571e-03	8.288255e-05	-8.288255e-05	-1.239642e-03	7.556437e-03
118           	3.315651e-03	-5.132728e-21	6.318763e-03	-1.579691e-04	-4.401376e-03	8.289127e-05	1.499856e-03	1.815795e-03	8.289127e-05	-8.289127e-05	-1.241995e-03	7.560757e-03
119           	3.315919e-03	-5.132383e-21	6.320426e-03	-1.580106e-04	-4.404282e-03	8.289797e-05	1.499949e-03	1.815970e-03	8.289797e-05	-8.289797e-05	-1.244069e-03	7.564495e-03
120           	3.316089e-03	-5.132166e-21	6.321853e-03	-1.580463e-04	-4.406889e-03	8.290221e-05	1.499998e-03	1.816091e-03	8.290221e-05	-8.290221e-05	-1.245962e-03	7.567815e-03
121           	3.316119e-03	-5.132117e-21	6.322645e-03	-1.580661e-04	-4.408449e-03	8.290298e-05	1.499993e-03	1.816126e-03	8.290298e-05	-8.290298e-05	-1.247126e-03	7.569771e-03
122           	3.316045e-03	-5.132262e-21	6.322437e-03	-1.580609e-04	-4.408168e-03	8.290112e-05	1.499961e-03	1.816083e-03	8.290112e-05	-8.290112e-05	-1.246949e-03	7.569386e-03
123           	3.315900e-03	-5.132488e-21	6.321644e-03	-1.580411e-04	-4.406818e-03	8.289749e-05	1.499909e-03	1.815991e-03	8.289749e-05	-8.289749e-05	-1.245996e-03	7.567639e-03
124           	3.315756e-03	-5.132584e-21	6.320498e-03	-1.580124e-04	-4.404739e-03	8.289390e-05	1.499866e-03	1.815890e-03	8.289390e-05	-8.289390e-05	-1.244490e-03	7.564988e-03
125           	3.315635e-03	-5.132427e-21	6.319509e-03	-1.579877e-04	-4.402947e-03	8.289088e-05	1.499830e-03	1.815805e-03	8.289088e-05	-8.289088e-05	-1.243193e-03	7.562702e-03
126           	3.315684e-03	-5.132102e-21	6.319107e-03	-1.579777e-04	-4.402040e-03	8.289211e-05	1.499864e-03	1.815820e-03	8.289211e-05	-8.289211e-05	-1.242487e-03	7.561594e-03
127           	3.315727e-03	-5.131612e-21	6.319274e-03	-1.579819e-04	-4.402324e-03	8.289317e-05	1.499882e-03	1.815845e-03	8.289317e-05	-8.289317e-05	-1.242687e-03	7.561961e-03
128           	3.315939e-03	-5.130828e-21	6.320435e-03	-1.580109e-04	-4.404285e-03	8.289847e-05	1.499959e-03	1.815980e-03	8.289847e-05	-8.289847e-05	-1.244067e-03	7.564502e-03
129           	3.316083e-03	-5.130338e-21	6.321469e-03	-1.580367e-04	-4.406135e-03	8.290206e-05	1.500005e-03	1.816078e-03	8.290206e-05	-8.290206e-05	-1.245401e-03	7.566870e-03
130           	3.316196e-03	-5.129922e-21	6.322506e-03	-1.580626e-04	-4.408048e-03	8.290491e-05	1.500036e-03	1.816161e-03	8.290491e-05	-8.290491e-05	-1.246795e-03	7.569301e-03
131           	3.316244e-03	-5.129700e-21	6.323177e-03	-1.580794e-04	-4.409329e-03	8.290609e-05	1.500042e-03	1.816201e-03	8.290609e-05	-8.290609e-05	-1.247740e-03	7.570918e-03
132           	3.316242e-03	-5.129689e-21	6.323211e-03	-1.580803e-04	-4.409393e-03	8.290604e-05	1.500040e-03	1.816201e-03	8.290604e-05	-8.290604e-05	-1.247788e-03	7.570998e-03
133           	3.316115e-03	-5.129808e-21	6.322453e-03	-1.580613e-04	-4.408097e-03	8.290287e-05	1.499996e-03	1.816119e-03	8.290287e-05	-8.290287e-05	-1.246870e-03	7.569323e-03
134           	3.315993e-03	-5.129712e-21	6.321709e-03	-1.580427e-04	-4.406802e-03	8.289984e-05	1.499954e-03	1.816039e-03	8.289984e-05	-8.289984e-05	-1.245947e-03	7.567656e-03
135           	3.315914e-03	-5.129531e-21	6.320986e-03	-1.580246e-04	-4.405474e-03	8.289786e-05	1.499933e-03	1.815982e-03	8.289786e-05	-8.289786e-05	-1.244981e-03	7.565967e-03
136           	3.315913e-03	-5.129217e-21	6.320574e-03	-1.580144e-04	-4.404639e-03	8.289782e-05	1.499942e-03	1.815971e-03	8.289782e-05	-8.289782e-05	-1.244352e-03	7.564927e-03
137           	3.315963e-03	-5.128771e-21	6.320724e-03	-1.580181e-04	-4.404855e-03	8.289909e-05	1.499964e-03	1.816000e-03	8.289909e-05	-8.289909e-05	-1.244493e-03	7.565217e-03
138           	3.316094e-03	-5.128205e-21	6.321411e-03	-1.580353e-04	-4.406007e-03	8.290234e-05	1.500012e-03	1.816082e-03	8.290234e-05	-8.290234e-05	-1.245301e-03	7.566712e-03
139           	3.316177e-03	-5.127754e-21	6.322093e-03	-1.580523e-04	-4.407247e-03	8.290443e-05	1.500036e-03	1.816141e-03	8.290443e-05	-8.290443e-05	-1.246201e-03	7.568293e-03
140           	3.316257e-03	-5.127371e-21	6.322839e-03	-1.580710e-04	-4.408628e-03	8.290642e-05	1.500057e-03	1.816199e-03	8.290642e-05	-8.290642e-05	-1.247208e-03	7.570047e-03
141           	3.316293e-03	-5.127160e-21	6.323344e-03	-1.580836e-04	-4.409591e-03	8.290732e-05	1.500063e-03	1.816230e-03	8.290732e-05	-8.290732e-05	-1.247919e-03	7.571262e-03
142           	3.316273e-03	-5.127096e-21	6.323322e-03	-1.580831e-04	-4.409583e-03	8.290683e-05	1.500053e-03	1.816220e-03	8.290683e-05	-8.290683e-05	-1.247922e-03	7.571245e-03
143           	3.316180e-03	-5.127134e-21	6.322814e-03	-1.580703e-04	-4.408731e-03	8.290449e-05	1.500020e-03	1.816160e-03	8.290449e-05	-8.290449e-05	-1.247324e-03	7.570138e-03
144           	3.316106e-03	-5.127068e-21	6.322288e-03	-1.580572e-04	-4.407792e-03	8.290265e-05	1.499996e-03	1.816110e-03	8.290265e-05	-8.290265e-05	-1.246648e-03	7.568935e-03
145           	3.316052e-03	-5.126953e-21	6.321743e-03	-1.580436e-04	-4.406777e-03	8.290129e-05	1.499982e-03	1.816069e-03	8.290129e-05	-8.290129e-05	-1.245906e-03	7.567649e-03
146           	3.316048e-03	-5.126737e-21	6.321412e-03	-1.580353e-04	-4.406109e-03	8.290121e-05	1.499989e-03	1.816059e-03	8.290121e-05	-8.290121e-05	-1.245402e-03	7.566815e-03
147           	3.316079e-03	-5.126416e-21	6.321487e-03	-1.580372e-04	-4.406205e-03	8.290197e-05	1.500002e-03	1.816076e-03	8.290197e-05	-8.290197e-05	-1.245461e-03	7.566948e-03
148           	3.316167e-03	-5.126005e-21	6.321957e-03	-1.580489e-04	-4.406991e-03	8.290419e-05	1.500035e-03	1.816133e-03	8.290419e-05	-8.290419e-05	-1.246012e-03	7.567969e-03
149           	3.316224e-03	-5.125681e-21	6.322428e-03	-1.580607e-04	-4.407850e-03	8.290560e-05	1.500051e-03	1.816173e-03	8.290560e-05	-8.290560e-05	-1.246636e-03	7.569064e-03
150           	3.316277e-03	-5.125406e-21	6.322955e-03	-1.580739e-04	-4.408831e-03	8.290692e-05	1.500065e-03	1.816212e-03	8.290692e-05	-8.290692e-05	-1.247354e-03	7.570309e-03
151           	3.316300e-03	-5.125265e-21	6.323312e-03	-1.580828e-04	-4.409515e-03	8.290750e-05	1.500067e-03	1.816233e-03	8.290750e-05	-8.290750e-05	-1.247859e-03	7.571171e-03
152           	3.316285e-03	-5.125233e-21	6.323294e-03	-1.580824e-04	-4.409507e-03	8.290712e-05	1.500060e-03	1.816225e-03	8.290712e-05	-8.290712e-05	-1.247860e-03	7.571154e-03
153           	3.316226e-03	-5.125274e-21	6.322964e-03	-1.580741e-04	-4.408950e-03	8.290565e-05	1.500039e-03	1.816187e-03	8.290565e-05	-8.290565e-05	-1.247468e-03	7.570432e-03
154           	3.316171e-03	-5.125233e-21	6.322599e-03	-1.580650e-04	-4.408303e-03	8.290427e-05	1.500020e-03	1.816150e-03	8.290427e-05	-8.290427e-05	-1.247004e-03	7.569602e-03
155           	3.316127e-03	-5.125193e-21	6.322192e-03	-1.580548e-04	-4.407552e-03	8.290317e-05	1.500009e-03	1.816118e-03	8.290317e-05	-8.290317e-05	-1.246456e-03	7.568648e-03
156           	3.316116e-03	-5.125095e-21	6.321899e-03	-1.580475e-04	-4.406976e-03	8.290289e-05	1.500010e-03	1.816105e-03	8.290289e-05	-8.290289e-05	-1.246026e-03	7.567925e-03
157           	3.316112e-03	-5.124901e-21	6.321857e-03	-1.580464e-04	-4.406901e-03	8.290279e-05	1.500009e-03	1.816102e-03	8.290279e-05	-8.290279e-05	-1.245972e-03	7.567830e-03
158           	3.316169e-03	-5.124638e-21	6.322139e-03	-1.580535e-04	-4.407364e-03	8.290423e-05	1.500031e-03	1.816138e-03	8.290423e-05	-8.290423e-05	-1.246295e-03	7.568434e-03
159           	3.316217e-03	-5.124445e-21	6.322449e-03	-1.580612e-04	-4.407910e-03	8.290542e-05	1.500047e-03	1.816170e-03	8.290542e-05	-8.290542e-05	-1.246685e-03	7.569135e-03
160           	3.316262e-03	-5.124271e-21	6.322823e-03	-1.580706e-04	-4.408588e-03	8.290656e-05	1.500061e-03	1.816202e-03	8.290656e-05	-8.290656e-05	-1.247177e-03	7.570000e-03
161           	3.316285e-03	-5.124170e-21	6.323119e-03	-1.580780e-04	-4.409147e-03	8.290712e-05	1.500065e-03	1.816220e-03	8.290712e-05	-8.290712e-05	-1.247587e-03	7.570706e-03
162           	3.316278e-03	-5.124156e-21	6.323151e-03	-1.580788e-04	-4.409224e-03	8.290695e-05	1.500060e-03	1.816218e-03	8.290695e-05	-8.290695e-05	-1.247648e-03	7.570799e-03
163           	3.316237e-03	-5.124197e-21	6.322965e-03	-1.580741e-04	-4.408922e-03	8.290593e-05	1.500044e-03	1.816193e-03	8.290593e-05	-8.290593e-05	-1.247440e-03	7.570405e-03
164           	3.316203e-03	-5.124217e-21	6.322725e-03	-1.580681e-04	-4.408494e-03	8.290506e-05	1.500033e-03	1.816169e-03	8.290506e-05	-8.290506e-05	-1.247132e-03	7.569856e-03
165           	3.316167e-03	-5.124231e-21	6.322420e-03	-1.580605e-04	-4.407937e-03	8.290417e-05	1.500023e-03	1.816144e-03	8.290417e-05	-8.290417e-05	-1.246727e-03	7.569147e-03
166           	3.316148e-03	-5.124200e-21	6.322167e-03	-1.580542e-04	-4.407457e-03	8.290369e-05	1.500020e-03	1.816128e-03	8.290369e-05	-8.290369e-05	-1.246374e-03	7.568541e-03
167           	3.316139e-03	-5.124092e-21	6.322107e-03	-1.580527e-04	-4.407353e-03	8.290347e-05	1.500017e-03	1.816122e-03	8.290347e-05	-8.290347e-05	-1.246300e-03	7.568406e-03
168           	3.316174e-03	-5.123940e-21	6.322263e-03	-1.580566e-04	-4.407603e-03	8.290436e-05	1.500031e-03	1.816144e-03	8.290436e-05	-8.290436e-05	-1.246472e-03	7.568735e-03
169           	3.316218e-03	-5.123807e-21	6.322530e-03	-1.580632e-04	-4.408060e-03	8.290546e-05	1.500046e-03	1.816172e-03	8.290546e-05	-8.290546e-05	-1.246795e-03	7.569325e-03
170           	3.316246e-03	-5.123728e-21	6.322739e-03	-1.580685e-04	-4.408434e-03	8.290616e-05	1.500055e-03	1.816192e-03	8.290616e-05	-8.290616e-05	-1.247064e-03	7.569803e-03
171           	3.316261e-03	-5.123703e-21	6.322894e-03	-1.580723e-04	-4.408725e-03	8.290651e-05	1.500058e-03	1.816203e-03	8.290651e-05	-8.290651e-05	-1.247278e-03	7.570172e-03
172           	3.316250e-03	-5.123687e-21	6.322951e-03	-1.580738e-04	-4.408863e-03	8.290626e-05	1.500051e-03	1.816199e-03	8.290626e-05	-8.290626e-05	-1.247387e-03	7.570339e-03
173           	3.316228e-03	-5.123704e-21	6.322877e-03	-1.580719e-04	-4.408754e-03	8.290569e-05	1.500042e-03	1.816186e-03	8.290569e-05	-8.290569e-05	-1.247316e-03	7.570193e-03
174           	3.316194e-03	-5.123759e-21	6.322673e-03	-1.580668e-04	-4.408405e-03	8.290485e-05	1.500030e-03	1.816164e-03	8.290485e-05	-8.290485e-05	-1.247069e-03	7.569742e-03
175           	3.316170e-03	-5.123773e-21	6.322492e-03	-1.580623e-04	-4.408078e-03	8.290424e-05	1.500023e-03	1.816147e-03	8.290424e-05	-8.290424e-05	-1.246833e-03	7.569324e-03
176           	3.316154e-03	-5.123763e-21	6.322332e-03	-1.580583e-04	-4.407778e-03	8.290386e-05	1.500019e-03	1.816136e-03	8.290386e-05	-8.290386e-05	-1.246612e-03	7.568944e-03
177           	3.316158e-03	-5.123730e-21	6.322258e-03	-1.580564e-04	-4.407619e-03	8.290395e-05	1.500023e-03	1.816135e-03	8.290395e-05	-8.290395e-05	-1.246490e-03	7.568748e-03
178           	3.316172e-03	-5.123671e-21	6.322303e-03	-1.580576e-04	-4.407684e-03	8.290431e-05	1.500029e-03	1.816144e-03	8.290431e-05	-8.290431e-05	-1.246533e-03	7.568836e-03
179           	3.316200e-03	-5.123585e-21	6.322466e-03	-1.580616e-04	-4.407961e-03	8.290500e-05	1.500038e-03	1.816162e-03	8.290500e-05	-8.290500e-05	-1.246728e-03	7.569194e-03
180           	3.316219e-03	-5.123536e-21	6.322614e-03	-1.580653e-04	-4.408228e-03	8.290548e-05	1.500044e-03	1.816175e-03	8.290548e-05	-8.290548e-05	-1.246921e-03	7.569535e-03
181           	3.316232e-03	-5.123510e-21	6.322751e-03	-1.580688e-04	-4.408485e-03	8.290580e-05	1.500047e-03	1.816185e-03	8.290580e-05	-8.290580e-05	-1.247109e-03	7.569860e-03
182           	3.316230e-03	-5.123514e-21	6.322817e-03	-1.580704e-04	-4.408624e-03	8.290574e-05	1.500044e-03	1.816185e-03	8.290574e-05	-8.290574e-05	-1.247216e-03	7.570033e-03
183           	3.316217e-03	-5.123540e-21	6.322780e-03	-1.580695e-04	-4.408571e-03	8.290544e-05	1.500039e-03	1.816178e-03	8.290544e-05	-8.290544e-05	-1.247181e-03	7.569960e-03
184           	3.316193e-03	-5.123593e-21	6.322640e-03	-1.580660e-04	-4.408335e-03	8.290482e-05	1.500030e-03	1.816162e-03	8.290482e-05	-8.290482e-05	-1.247015e-03	7.569656e-03
185           	3.316174e-03	-5.123617e-21	6.322511e-03	-1.580628e-04	-4.408104e-03	8.290436e-05	1.500024e-03	1.816150e-03	8.290436e-05	-8.290436e-05	-1.246849e-03	7.569360e-03
186           	3.316162e-03	-5.123629e-21	6.322386e-03	-1.580597e-04	-4.407871e-03	8.290406e-05	1.500022e-03	1.816141e-03	8.290406e-05	-8.290406e-05	-1.246678e-03	7.569064e-03
187           	3.316162e-03	-5.123618e-21	6.322316e-03	-1.580579e-04	-4.407729e-03	8.290404e-05	1.500023e-03	1.816139e-03	8.290404e-05	-8.290404e-05	-1.246571e-03	7.568887e-03
188           	3.316169e-03	-5.123585e-21	6.322337e-03	-1.580584e-04	-4.407757e-03	8.290423e-05	1.500026e-03	1.816143e-03	8.290423e-05	-8.290423e-05	-1.246589e-03	7.568926e-03
189           	3.316188e-03	-5.123533e-21	6.322445e-03	-1.580611e-04	-4.407940e-03	8.290471e-05	1.500033e-03	1.816155e-03	8.290471e-05	-8.290471e-05	-1.246717e-03	7.569162e-03
190           	3.316202e-03	-5.123506e-21	6.322548e-03	-1.580637e-04	-4.408124e-03	8.290506e-05	1.500037e-03	1.816165e-03	8.290506e-05	-8.290506e-05	-1.246850e-03	7.569398e-03
191           	3.316212e-03	-5.123492e-21	6.322649e-03	-1.580662e-04	-4.408312e-03	8.290530e-05	1.500040e-03	1.816172e-03	8.290530e-05	-8.290530e-05	-1.246988e-03	7.569636e-03
192           	3.316212e-03	-5.123497e-21	6.322706e-03	-1.580676e-04	-4.408429e-03	8.290529e-05	1.500038e-03	1.816174e-03	8.290529e-05	-8.290529e-05	-1.247076e-03	7.569782e-03
193           	3.316205e-03	-5.123523e-21	6.322687e-03	-1.580672e-04	-4.408403e-03	8.290512e-05	1.500035e-03	1.816170e-03	8.290512e-05	-8.290512e-05	-1.247060e-03	7.569746e-03
194           	3.316188e-03	-5.123567e-21	6.322594e-03	-1.580648e-04	-4.408247e-03	8.290470e-05	1.500029e-03	1.816159e-03	8.290470e-05	-8.290470e-05	-1.246950e-03	7.569544e-03
195           	3.316176e-03	-5.123593e-21	6.322503e-03	-1.580626e-04	-4.408084e-03	8.290439e-05	1.500025e-03	1.816150e-03	8.290439e-05	-8.290439e-05	-1.246832e-03	7.569336e-03
196           	3.316167e-03	-5.123611e-21	6.322410e-03	-1.580602e-04	-4.407909e-03	8.290416e-05	1.500023e-03	1.816144e-03	8.290416e-05	-8.290416e-05	-1.246704e-03	7.569114e-03
197           	3.316164e-03	-5.123609e-21	6.322353e-03	-1.580588e-04	-4.407797e-03	8.290411e-05	1.500023e-03	1.816141e-03	8.290411e-05	-8.290411e-05	-1.246620e-03	7.568973e-03
198           	3.316169e-03	-5.123590e-21	6.322362e-03	-1.580591e-04	-4.407809e-03	8.290422e-05	1.500025e-03	1.816143e-03	8.290422e-05	-8.290422e-05	-1.246627e-03	7.568990e-03
199           	3.316182e-03	-5.123557e-21	6.322436e-03	-1.580609e-04	-4.407932e-03	8.290455e-05	1.500030e-03	1.816152e-03	8.290455e-05	-8.290455e-05	-1.246714e-03	7.569150e-03
200           	3.316192e-03	-5.123540e-21	6.322509e-03	-1.580627e-04	-4.408063e-03	8.290480e-05	1.500033e-03	1.816159e-03	8.290480e-05	-8.290480e-05	-1.246809e-03	7.569317e-03
201           	3.316199e-03	-5.123531e-21	6.322583e-03	-1.580646e-04	-4.408202e-03	8.290498e-05	1.500035e-03	1.816164e-03	8.290498e-05	-8.290498e-05	-1.246910e-03	7.569493e-03
202           	3.316200e-03	-5.123537e-21	6.322628e-03	-1.580657e-04	-4.408293e-03	8.290499e-05	1.500034e-03	1.816166e-03	8.290499e-05	-8.290499e-05	-1.246979e-03	7.569607e-03
203           	3.316196e-03	-5.123558e-21	6.322619e-03	-1.580655e-04	-4.408281e-03	8.290489e-05	1.500032e-03	1.816163e-03	8.290489e-05	-8.290489e-05	-1.246971e-03	7.569590e-03
204           	3.316184e-03	-5.123591e-21	6.322556e-03	-1.580639e-04	-4.408175e-03	8.290460e-05	1.500028e-03	1.816156e-03	8.290460e-05	-8.290460e-05	-1.246897e-03	7.569453e-03
205           	3.316176e-03	-5.123614e-21	6.322493e-03	-1.580623e-04	-4.408061e-03	8.290440e-05	1.500026e-03	1.816150e-03	8.290440e-05	-8.290440e-05	-1.246815e-03	7.569308e-03
206           	3.316169e-03	-5.123630e-21	6.322424e-03	-1.580606e-04	-4.407933e-03	8.290423e-05	1.500024e-03	1.816145e-03	8.290423e-05	-8.290423e-05	-1.246721e-03	7.569146e-03
207           	3.316167e-03	-5.123631e-21	6.322380e-03	-1.580595e-04	-4.407848e-03	8.290417e-05	1.500024e-03	1.816143e-03	8.290417e-05	-8.290417e-05	-1.246658e-03	7.569038e-03
208           	3.316169e-03	-5.123619e-21	6.322385e-03	-1.580596e-04	-4.407853e-03	8.290423e-05	1.500025e-03	1.816144e-03	8.290423e-05	-8.290423e-05	-1.246660e-03	7.569045e-03
209           	3.316179e-03	-5.123597e-21	6.322436e-03	-1.580609e-04	-4.407939e-03	8.290447e-05	1.500029e-03	1.816150e-03	8.290447e-05	-8.290447e-05	-1.246721e-03	7.569157e-03
210           	3.316186e-03	-5.123586e-21	6.322488e-03	-1.580622e-04	-4.408032e-03	8.290465e-05	1.500031e-03	1.816155e-03	8.290465e-05	-8.290465e-05	-1.246788e-03	7.569276e-03
211           	3.316191e-03	-5.123579e-21	6.322543e-03	-1.580636e-04	-4.408133e-03	8.290479e-05	1.500032e-03	1.816159e-03	8.290479e-05	-8.290479e-05	-1.246862e-03	7.569405e-03
212           	3.316192e-03	-5.123583e-21	6.322577e-03	-1.580644e-04	-4.408202e-03	8.290481e-05	1.500032e-03	1.816161e-03	8.290481e-05	-8.290481e-05	-1.246914e-03	7.569491e-03
213           	3.316190e-03	-5.123599e-21	6.322573e-03	-1.580643e-04	-4.408197e-03	8.290475e-05	1.500031e-03	1.816159e-03	8.290475e-05	-8.290475e-05	-1.246911e-03	7.569483e-03
214           	3.316182e-03	-5.123624e-21	6.322529e-03	-1.580632e-04	-4.408125e-03	8.290454e-05	1.500028e-03	1.816154e-03	8.290454e-05	-8.290454e-05	-1.246860e-03	7.569390e-03
215           	3.316176e-03	-5.123641e-21	6.322485e-03	-1.580621e-04	-4.408045e-03	8.290440e-05	1.500026e-03	1.816150e-03	8.290440e-05	-8.290440e-05	-1.246802e-03	7.569287e-03
216           	3.316171e-03	-5.123653e-21	6.322437e-03	-1.580609e-04	-4.407955e-03	8.290428e-05	1.500025e-03	1.816146e-03	8.290428e-05	-8.290428e-05	-1.246736e-03	7.569173e-03
217           	3.316170e-03	-5.123655e-21	6.322404e-03	-1.580601e-04	-4.407891e-03	8.290424e-05	1.500025e-03	1.816145e-03	8.290424e-05	-8.290424e-05	-1.246689e-03	7.569093e-03
218           	3.316171e-03	-5.123648e-21	6.322406e-03	-1.580601e-04	-4.407891e-03	8.290428e-05	1.500025e-03	1.816146e-03	8.290428e-05	-8.290428e-05	-1.246689e-03	7.569094e-03
219           	3.316177e-03	-5.123633e-21	6.322437e-03	-1.580609e-04	-4.407945e-03	8.290442e-05	1.500028e-03	1.816149e-03	8.290442e-05	-8.290442e-05	-1.246726e-03	7.569163e-03
220           	3.316182e-03	-5.123624e-21	6.322473e-03	-1.580618e-04	-4.408008e-03	8.290455e-05	1.500029e-03	1.816153e-03	8.290455e-05	-8.290455e-05	-1.246772e-03	7.569245e-03
221           	3.316187e-03	-5.123618e-21	6.322514e-03	-1.580628e-04	-4.408083e-03	8.290466e-05	1.500030e-03	1.816156e-03	8.290466e-05	-8.290466e-05	-1.246826e-03	7.569340e-03
222           	3.316188e-03	-5.123619e-21	6.322543e-03	-1.580636e-04	-4.408140e-03	8.290470e-05	1.500030e-03	1.816158e-03	8.290470e-05	-8.290470e-05	-1.246869e-03	7.569411e-03
223           	3.316187e-03	-5.123629e-21	6.322543e-03	-1.580636e-04	-4.408143e-03	8.290467e-05	1.500030e-03	1.816157e-03	8.290467e-05	-8.290467e-05	-1.246872e-03	7.569415e-03
224           	3.316182e-03	-5.123646e-21	6.322518e-03	-1.580630e-04	-4.408102e-03	8.290454e-05	1.500028e-03	1.816154e-03	8.290454e-05	-8.290454e-05	-1.246843e-03	7.569361e-03
225           	3.316176e-03	-5.123661e-21	6.322479e-03	-1.580620e-04	-4.408032e-03	8.290441e-05	1.500026e-03	1.816150e-03	8.290441e-05	-8.290441e-05	-1.246793e-03	7.569272e-03
226           	3.316172e-03	-5.123667e-21	6.322449e-03	-1.580612e-04	-4.407979e-03	8.290431e-05	1.500025e-03	1.816147e-03	8.290431e-05	-8.290431e-05	-1.246754e-03	7.569204e-03
227           	3.316172e-03	-5.123670e-21	6.322427e-03	-1.580607e-04	-4.407935e-03	8.290430e-05	1.500025e-03	1.816147e-03	8.290430e-05	-8.290430e-05	-1.246721e-03	7.569149e-03
228           	3.316173e-03	-5.123667e-21	6.322424e-03	-1.580606e-04	-4.407927e-03	8.290432e-05	1.500026e-03	1.816147e-03	8.290432e-05	-8.290432e-05	-1.246714e-03	7.569139e-03
229           	3.316177e-03	-5.123658e-21	6.322441e-03	-1.580610e-04	-4.407953e-03	8.290441e-05	1.500027e-03	1.816149e-03	8.290441e-05	-8.290441e-05	-1.246733e-03	7.569174e-03
230           	3.316181e-03	-5.123648e-21	6.322471e-03	-1.580618e-04	-4.408007e-03	8.290452e-05	1.500029e-03	1.816152e-03	8.290452e-05	-8.290452e-05	-1.246771e-03	7.569242e-03
231           	3.316184e-03	-5.123645e-21	6.322496e-03	-1.580624e-04	-4.408051e-03	8.290460e-05	1.500030e-03	1.816154e-03	8.290460e-05	-8.290460e-05	-1.246803e-03	7.569299e-03
232           	3.316185e-03	-5.123645e-21	6.322516e-03	-1.580629e-04	-4.408091e-03	8.290462e-05	1.500029e-03	1.816155e-03	8.290462e-05	-8.290462e-05	-1.246833e-03	7.569348e-03
233           	3.316184e-03	-5.123650e-21	6.322520e-03	-1.580630e-04	-4.408101e-03	8.290460e-05	1.500029e-03	1.816155e-03	8.290460e-05	-8.290460e-05	-1.246841e-03	7.569361e-03
234           	3.316181e-03	-5.123659e-21	6.322508e-03	-1.580627e-04	-4.408082e-03	8.290453e-05	1.500028e-03	1.816153e-03	8.290453e-05	-8.290453e-05	-1.246828e-03	7.569335e-03
235           	3.316178e-03	-5.123670e-21	6.322484e-03	-1.580621e-04	-4.408039e-03	8.290444e-05	1.500027e-03	1.816151e-03	8.290444e-05	-8.290444e-05	-1.246797e-03	7.569281e-03
236           	3.316175e-03	-5.123675e-21	6.322463e-03	-1.580616e-04	-4.408002e-03	8.290438e-05	1.500026e-03	1.816149e-03	8.290438e-05	-8.290438e-05	-1.246771e-03	7.569234e-03
237           	3.316174e-03	-5.123678e-21	6.322445e-03	-1.580611e-04	-4.407966e-03	8.290436e-05	1.500026e-03	1.816148e-03	8.290436e-05	-8.290436e-05	-1.246744e-03	7.569189e-03
238           	3.316174e-03	-5.123677e-21	6.322440e-03	-1.580610e-04	-4.407956e-03	8.290436e-05	1.500026e-03	1.816148e-03	8.290436e-05	-8.290436e-05	-1.246736e-03	7.569175e-03
239           	3.316177e-03	-5.123671e-21	6.322449e-03	-1.580612e-04	-4.407969e-03	8.290442e-05	1.500027e-03	1.816150e-03	8.290442e-05	-8.290442e-05	-1.246744e-03	7.569193e-03
240           	3.316180e-03	-5.123664e-21	6.322468e-03	-1.580617e-04	-4.408002e-03	8.290449e-05	1.500028e-03	1.816151e-03	8.290449e-05	-8.290449e-05	-1.246768e-03	7.569236e-03
241           	3.316182e-03	-5.123661e-21	6.322485e-03	-1.580621e-04	-4.408033e-03	8.290454e-05	1.500029e-03	1.816153e-03	8.290454e-05	-8.290454e-05	-1.246790e-03	7.569275e-03
242           	3.316183e-03	-5.123661e-21	6.322499e-03	-1.580625e-04	-4.408060e-03	8.290458e-05	1.500029e-03	1.816154e-03	8.290458e-05	-8.290458e-05	-1.246811e-03	7.569310e-03
243           	3.316183e-03	-5.123663e-21	6.322506e-03	-1.580627e-04	-4.408075e-03	8.290457e-05	1.500029e-03	1.816154e-03	8.290457e-05	-8.290457e-05	-1.246822e-03	7.569328e-03
244           	3.316181e-03	-5.123668e-21	6.322501e-03	-1.580625e-04	-4.408068e-03	8.290453e-05	1.500028e-03	1.816153e-03	8.290453e-05	-8.290453e-05	-1.246817e-03	7.569319e-03
245           	3.316179e-03	-5.123675e-21	6.322486e-03	-1.580621e-04	-4.408041e-03	8.290447e-05	1.500027e-03	1.816151e-03	8.290447e-05	-8.290447e-05	-1.246799e-03	7.569284e-03
246           	3.316177e-03	-5.123679e-21	6.322471e-03	-1.580618e-04	-4.408015e-03	8.290442e-05	1.500027e-03	1.816150e-03	8.290442e-05	-8.290442e-05	-1.246780e-03	7.569251e-03
247           	3.316175e-03	-5.123680e-21	6.322458e-03	-1.580614e-04	-4.407990e-03	8.290439e-05	1.500026e-03	1.816149e-03	8.290439e-05	-8.290439e-05	-1.246761e-03	7.569219e-03
248           	3.316176e-03	-5.123680e-21	6.322451e-03	-1.580613e-04	-4.407976e-03	8.290439e-05	1.500027e-03	1.816149e-03	8.290439e-05	-8.290439e-05	-1.246751e-03	7.569201e-03
249           	3.316177e-03	-5.123677e-21	6.322454e-03	-1.580614e-04	-4.407980e-03	8.290442e-05	1.500027e-03	1.816150e-03	8.290442e-05	-8.290442e-05	-1.246753e-03	7.569207e-03
250           	3.316179e-03	-5.123672e-21	6.322467e-03	-1.580617e-04	-4.408002e-03	8.290447e-05	1.500028e-03	1.816151e-03	8.290447e-05	-8.290447e-05	-1.246769e-03	7.569236e-03
251           	3.316181e-03	-5.123669e-21	6.322479e-03	-1.580620e-04	-4.408024e-03	8.290452e-05	1.500028e-03	1.816152e-03	8.290452e-05	-8.290452e-05	-1.246784e-03	7.569264e-03
252           	3.316182e-03	-5.123667e-21	6.322491e-03	-1.580623e-04	-4.408046e-03	8.290454e-05	1.500029e-03	1.816153e-03	8.290454e-05	-8.290454e-05	-1.246801e-03	7.569292e-03
253           	3.316182e-03	-5.123669e-21	6.322498e-03	-1.580624e-04	-4.408060e-03	8.290455e-05	1.500028e-03	1.816153e-03	8.290455e-05	-8.290455e-05	-1.246811e-03	7.569309e-03
254           	3.316181e-03	-5.123672e-21	6.322496e-03	-1.580624e-04	-4.408057e-03	8.290453e-05	1.500028e-03	1.816153e-03	8.290453e-05	-8.290453e-05	-1.246809e-03	7.569305e-03
255           	3.316179e-03	-5.123677e-21	6.322485e-03	-1.580621e-04	-4.408039e-03	8.290448e-05	1.500027e-03	1.816152e-03	8.290448e-05	-8.290448e-05	-1.246796e-03	7.569281e-03
256           	3.316178e-03	-5.123679e-21	6.322475e-03	-1.580619e-04	-4.408021e-03	8.290444e-05	1.500027e-03	1.816151e-03	8.290444e-05	-8.290444e-05	-1.246783e-03	7.569258e-03
257           	3.316177e-03	-5.123681e-21	6.322465e-03	-1.580616e-04	-4.408002e-03	8.290442e-05	1.500027e-03	1.816150e-03	8.290442e-05	-8.290442e-05	-1.246769e-03	7.569234e-03
258           	3.316177e-03	-5.123681e-21	6.322459e-03	-1.580615e-04	-4.407990e-03	8.290442e-05	1.500027e-03	1.816150e-03	8.290442e-05	-8.290442e-05	-1.246761e-03	7.569219e-03
259           	3.316177e-03	-5.123678e-21	6.322460e-03	-1.580615e-04	-4.407992e-03	8.290443e-05	1.500027e-03	1.816150e-03	8.290443e-05	-8.290443e-05	-1.246762e-03	7.569222e-03
260           	3.316179e-03	-5.123674e-21	6.322469e-03	-1.580617e-04	-4.408007e-03	8.290447e-05	1.500028e-03	1.816151e-03	8.290447e-05	-8.290447e-05	-1.246773e-03	7.569242e-03
261           	3.316180e-03	-5.123672e-21	6.322478e-03	-1.580620e-04	-4.408023e-03	8.290450e-05	1.500028e-03	1.816152e-03	8.290450e-05	-8.290450e-05	-1.246784e-03	7.569262e-03
262           	3.316181e-03	-5.123671e-21	6.322487e-03	-1.580622e-04	-4.408039e-03	8.290452e-05	1.500028e-03	1.816153e-03	8.290452e-05	-8.290452e-05	-1.246796e-03	7.569283e-03
263           	3.316181e-03	-5.123671e-21	6.322492e-03	-1.580623e-04	-4.408050e-03	8.290453e-05	1.500028e-03	1.816153e-03	8.290453e-05	-8.290453e-05	-1.246804e-03	7.569296e-03
264           	3.316181e-03	-5.123673e-21	6.322491e-03	-1.580623e-04	-4.408048e-03	8.290452e-05	1.500028e-03	1.816153e-03	8.290452e-05	-8.290452e-05	-1.246803e-03	7.569294e-03
265           	3.316179e-03	-5.123677e-21	6.322484e-03	-1.580621e-04	-4.408036e-03	8.290448e-05	1.500028e-03	1.816152e-03	8.290448e-05	-8.290448e-05	-1.246794e-03	7.569277e-03
266           	3.316178e-03	-5.123679e-21	6.322476e-03	-1.580619e-04	-4.408023e-03	8.290446e-05	1.500027e-03	1.816151e-03	8.290446e-05	-8.290446e-05	-1.246785e-03	7.569261e-03
267           	3.316178e-03	-5.123680e-21	6.322469e-03	-1.580617e-04	-4.408009e-03	8.290444e-05	1.500027e-03	1.816151e-03	8.290444e-05	-8.290444e-05	-1.246774e-03	7.569243e-03
268           	3.316177e-03	-5.123680e-21	6.322464e-03	-1.580616e-04	-4.408000e-03	8.290444e-05	1.500027e-03	1.816150e-03	8.290444e-05	-8.290444e-05	-1.246768e-03	7.569232e-03
269           	3.316178e-03	-5.123678e-21	6.322465e-03	-1.580616e-04	-4.408001e-03	8.290445e-05	1.500027e-03	1.816151e-03	8.290445e-05	-8.290445e-05	-1.246768e-03	7.569234e-03
270           	3.316179e-03	-5.123675e-21	6.322472e-03	-1.580618e-04	-4.408012e-03	8.290447e-05	1.500028e-03	1.816151e-03	8.290447e-05	-8.290447e-05	-1.246776e-03	7.569247e-03
271           	3.316180e-03	-5.123673e-21	6.322478e-03	-1.580619e-04	-4.408023e-03	8.290450e-05	1.500028e-03	1.816152e-03	8.290450e-05	-8.290450e-05	-1.246784e-03	7.569262e-03
272           	3.316180e-03	-5.123672e-21	6.322484e-03	-1.580621e-04	-4.408035e-03	8.290451e-05	1.500028e-03	1.816152e-03	8.290451e-05	-8.290451e-05	-1.246793e-03	7.569277e-03
273           	3.316181e-03	-5.123672e-21	6.322488e-03	-1.580622e-04	-4.408043e-03	8.290451e-05	1.500028e-03	1.816153e-03	8.290451e-05	-8.290451e-05	-1.246799e-03	7.569287e-03
274           	3.316180e-03	-5.123674e-21	6.322487e-03	-1.580622e-04	-4.408042e-03	8.290451e-05	1.500028e-03	1.816152e-03	8.290451e-05	-8.290451e-05	-1.246798e-03	7.569285e-03
275           	3.316179e-03	-5.123676e-21	6.322482e-03	-1.580621e-04	-4.408033e-03	8.290448e-05	1.500028e-03	1.816152e-03	8.290448e-05	-8.290448e-05	-1.246792e-03	7.569274e-03
276           	3.316179e-03	-5.123678e-21	6.322477e-03	-1.580619e-04	-4.408024e-03	8.290447e-05	1.500027e-03	1.816151e-03	8.290447e-05	-8.290447e-05	-1.246785e-03	7.569262e-03
277           	3.316178e-03	-5.123679e-21	6.322470e-03	-1.580618e-04	-4.408011e-03	8.290445e-05	1.500027e-03	1.816151e-03	8.290445e-05	-8.290445e-05	-1.246776e-03	7.569246e-03
278           	3.316178e-03	-5.123678e-21	6.322468e-03	-1.580617e-04	-4.408007e-03	8.290444e-05	1.500027e-03	1.816151e-03	8.290444e-05	-8.290444e-05	-1.246773e-03	7.569240e-03
279           	3.316178e-03	-5.123676e-21	6.322469e-03	-1.580617e-04	-4.408008e-03	8.290445e-05	1.500027e-03	1.816151e-03	8.290445e-05	-8.290445e-05	-1.246774e-03	7.569242e-03
280           	3.316179e-03	-5.123675e-21	6.322473e-03	-1.580618e-04	-4.408015e-03	8.290447e-05	1.500028e-03	1.816151e-03	8.290447e-05	-8.290447e-05	-1.246778e-03	7.569251e-03
281           	3.316180e-03	-5.123673e-21	6.322477e-03	-1.580619e-04	-4.408022e-03	8.290449e-05	1.500028e-03	1.816152e-03	8.290449e-05	-8.290449e-05	-1.246784e-03	7.569261e-03
282           	3.316180e-03	-5.123673e-21	6.322482e-03	-1.580620e-04	-4.408030e-03	8.290450e-05	1.500028e-03	1.816152e-03	8.290450e-05	-8.290450e-05	-1.246790e-03	7.569271e-03
283           	3.316180e-03	-5.123673e-21	6.322485e-03	-1.580621e-04	-4.408036e-03	8.290451e-05	1.500028e-03	1.816152e-03	8.290451e-05	-8.290451e-05	-1.246794e-03	7.569279e-03
284           	3.316180e-03	-5.123674e-21	6.322485e-03	-1.580621e-04	-4.408036e-03	8.290450e-05	1.500028e-03	1.816152e-03	8.290450e-05	-8.290450e-05	-1.246794e-03	7.569279e-03
285           	3.316179e-03	-5.123675e-21	6.322481e-03	-1.580620e-04	-4.408031e-03	8.290448e-05	1.500028e-03	1.816152e-03	8.290448e-05	-8.290448e-05	-1.246790e-03	7.569272e-03
286           	3.316179e-03	-5.123676e-21	6.322478e-03	-1.580619e-04	-4.408025e-03	8.290447e-05	1.500028e-03	1.816151e-03	8.290447e-05	-8.290447e-05	-1.246786e-03	7.569264e-03
287           	3.316179e-03	-5.123677e-21	6.322474e-03	-1.580618e-04	-4.408017e-03	8.290446e-05	1.500027e-03	1.816151e-03	8.290446e-05	-8.290446e-05	-1.246780e-03	7.569254e-03
288           	3.316178e-03	-5.123677e-21	6.322471e-03	-1.580618e-04	-4.408012e-03	8.290446e-05	1.500027e-03	1.816151e-03	8.290446e-05	-8.290446e-05	-1.246777e-03	7.569248e-03
289           	3.316179e-03	-5.123676e-21	6.322471e-03	-1.580618e-04	-4.408012e-03	8.290446e-05	1.500027e-03	1.816151e-03	8.290446e-05	-8.290446e-05	-1.246777e-03	7.569248e-03
290           	3.316179e-03	-5.123675e-21	6.322474e-03	-1.580619e-04	-4.408017e-03	8.290448e-05	1.500028e-03	1.816151e-03	8.290448e-05	-8.290448e-05	-1.246780e-03	7.569254e-03
291           	3.316179e-03	-5.123674e-21	6.322477e-03	-1.580619e-04	-4.408022e-03	8.290449e-05	1.500028e-03	1.816152e-03	8.290449e-05	-8.290449e-05	-1.246783e-03	7.569260e-03
292           	3.316180e-03	-5.123673e-21	6.322480e-03	-1.580620e-04	-4.408028e-03	8.290449e-05	1.500028e-03	1.816152e-03	8.290449e-05	-8.290449e-05	-1.246788e-03	7.569268e-03
293           	3.316180e-03	-5.123673e-21	6.322483e-03	-1.580621e-04	-4.408033e-03	8.290450e-05	1.500028e-03	1.816152e-03	8.290450e-05	-8.290450e-05	-1.246792e-03	7.569274e-03
294           	3.316180e-03	-5.123674e-21	6.322483e-03	-1.580621e-04	-4.408033e-03	8.290450e-05	1.500028e-03	1.816152e-03	8.290450e-05	-8.290450e-05	-1.246792e-03	7.569275e-03
295           	3.316179e-03	-5.123675e-21	6.322481e-03	-1.580620e-04	-4.408030e-03	8.290449e-05	1.500028e-03	1.816152e-03	8.290449e-05	-8.290449e-05	-1.246790e-03	7.569271e-03
