# Force coefficients
# dragDir     : (1.000000e+00 0.000000e+00 0.000000e+00)
# sideDir     : (0.000000e+00 0.000000e+00 -1.000000e+00)
# liftDir     : (0.000000e+00 1.000000e+00 0.000000e+00)
# rollAxis    : (1.000000e+00 0.000000e+00 0.000000e+00)
# pitchAxis   : (0.000000e+00 0.000000e+00 -1.000000e+00)
# yawAxis     : (0.000000e+00 1.000000e+00 0.000000e+00)
# magUInf     : 2.000000e-02
# lRef        : 1.000000e-01
# Aref        : 1.000000e-01
# CofR        : (0.000000e+00 0.000000e+00 0.000000e+00)
#
# Time        	Cd            	Cs            	Cl            	CmRoll        	CmPitch       	CmYaw         	Cd(f)         	Cd(r)         	Cs(f)         	Cs(r)         	Cl(f)         	Cl(r)         
1             	1.079865e-03	-1.864931e-19	1.748596e-03	-4.371490e-05	-1.728334e-03	2.699662e-05	4.962175e-04	5.836473e-04	2.699662e-05	-2.699662e-05	-8.540363e-04	2.602632e-03
2             	2.438084e-03	-1.663976e-19	3.311541e-03	-8.278853e-05	-2.400417e-03	6.095211e-05	1.136254e-03	1.301831e-03	6.095211e-05	-6.095211e-05	-7.446462e-04	4.056187e-03
3             	1.973067e-03	-4.809316e-20	2.151021e-03	-5.377554e-05	-6.614458e-04	4.932668e-05	9.327580e-04	1.040309e-03	4.932668e-05	-4.932668e-05	4.140649e-04	1.736957e-03
4             	1.604078e-03	6.784666e-21	1.881322e-03	-4.703305e-05	-7.680160e-04	4.010196e-05	7.550062e-04	8.490723e-04	4.010196e-05	-4.010196e-05	1.726450e-04	1.708677e-03
5             	1.460140e-03	1.479452e-20	1.999118e-03	-4.997795e-05	-1.362407e-03	3.650350e-05	6.800920e-04	7.800479e-04	3.650350e-05	-3.650350e-05	-3.628479e-04	2.361966e-03
6             	1.324554e-03	7.033656e-21	2.155183e-03	-5.387958e-05	-2.005304e-03	3.311386e-05	6.083976e-04	7.161567e-04	3.311386e-05	-3.311386e-05	-9.277121e-04	3.082895e-03
7             	1.292320e-03	-3.929980e-21	2.149753e-03	-5.374383e-05	-2.069261e-03	3.230801e-05	5.924163e-04	6.999039e-04	3.230801e-05	-3.230801e-05	-9.943839e-04	3.144137e-03
8             	1.362200e-03	-1.113956e-20	2.156801e-03	-5.392003e-05	-1.939702e-03	3.405500e-05	6.271799e-04	7.350199e-04	3.405500e-05	-3.405500e-05	-8.613019e-04	3.018103e-03
9             	1.472812e-03	-1.427225e-20	2.281844e-03	-5.704609e-05	-1.977283e-03	3.682030e-05	6.793600e-04	7.934522e-04	3.682030e-05	-3.682030e-05	-8.363609e-04	3.118205e-03
10            	1.614764e-03	-1.588139e-20	2.535148e-03	-6.337869e-05	-2.231851e-03	4.036910e-05	7.440034e-04	8.707608e-04	4.036910e-05	-4.036910e-05	-9.642772e-04	3.499425e-03
11            	1.742299e-03	-1.638190e-20	2.800153e-03	-7.000384e-05	-2.538120e-03	4.355746e-05	8.011454e-04	9.411531e-04	4.355746e-05	-4.355746e-05	-1.138043e-03	3.938196e-03
12            	1.844955e-03	-1.571671e-20	3.061613e-03	-7.654032e-05	-2.886183e-03	4.612388e-05	8.459374e-04	9.990180e-04	4.612388e-05	-4.612388e-05	-1.355376e-03	4.416989e-03
13            	1.911686e-03	-1.625117e-20	3.256660e-03	-8.141649e-05	-3.157039e-03	4.779215e-05	8.744265e-04	1.037260e-03	4.779215e-05	-4.779215e-05	-1.528709e-03	4.785369e-03
14            	1.957699e-03	-1.664986e-20	3.403815e-03	-8.509537e-05	-3.365858e-03	4.894246e-05	8.937539e-04	1.063945e-03	4.894246e-05	-4.894246e-05	-1.663950e-03	5.067765e-03
15            	1.988913e-03	-1.694470e-20	3.507109e-03	-8.767773e-05	-3.508847e-03	4.972282e-05	9.067786e-04	1.082134e-03	4.972282e-05	-4.972282e-05	-1.755292e-03	5.262401e-03
16            	2.007881e-03	-1.720473e-20	3.577129e-03	-8.942823e-05	-3.605539e-03	5.019701e-05	9.145120e-04	1.093368e-03	5.019701e-05	-5.019701e-05	-1.816975e-03	5.394104e-03
17            	2.020174e-03	-1.743899e-20	3.627685e-03	-9.069213e-05	-3.675683e-03	5.050435e-05	9.193950e-04	1.100779e-03	5.050435e-05	-5.050435e-05	-1.861840e-03	5.489525e-03
18            	2.026784e-03	-1.762923e-20	3.666283e-03	-9.165707e-05	-3.733176e-03	5.066960e-05	9.217349e-04	1.105049e-03	5.066960e-05	-5.066960e-05	-1.900035e-03	5.566317e-03
19            	2.030571e-03	-1.794814e-20	3.697551e-03	-9.243877e-05	-3.782383e-03	5.076426e-05	9.228465e-04	1.107724e-03	5.076426e-05	-5.076426e-05	-1.933608e-03	5.631158e-03
20            	2.031057e-03	-1.818503e-20	3.718323e-03	-9.295807e-05	-3.816671e-03	5.077641e-05	9.225702e-04	1.108486e-03	5.077641e-05	-5.077641e-05	-1.957510e-03	5.675832e-03
21            	2.028155e-03	-1.824250e-20	3.727939e-03	-9.319848e-05	-3.834390e-03	5.070388e-05	9.208791e-04	1.107276e-03	5.070388e-05	-5.070388e-05	-1.970420e-03	5.698359e-03
22            	2.023138e-03	-1.816786e-20	3.728974e-03	-9.322434e-05	-3.838507e-03	5.057845e-05	9.183447e-04	1.104793e-03	5.057845e-05	-5.057845e-05	-1.974021e-03	5.702994e-03
23            	2.016812e-03	-1.799135e-20	3.722970e-03	-9.307425e-05	-3.830693e-03	5.042030e-05	9.153318e-04	1.101480e-03	5.042030e-05	-5.042030e-05	-1.969208e-03	5.692178e-03
24            	2.009920e-03	-1.778077e-20	3.711989e-03	-9.279972e-05	-3.813911e-03	5.024800e-05	9.121603e-04	1.097760e-03	5.024800e-05	-5.024800e-05	-1.957916e-03	5.669905e-03
25            	2.002423e-03	-1.755510e-20	3.697538e-03	-9.243845e-05	-3.791486e-03	5.006058e-05	9.087731e-04	1.093650e-03	5.006058e-05	-5.006058e-05	-1.942717e-03	5.640255e-03
26            	1.994888e-03	-1.731328e-20	3.679667e-03	-9.199168e-05	-3.762314e-03	4.987219e-05	9.054521e-04	1.089436e-03	4.987219e-05	-4.987219e-05	-1.922480e-03	5.602147e-03
27            	1.987229e-03	-1.706390e-20	3.659838e-03	-9.149595e-05	-3.729761e-03	4.968073e-05	9.021186e-04	1.085110e-03	4.968073e-05	-4.968073e-05	-1.899842e-03	5.559680e-03
28            	1.979709e-03	-1.680731e-20	3.637410e-03	-9.093525e-05	-3.691780e-03	4.949271e-05	8.989190e-04	1.080790e-03	4.949271e-05	-4.949271e-05	-1.873075e-03	5.510485e-03
29            	1.972307e-03	-1.655586e-20	3.613742e-03	-9.034354e-05	-3.651335e-03	4.930767e-05	8.958098e-04	1.076497e-03	4.930767e-05	-4.930767e-05	-1.844464e-03	5.458205e-03
30            	1.965450e-03	-1.631666e-20	3.589623e-03	-8.974059e-05	-3.609292e-03	4.913624e-05	8.929843e-04	1.072465e-03	4.913624e-05	-4.913624e-05	-1.814480e-03	5.404103e-03
31            	1.958887e-03	-1.608472e-20	3.564900e-03	-8.912251e-05	-3.565754e-03	4.897216e-05	8.903208e-04	1.068566e-03	4.897216e-05	-4.897216e-05	-1.783304e-03	5.348204e-03
32            	1.952613e-03	-1.586425e-20	3.539917e-03	-8.849793e-05	-3.521424e-03	4.881533e-05	8.878087e-04	1.064805e-03	4.881533e-05	-4.881533e-05	-1.751465e-03	5.291382e-03
33            	1.946724e-03	-1.567186e-20	3.515101e-03	-8.787752e-05	-3.477024e-03	4.866809e-05	8.854843e-04	1.061239e-03	4.866809e-05	-4.866809e-05	-1.719474e-03	5.234574e-03
34            	1.941436e-03	-1.549068e-20	3.491324e-03	-8.728309e-05	-3.434009e-03	4.853591e-05	8.834351e-04	1.058001e-03	4.853591e-05	-4.853591e-05	-1.688348e-03	5.179671e-03
35            	1.936638e-03	-1.531682e-20	3.468659e-03	-8.671647e-05	-3.392724e-03	4.841595e-05	8.816025e-04	1.055035e-03	4.841595e-05	-4.841595e-05	-1.658394e-03	5.127053e-03
36            	1.932275e-03	-1.514035e-20	3.447229e-03	-8.618073e-05	-3.353517e-03	4.830687e-05	8.799566e-04	1.052318e-03	4.830687e-05	-4.830687e-05	-1.629903e-03	5.077132e-03
37            	1.928259e-03	-1.497227e-20	3.426928e-03	-8.567320e-05	-3.316308e-03	4.820646e-05	8.784561e-04	1.049802e-03	4.820646e-05	-4.820646e-05	-1.602844e-03	5.029772e-03
38            	1.924635e-03	-1.481799e-20	3.408009e-03	-8.520022e-05	-3.281555e-03	4.811588e-05	8.771175e-04	1.047518e-03	4.811588e-05	-4.811588e-05	-1.577550e-03	4.985559e-03
39            	1.921264e-03	-1.467092e-20	3.390050e-03	-8.475124e-05	-3.248564e-03	4.803160e-05	8.758807e-04	1.045383e-03	4.803160e-05	-4.803160e-05	-1.553539e-03	4.943588e-03
40            	1.918151e-03	-1.453347e-20	3.373122e-03	-8.432805e-05	-3.217457e-03	4.795378e-05	8.747475e-04	1.043404e-03	4.795378e-05	-4.795378e-05	-1.530896e-03	4.904018e-03
41            	1.915352e-03	-1.440784e-20	3.357423e-03	-8.393557e-05	-3.188552e-03	4.788381e-05	8.737407e-04	1.041612e-03	4.788381e-05	-4.788381e-05	-1.509840e-03	4.867263e-03
42            	1.912885e-03	-1.429439e-20	3.343064e-03	-8.357660e-05	-3.162047e-03	4.782213e-05	8.728661e-04	1.040019e-03	4.782213e-05	-4.782213e-05	-1.490515e-03	4.833579e-03
43            	1.910722e-03	-1.419263e-20	3.330002e-03	-8.325005e-05	-3.137886e-03	4.776806e-05	8.721111e-04	1.038611e-03	4.776806e-05	-4.776806e-05	-1.472885e-03	4.802887e-03
44            	1.908803e-03	-1.410066e-20	3.318109e-03	-8.295272e-05	-3.115876e-03	4.772007e-05	8.714486e-04	1.037354e-03	4.772007e-05	-4.772007e-05	-1.456822e-03	4.774931e-03
45            	1.907144e-03	-1.401983e-20	3.307419e-03	-8.268546e-05	-3.096051e-03	4.767859e-05	8.708864e-04	1.036257e-03	4.767859e-05	-4.767859e-05	-1.442341e-03	4.749760e-03
46            	1.905749e-03	-1.394998e-20	3.297934e-03	-8.244836e-05	-3.078395e-03	4.764373e-05	8.704263e-04	1.035323e-03	4.764373e-05	-4.764373e-05	-1.429428e-03	4.727362e-03
47            	1.904594e-03	-1.389023e-20	3.289591e-03	-8.223978e-05	-3.062803e-03	4.761486e-05	8.700574e-04	1.034537e-03	4.761486e-05	-4.761486e-05	-1.418007e-03	4.707599e-03
48            	1.903648e-03	-1.383973e-20	3.282311e-03	-8.205777e-05	-3.049152e-03	4.759120e-05	8.697662e-04	1.033882e-03	4.759120e-05	-4.759120e-05	-1.407997e-03	4.690308e-03
49            	1.902949e-03	-1.379957e-20	3.276106e-03	-8.190265e-05	-3.037399e-03	4.757371e-05	8.695716e-04	1.033377e-03	4.757371e-05	-4.757371e-05	-1.399346e-03	4.675452e-03
50            	1.902363e-03	-1.376589e-20	3.270767e-03	-8.176917e-05	-3.027319e-03	4.755907e-05	8.694123e-04	1.032951e-03	4.755907e-05	-4.755907e-05	-1.391936e-03	4.662703e-03
51            	1.901886e-03	-1.373836e-20	3.266229e-03	-8.165572e-05	-3.018776e-03	4.754715e-05	8.692873e-04	1.032599e-03	4.754715e-05	-4.754715e-05	-1.385661e-03	4.651890e-03
52            	1.901524e-03	-1.371734e-20	3.262460e-03	-8.156150e-05	-3.011685e-03	4.753809e-05	8.692003e-04	1.032323e-03	4.753809e-05	-4.753809e-05	-1.380455e-03	4.642915e-03
53            	1.901280e-03	-1.370188e-20	3.259427e-03	-8.148566e-05	-3.005963e-03	4.753200e-05	8.691543e-04	1.032126e-03	4.753200e-05	-4.753200e-05	-1.376250e-03	4.635677e-03
54            	1.901137e-03	-1.369257e-20	3.257030e-03	-8.142575e-05	-3.001428e-03	4.752843e-05	8.691429e-04	1.031994e-03	4.752843e-05	-4.752843e-05	-1.372913e-03	4.629943e-03
55            	1.901085e-03	-1.368519e-20	3.255208e-03	-8.138020e-05	-2.997961e-03	4.752713e-05	8.691623e-04	1.031923e-03	4.752713e-05	-4.752713e-05	-1.370357e-03	4.625565e-03
56            	1.901088e-03	-1.368108e-20	3.253842e-03	-8.134605e-05	-2.995367e-03	4.752719e-05	8.691978e-04	1.031890e-03	4.752719e-05	-4.752719e-05	-1.368446e-03	4.622288e-03
57            	1.901145e-03	-1.367987e-20	3.252886e-03	-8.132214e-05	-2.993548e-03	4.752861e-05	8.692502e-04	1.031894e-03	4.752861e-05	-4.752861e-05	-1.367105e-03	4.619991e-03
58            	1.901249e-03	-1.368119e-20	3.252286e-03	-8.130715e-05	-2.992401e-03	4.753122e-05	8.693173e-04	1.031932e-03	4.753122e-05	-4.753122e-05	-1.366258e-03	4.618544e-03
59            	1.901350e-03	-1.368347e-20	3.251935e-03	-8.129837e-05	-2.991780e-03	4.753376e-05	8.693768e-04	1.031974e-03	4.753376e-05	-4.753376e-05	-1.365812e-03	4.617747e-03
60            	1.901489e-03	-1.368653e-20	3.251828e-03	-8.129569e-05	-2.991602e-03	4.753723e-05	8.694489e-04	1.032040e-03	4.753723e-05	-4.753723e-05	-1.365688e-03	4.617516e-03
61            	1.901665e-03	-1.369165e-20	3.251979e-03	-8.129947e-05	-2.991903e-03	4.754162e-05	8.695329e-04	1.032132e-03	4.754162e-05	-4.754162e-05	-1.365913e-03	4.617892e-03
62            	1.901872e-03	-1.369855e-20	3.252348e-03	-8.130869e-05	-2.992603e-03	4.754680e-05	8.696272e-04	1.032245e-03	4.754680e-05	-4.754680e-05	-1.366430e-03	4.618777e-03
63            	1.902100e-03	-1.370690e-20	3.252889e-03	-8.132223e-05	-2.993625e-03	4.755250e-05	8.697277e-04	1.032372e-03	4.755250e-05	-4.755250e-05	-1.367181e-03	4.620070e-03
64            	1.902340e-03	-1.371644e-20	3.253567e-03	-8.133917e-05	-2.994905e-03	4.755850e-05	8.698309e-04	1.032509e-03	4.755850e-05	-4.755850e-05	-1.368122e-03	4.621688e-03
65            	1.902592e-03	-1.372738e-20	3.254362e-03	-8.135904e-05	-2.996404e-03	4.756479e-05	8.699369e-04	1.032655e-03	4.756479e-05	-4.756479e-05	-1.369223e-03	4.623585e-03
66            	1.902851e-03	-1.373894e-20	3.255253e-03	-8.138134e-05	-2.998084e-03	4.757127e-05	8.700440e-04	1.032807e-03	4.757127e-05	-4.757127e-05	-1.370458e-03	4.625711e-03
67            	1.903115e-03	-1.375096e-20	3.256228e-03	-8.140569e-05	-2.999920e-03	4.757786e-05	8.701516e-04	1.032963e-03	4.757786e-05	-4.757786e-05	-1.371806e-03	4.628034e-03
68            	1.903382e-03	-1.376328e-20	3.257271e-03	-8.143177e-05	-3.001884e-03	4.758455e-05	8.702592e-04	1.033123e-03	4.758455e-05	-4.758455e-05	-1.373249e-03	4.630520e-03
69            	1.903652e-03	-1.377580e-20	3.258370e-03	-8.145925e-05	-3.003953e-03	4.759129e-05	8.703665e-04	1.033285e-03	4.759129e-05	-4.759129e-05	-1.374768e-03	4.633138e-03
70            	1.903922e-03	-1.378841e-20	3.259514e-03	-8.148785e-05	-3.006103e-03	4.759805e-05	8.704732e-04	1.033449e-03	4.759805e-05	-4.759805e-05	-1.376346e-03	4.635860e-03
71            	1.904192e-03	-1.380099e-20	3.260689e-03	-8.151721e-05	-3.008309e-03	4.760479e-05	8.705786e-04	1.033613e-03	4.760479e-05	-4.760479e-05	-1.377965e-03	4.638653e-03
72            	1.904458e-03	-1.381347e-20	3.261881e-03	-8.154702e-05	-3.010547e-03	4.761144e-05	8.706819e-04	1.033776e-03	4.761144e-05	-4.761144e-05	-1.379606e-03	4.641487e-03
73            	1.904719e-03	-1.382577e-20	3.263081e-03	-8.157702e-05	-3.012799e-03	4.761798e-05	8.707825e-04	1.033937e-03	4.761798e-05	-4.761798e-05	-1.381258e-03	4.644339e-03
74            	1.904974e-03	-1.383782e-20	3.264281e-03	-8.160703e-05	-3.015051e-03	4.762435e-05	8.708800e-04	1.034094e-03	4.762435e-05	-4.762435e-05	-1.382910e-03	4.647192e-03
75            	1.905219e-03	-1.384938e-20	3.265450e-03	-8.163626e-05	-3.017243e-03	4.763047e-05	8.709732e-04	1.034246e-03	4.763047e-05	-4.763047e-05	-1.384518e-03	4.649969e-03
76            	1.905459e-03	-1.386071e-20	3.266612e-03	-8.166529e-05	-3.019417e-03	4.763647e-05	8.710642e-04	1.034395e-03	4.763647e-05	-4.763647e-05	-1.386112e-03	4.652723e-03
77            	1.905692e-03	-1.387174e-20	3.267759e-03	-8.169397e-05	-3.021565e-03	4.764229e-05	8.711518e-04	1.034540e-03	4.764229e-05	-4.764229e-05	-1.387686e-03	4.655445e-03
78            	1.905910e-03	-1.388208e-20	3.268857e-03	-8.172143e-05	-3.023625e-03	4.764775e-05	8.712335e-04	1.034676e-03	4.764775e-05	-4.764775e-05	-1.389196e-03	4.658053e-03
79            	1.906120e-03	-1.389217e-20	3.269935e-03	-8.174837e-05	-3.025646e-03	4.765301e-05	8.713119e-04	1.034809e-03	4.765301e-05	-4.765301e-05	-1.390679e-03	4.660614e-03
80            	1.906321e-03	-1.390185e-20	3.270987e-03	-8.177468e-05	-3.027623e-03	4.765803e-05	8.713860e-04	1.034935e-03	4.765803e-05	-4.765803e-05	-1.392129e-03	4.663116e-03
81            	1.906509e-03	-1.391102e-20	3.271998e-03	-8.179995e-05	-3.029528e-03	4.766272e-05	8.714544e-04	1.035054e-03	4.766272e-05	-4.766272e-05	-1.393529e-03	4.665527e-03
82            	1.906682e-03	-1.391976e-20	3.272962e-03	-8.182405e-05	-3.031350e-03	4.766704e-05	8.715168e-04	1.035165e-03	4.766704e-05	-4.766704e-05	-1.394869e-03	4.667832e-03
83            	1.906839e-03	-1.392777e-20	3.273864e-03	-8.184659e-05	-3.033061e-03	4.767097e-05	8.715728e-04	1.035266e-03	4.767097e-05	-4.767097e-05	-1.396129e-03	4.669993e-03
84            	1.906989e-03	-1.393536e-20	3.274715e-03	-8.186788e-05	-3.034669e-03	4.767472e-05	8.716266e-04	1.035362e-03	4.767472e-05	-4.767472e-05	-1.397312e-03	4.672027e-03
85            	1.907129e-03	-1.394246e-20	3.275519e-03	-8.188798e-05	-3.036187e-03	4.767824e-05	8.716767e-04	1.035453e-03	4.767824e-05	-4.767824e-05	-1.398427e-03	4.673947e-03
86            	1.907259e-03	-1.394931e-20	3.276288e-03	-8.190720e-05	-3.037644e-03	4.768148e-05	8.717224e-04	1.035537e-03	4.768148e-05	-4.768148e-05	-1.399500e-03	4.675788e-03
87            	1.907377e-03	-1.395539e-20	3.276995e-03	-8.192488e-05	-3.038985e-03	4.768443e-05	8.717636e-04	1.035613e-03	4.768443e-05	-4.768443e-05	-1.400487e-03	4.677483e-03
88            	1.907488e-03	-1.396117e-20	3.277660e-03	-8.194150e-05	-3.040243e-03	4.768719e-05	8.718023e-04	1.035685e-03	4.768719e-05	-4.768719e-05	-1.401413e-03	4.679073e-03
89            	1.907591e-03	-1.396657e-20	3.278283e-03	-8.195709e-05	-3.041421e-03	4.768979e-05	8.718387e-04	1.035753e-03	4.768979e-05	-4.768979e-05	-1.402279e-03	4.680563e-03
90            	1.907687e-03	-1.397153e-20	3.278862e-03	-8.197155e-05	-3.042515e-03	4.769216e-05	8.718717e-04	1.035815e-03	4.769216e-05	-4.769216e-05	-1.403084e-03	4.681946e-03
91            	1.907773e-03	-1.397607e-20	3.279393e-03	-8.198483e-05	-3.043519e-03	4.769431e-05	8.719014e-04	1.035871e-03	4.769431e-05	-4.769431e-05	-1.403823e-03	4.683216e-03
92            	1.907850e-03	-1.398023e-20	3.279879e-03	-8.199697e-05	-3.044439e-03	4.769624e-05	8.719279e-04	1.035922e-03	4.769624e-05	-4.769624e-05	-1.404499e-03	4.684378e-03
93            	1.907918e-03	-1.398399e-20	3.280321e-03	-8.200802e-05	-3.045278e-03	4.769794e-05	8.719508e-04	1.035967e-03	4.769794e-05	-4.769794e-05	-1.405117e-03	4.685438e-03
94            	1.907979e-03	-1.398742e-20	3.280725e-03	-8.201813e-05	-3.046045e-03	4.769948e-05	8.719715e-04	1.036008e-03	4.769948e-05	-4.769948e-05	-1.405683e-03	4.686408e-03
95            	1.908036e-03	-1.399055e-20	3.281096e-03	-8.202740e-05	-3.046748e-03	4.770089e-05	8.719904e-04	1.036045e-03	4.770089e-05	-4.770089e-05	-1.406200e-03	4.687296e-03
96            	1.908087e-03	-1.399339e-20	3.281435e-03	-8.203587e-05	-3.047389e-03	4.770217e-05	8.720076e-04	1.036079e-03	4.770217e-05	-4.770217e-05	-1.406671e-03	4.688106e-03
97            	1.908133e-03	-1.399593e-20	3.281742e-03	-8.204356e-05	-3.047970e-03	4.770332e-05	8.720228e-04	1.036110e-03	4.770332e-05	-4.770332e-05	-1.407099e-03	4.688842e-03
98            	1.908173e-03	-1.399820e-20	3.282019e-03	-8.205048e-05	-3.048494e-03	4.770434e-05	8.720362e-04	1.036137e-03	4.770434e-05	-4.770434e-05	-1.407485e-03	4.689504e-03
99            	1.908209e-03	-1.400022e-20	3.282268e-03	-8.205669e-05	-3.048964e-03	4.770523e-05	8.720480e-04	1.036161e-03	4.770523e-05	-4.770523e-05	-1.407830e-03	4.690098e-03
100           	1.908241e-03	-1.400200e-20	3.282489e-03	-8.206223e-05	-3.049383e-03	4.770602e-05	8.720582e-04	1.036183e-03	4.770602e-05	-4.770602e-05	-1.408138e-03	4.690627e-03
101           	1.908268e-03	-1.400356e-20	3.282686e-03	-8.206715e-05	-3.049755e-03	4.770671e-05	8.720670e-04	1.036201e-03	4.770671e-05	-4.770671e-05	-1.408412e-03	4.691097e-03
102           	1.908292e-03	-1.400493e-20	3.282861e-03	-8.207151e-05	-3.050084e-03	4.770730e-05	8.720746e-04	1.036218e-03	4.770730e-05	-4.770730e-05	-1.408654e-03	4.691515e-03
103           	1.908313e-03	-1.400612e-20	3.283015e-03	-8.207537e-05	-3.050376e-03	4.770782e-05	8.720810e-04	1.036232e-03	4.770782e-05	-4.770782e-05	-1.408868e-03	4.691883e-03
104           	1.908330e-03	-1.400715e-20	3.283150e-03	-8.207876e-05	-3.050631e-03	4.770826e-05	8.720864e-04	1.036244e-03	4.770826e-05	-4.770826e-05	-1.409056e-03	4.692207e-03
105           	1.908345e-03	-1.400803e-20	3.283269e-03	-8.208172e-05	-3.050855e-03	4.770863e-05	8.720908e-04	1.036254e-03	4.770863e-05	-4.770863e-05	-1.409221e-03	4.692489e-03
106           	1.908357e-03	-1.400878e-20	3.283371e-03	-8.208428e-05	-3.051049e-03	4.770894e-05	8.720944e-04	1.036263e-03	4.770894e-05	-4.770894e-05	-1.409363e-03	4.692734e-03
107           	1.908367e-03	-1.400940e-20	3.283459e-03	-8.208648e-05	-3.051215e-03	4.770919e-05	8.720973e-04	1.036270e-03	4.770919e-05	-4.770919e-05	-1.409485e-03	4.692945e-03
108           	1.908376e-03	-1.400992e-20	3.283534e-03	-8.208836e-05	-3.051356e-03	4.770939e-05	8.720994e-04	1.036276e-03	4.770939e-05	-4.770939e-05	-1.409589e-03	4.693123e-03
109           	1.908382e-03	-1.401034e-20	3.283597e-03	-8.208993e-05	-3.051475e-03	4.770955e-05	8.721010e-04	1.036281e-03	4.770955e-05	-4.770955e-05	-1.409676e-03	4.693273e-03
110           	1.908386e-03	-1.401067e-20	3.283649e-03	-8.209123e-05	-3.051573e-03	4.770966e-05	8.721020e-04	1.036284e-03	4.770966e-05	-4.770966e-05	-1.409749e-03	4.693398e-03
111           	1.908390e-03	-1.401092e-20	3.283692e-03	-8.209229e-05	-3.051653e-03	4.770974e-05	8.721025e-04	1.036287e-03	4.770974e-05	-4.770974e-05	-1.409807e-03	4.693499e-03
112           	1.908392e-03	-1.401110e-20	3.283725e-03	-8.209313e-05	-3.051717e-03	4.770979e-05	8.721027e-04	1.036289e-03	4.770979e-05	-4.770979e-05	-1.409854e-03	4.693580e-03
113           	1.908392e-03	-1.401121e-20	3.283752e-03	-8.209379e-05	-3.051767e-03	4.770981e-05	8.721024e-04	1.036290e-03	4.770981e-05	-4.770981e-05	-1.409891e-03	4.693642e-03
114           	1.908392e-03	-1.401127e-20	3.283771e-03	-8.209427e-05	-3.051803e-03	4.770981e-05	8.721019e-04	1.036290e-03	4.770981e-05	-4.770981e-05	-1.409918e-03	4.693688e-03
115           	1.908391e-03	-1.401127e-20	3.283784e-03	-8.209460e-05	-3.051828e-03	4.770979e-05	8.721011e-04	1.036290e-03	4.770979e-05	-4.770979e-05	-1.409936e-03	4.693720e-03
116           	1.908390e-03	-1.401124e-20	3.283792e-03	-8.209480e-05	-3.051843e-03	4.770975e-05	8.721002e-04	1.036290e-03	4.770975e-05	-4.770975e-05	-1.409947e-03	4.693739e-03
117           	1.908388e-03	-1.401116e-20	3.283796e-03	-8.209489e-05	-3.051850e-03	4.770970e-05	8.720990e-04	1.036289e-03	4.770970e-05	-4.770970e-05	-1.409952e-03	4.693748e-03
118           	1.908385e-03	-1.401106e-20	3.283795e-03	-8.209488e-05	-3.051849e-03	4.770963e-05	8.720978e-04	1.036288e-03	4.770963e-05	-4.770963e-05	-1.409951e-03	4.693746e-03
119           	1.908382e-03	-1.401094e-20	3.283791e-03	-8.209478e-05	-3.051841e-03	4.770956e-05	8.720964e-04	1.036286e-03	4.770956e-05	-4.770956e-05	-1.409946e-03	4.693737e-03
120           	1.908379e-03	-1.401079e-20	3.283784e-03	-8.209461e-05	-3.051829e-03	4.770948e-05	8.720950e-04	1.036284e-03	4.770948e-05	-4.770948e-05	-1.409936e-03	4.693721e-03
121           	1.908376e-03	-1.401062e-20	3.283776e-03	-8.209439e-05	-3.051811e-03	4.770939e-05	8.720935e-04	1.036282e-03	4.770939e-05	-4.770939e-05	-1.409924e-03	4.693699e-03
122           	1.908372e-03	-1.401045e-20	3.283764e-03	-8.209411e-05	-3.051790e-03	4.770930e-05	8.720920e-04	1.036280e-03	4.770930e-05	-4.770930e-05	-1.409908e-03	4.693672e-03
123           	1.908368e-03	-1.401026e-20	3.283751e-03	-8.209379e-05	-3.051766e-03	4.770921e-05	8.720904e-04	1.036278e-03	4.770921e-05	-4.770921e-05	-1.409890e-03	4.693642e-03
124           	1.908364e-03	-1.401007e-20	3.283737e-03	-8.209343e-05	-3.051739e-03	4.770911e-05	8.720888e-04	1.036276e-03	4.770911e-05	-4.770911e-05	-1.409870e-03	4.693607e-03
125           	1.908360e-03	-1.400987e-20	3.283722e-03	-8.209304e-05	-3.051710e-03	4.770901e-05	8.720872e-04	1.036273e-03	4.770901e-05	-4.770901e-05	-1.409849e-03	4.693571e-03
126           	1.908356e-03	-1.400966e-20	3.283705e-03	-8.209263e-05	-3.051679e-03	4.770891e-05	8.720855e-04	1.036271e-03	4.770891e-05	-4.770891e-05	-1.409826e-03	4.693532e-03
127           	1.908352e-03	-1.400946e-20	3.283688e-03	-8.209221e-05	-3.051647e-03	4.770880e-05	8.720839e-04	1.036268e-03	4.770880e-05	-4.770880e-05	-1.409803e-03	4.693491e-03
128           	1.908348e-03	-1.400926e-20	3.283671e-03	-8.209176e-05	-3.051614e-03	4.770870e-05	8.720822e-04	1.036266e-03	4.770870e-05	-4.770870e-05	-1.409778e-03	4.693449e-03
129           	1.908344e-03	-1.400905e-20	3.283652e-03	-8.209131e-05	-3.051580e-03	4.770860e-05	8.720806e-04	1.036263e-03	4.770860e-05	-4.770860e-05	-1.409754e-03	4.693406e-03
130           	1.908340e-03	-1.400885e-20	3.283634e-03	-8.209085e-05	-3.051545e-03	4.770849e-05	8.720790e-04	1.036261e-03	4.770849e-05	-4.770849e-05	-1.409728e-03	4.693362e-03
131           	1.908336e-03	-1.400866e-20	3.283615e-03	-8.209038e-05	-3.051511e-03	4.770839e-05	8.720774e-04	1.036258e-03	4.770839e-05	-4.770839e-05	-1.409703e-03	4.693319e-03
132           	1.908332e-03	-1.400847e-20	3.283597e-03	-8.208992e-05	-3.051476e-03	4.770829e-05	8.720759e-04	1.036256e-03	4.770829e-05	-4.770829e-05	-1.409678e-03	4.693275e-03
133           	1.908328e-03	-1.400829e-20	3.283579e-03	-8.208947e-05	-3.051443e-03	4.770820e-05	8.720745e-04	1.036253e-03	4.770820e-05	-4.770820e-05	-1.409653e-03	4.693232e-03
134           	1.908324e-03	-1.400811e-20	3.283561e-03	-8.208902e-05	-3.051409e-03	4.770811e-05	8.720731e-04	1.036251e-03	4.770811e-05	-4.770811e-05	-1.409629e-03	4.693190e-03
135           	1.908321e-03	-1.400795e-20	3.283544e-03	-8.208860e-05	-3.051377e-03	4.770802e-05	8.720718e-04	1.036249e-03	4.770802e-05	-4.770802e-05	-1.409605e-03	4.693149e-03
136           	1.908317e-03	-1.400779e-20	3.283527e-03	-8.208817e-05	-3.051345e-03	4.770794e-05	8.720706e-04	1.036247e-03	4.770794e-05	-4.770794e-05	-1.409582e-03	4.693108e-03
137           	1.908314e-03	-1.400764e-20	3.283510e-03	-8.208775e-05	-3.051314e-03	4.770786e-05	8.720694e-04	1.036245e-03	4.770786e-05	-4.770786e-05	-1.409559e-03	4.693069e-03
138           	1.908311e-03	-1.400749e-20	3.283494e-03	-8.208736e-05	-3.051285e-03	4.770778e-05	8.720683e-04	1.036243e-03	4.770778e-05	-4.770778e-05	-1.409537e-03	4.693032e-03
139           	1.908309e-03	-1.400737e-20	3.283479e-03	-8.208698e-05	-3.051256e-03	4.770771e-05	8.720673e-04	1.036241e-03	4.770771e-05	-4.770771e-05	-1.409517e-03	4.692996e-03
140           	1.908306e-03	-1.400724e-20	3.283465e-03	-8.208663e-05	-3.051229e-03	4.770765e-05	8.720664e-04	1.036240e-03	4.770765e-05	-4.770765e-05	-1.409497e-03	4.692962e-03
141           	1.908304e-03	-1.400713e-20	3.283452e-03	-8.208629e-05	-3.051204e-03	4.770759e-05	8.720656e-04	1.036238e-03	4.770759e-05	-4.770759e-05	-1.409478e-03	4.692930e-03
142           	1.908302e-03	-1.400701e-20	3.283439e-03	-8.208598e-05	-3.051180e-03	4.770754e-05	8.720648e-04	1.036237e-03	4.770754e-05	-4.770754e-05	-1.409460e-03	4.692899e-03
143           	1.908300e-03	-1.400691e-20	3.283427e-03	-8.208567e-05	-3.051157e-03	4.770749e-05	8.720641e-04	1.036235e-03	4.770749e-05	-4.770749e-05	-1.409443e-03	4.692870e-03
144           	1.908298e-03	-1.400681e-20	3.283416e-03	-8.208540e-05	-3.051136e-03	4.770744e-05	8.720635e-04	1.036234e-03	4.770744e-05	-4.770744e-05	-1.409428e-03	4.692844e-03
145           	1.908296e-03	-1.400672e-20	3.283406e-03	-8.208514e-05	-3.051117e-03	4.770740e-05	8.720629e-04	1.036233e-03	4.770740e-05	-4.770740e-05	-1.409414e-03	4.692819e-03
146           	1.908295e-03	-1.400664e-20	3.283396e-03	-8.208491e-05	-3.051099e-03	4.770737e-05	8.720624e-04	1.036232e-03	4.770737e-05	-4.770737e-05	-1.409400e-03	4.692797e-03
147           	1.908293e-03	-1.400656e-20	3.283388e-03	-8.208469e-05	-3.051082e-03	4.770733e-05	8.720619e-04	1.036231e-03	4.770733e-05	-4.770733e-05	-1.409388e-03	4.692776e-03
148           	1.908292e-03	-1.400649e-20	3.283379e-03	-8.208448e-05	-3.051067e-03	4.770730e-05	8.720615e-04	1.036230e-03	4.770730e-05	-4.770730e-05	-1.409377e-03	4.692756e-03
149           	1.908291e-03	-1.400642e-20	3.283372e-03	-8.208430e-05	-3.051052e-03	4.770727e-05	8.720611e-04	1.036230e-03	4.770727e-05	-4.770727e-05	-1.409366e-03	4.692738e-03
150           	1.908290e-03	-1.400636e-20	3.283365e-03	-8.208412e-05	-3.051039e-03	4.770724e-05	8.720607e-04	1.036229e-03	4.770724e-05	-4.770724e-05	-1.409357e-03	4.692722e-03
151           	1.908289e-03	-1.400630e-20	3.283359e-03	-8.208397e-05	-3.051027e-03	4.770722e-05	8.720604e-04	1.036228e-03	4.770722e-05	-4.770722e-05	-1.409348e-03	4.692707e-03
152           	1.908288e-03	-1.400625e-20	3.283353e-03	-8.208382e-05	-3.051016e-03	4.770720e-05	8.720601e-04	1.036228e-03	4.770720e-05	-4.770720e-05	-1.409340e-03	4.692693e-03
153           	1.908287e-03	-1.400620e-20	3.283348e-03	-8.208369e-05	-3.051007e-03	4.770718e-05	8.720598e-04	1.036227e-03	4.770718e-05	-4.770718e-05	-1.409333e-03	4.692681e-03
154           	1.908286e-03	-1.400616e-20	3.283343e-03	-8.208358e-05	-3.050998e-03	4.770716e-05	8.720596e-04	1.036227e-03	4.770716e-05	-4.770716e-05	-1.409326e-03	4.692669e-03
155           	1.908286e-03	-1.400613e-20	3.283339e-03	-8.208347e-05	-3.050990e-03	4.770714e-05	8.720594e-04	1.036226e-03	4.770714e-05	-4.770714e-05	-1.409320e-03	4.692659e-03
156           	1.908285e-03	-1.400610e-20	3.283335e-03	-8.208338e-05	-3.050983e-03	4.770713e-05	8.720593e-04	1.036226e-03	4.770713e-05	-4.770713e-05	-1.409315e-03	4.692650e-03
157           	1.908285e-03	-1.400607e-20	3.283332e-03	-8.208330e-05	-3.050977e-03	4.770712e-05	8.720591e-04	1.036226e-03	4.770712e-05	-4.770712e-05	-1.409311e-03	4.692642e-03
158           	1.908284e-03	-1.400604e-20	3.283329e-03	-8.208322e-05	-3.050971e-03	4.770711e-05	8.720590e-04	1.036225e-03	4.770711e-05	-4.770711e-05	-1.409306e-03	4.692635e-03
159           	1.908284e-03	-1.400602e-20	3.283326e-03	-8.208316e-05	-3.050966e-03	4.770710e-05	8.720589e-04	1.036225e-03	4.770710e-05	-4.770710e-05	-1.409303e-03	4.692629e-03
160           	1.908284e-03	-1.400600e-20	3.283324e-03	-8.208310e-05	-3.050961e-03	4.770709e-05	8.720588e-04	1.036225e-03	4.770709e-05	-4.770709e-05	-1.409300e-03	4.692623e-03
161           	1.908283e-03	-1.400599e-20	3.283322e-03	-8.208305e-05	-3.050958e-03	4.770709e-05	8.720587e-04	1.036225e-03	4.770709e-05	-4.770709e-05	-1.409297e-03	4.692619e-03
162           	1.908283e-03	-1.400598e-20	3.283320e-03	-8.208300e-05	-3.050954e-03	4.770708e-05	8.720586e-04	1.036225e-03	4.770708e-05	-4.770708e-05	-1.409294e-03	4.692614e-03
163           	1.908283e-03	-1.400596e-20	3.283319e-03	-8.208297e-05	-3.050951e-03	4.770708e-05	8.720586e-04	1.036225e-03	4.770708e-05	-4.770708e-05	-1.409292e-03	4.692611e-03
164           	1.908283e-03	-1.400595e-20	3.283317e-03	-8.208293e-05	-3.050949e-03	4.770707e-05	8.720585e-04	1.036224e-03	4.770707e-05	-4.770707e-05	-1.409290e-03	4.692607e-03
165           	1.908283e-03	-1.400595e-20	3.283316e-03	-8.208290e-05	-3.050947e-03	4.770707e-05	8.720585e-04	1.036224e-03	4.770707e-05	-4.770707e-05	-1.409289e-03	4.692605e-03
166           	1.908283e-03	-1.400594e-20	3.283315e-03	-8.208288e-05	-3.050945e-03	4.770707e-05	8.720585e-04	1.036224e-03	4.770707e-05	-4.770707e-05	-1.409287e-03	4.692602e-03
167           	1.908283e-03	-1.400594e-20	3.283314e-03	-8.208286e-05	-3.050943e-03	4.770707e-05	8.720585e-04	1.036224e-03	4.770707e-05	-4.770707e-05	-1.409286e-03	4.692601e-03
168           	1.908283e-03	-1.400593e-20	3.283314e-03	-8.208285e-05	-3.050942e-03	4.770707e-05	8.720585e-04	1.036224e-03	4.770707e-05	-4.770707e-05	-1.409285e-03	4.692599e-03
169           	1.908283e-03	-1.400593e-20	3.283313e-03	-8.208283e-05	-3.050941e-03	4.770707e-05	8.720585e-04	1.036224e-03	4.770707e-05	-4.770707e-05	-1.409284e-03	4.692598e-03
170           	1.908283e-03	-1.400593e-20	3.283313e-03	-8.208283e-05	-3.050941e-03	4.770707e-05	8.720585e-04	1.036224e-03	4.770707e-05	-4.770707e-05	-1.409284e-03	4.692597e-03
