# Force coefficients
# dragDir     : (1.000000e+00 0.000000e+00 0.000000e+00)
# sideDir     : (0.000000e+00 0.000000e+00 -1.000000e+00)
# liftDir     : (0.000000e+00 1.000000e+00 0.000000e+00)
# rollAxis    : (1.000000e+00 0.000000e+00 0.000000e+00)
# pitchAxis   : (0.000000e+00 0.000000e+00 -1.000000e+00)
# yawAxis     : (0.000000e+00 1.000000e+00 0.000000e+00)
# magUInf     : 6.000000e-02
# lRef        : 1.000000e-01
# Aref        : 1.000000e-01
# CofR        : (0.000000e+00 0.000000e+00 0.000000e+00)
#
# Time        	Cd            	Cs            	Cl            	CmRoll        	CmPitch       	CmYaw         	Cd(f)         	Cd(r)         	Cs(f)         	Cs(r)         	Cl(f)         	Cl(r)         
1             	4.621682e-04	7.403156e-20	-1.286214e-03	3.215535e-05	3.427976e-03	1.155421e-05	2.632395e-04	1.989288e-04	1.155421e-05	-1.155421e-05	2.784869e-03	-4.071083e-03
2             	2.139050e-03	1.070351e-19	-4.413657e-03	1.103414e-04	1.246708e-02	5.347626e-05	1.179867e-03	9.591838e-04	5.347626e-05	-5.347626e-05	1.026025e-02	-1.467391e-02
3             	1.855981e-03	6.115594e-21	-2.363187e-03	5.907967e-05	7.784498e-03	4.639952e-05	9.870701e-04	8.689107e-04	4.639952e-05	-4.639952e-05	6.602905e-03	-8.966092e-03
4             	1.495773e-03	-1.824647e-20	-1.152588e-03	2.881471e-05	4.650654e-03	3.739433e-05	7.767013e-04	7.190719e-04	3.739433e-05	-3.739433e-05	4.074360e-03	-5.226949e-03
5             	1.268751e-03	-1.839653e-20	-8.342375e-04	2.085594e-05	3.578146e-03	3.171877e-05	6.552313e-04	6.135195e-04	3.171877e-05	-3.171877e-05	3.161027e-03	-3.995265e-03
6             	1.211841e-03	-8.347079e-21	-1.337083e-03	3.342707e-05	4.493113e-03	3.029602e-05	6.393475e-04	5.724934e-04	3.029602e-05	-3.029602e-05	3.824571e-03	-5.161654e-03
7             	1.213697e-03	1.436718e-20	-1.691502e-03	4.228756e-05	5.225607e-03	3.034242e-05	6.491361e-04	5.645609e-04	3.034242e-05	-3.034242e-05	4.379856e-03	-6.071359e-03
8             	1.347599e-03	2.570841e-20	-2.153471e-03	5.383678e-05	6.384603e-03	3.368998e-05	7.276365e-04	6.199629e-04	3.368998e-05	-3.368998e-05	5.307867e-03	-7.461338e-03
9             	1.449424e-03	3.622413e-20	-2.336537e-03	5.841343e-05	6.904452e-03	3.623559e-05	7.831252e-04	6.662983e-04	3.623559e-05	-3.623559e-05	5.736183e-03	-8.072720e-03
10            	1.498436e-03	3.341827e-20	-2.406725e-03	6.016813e-05	7.079343e-03	3.746091e-05	8.093864e-04	6.890501e-04	3.746091e-05	-3.746091e-05	5.875981e-03	-8.282706e-03
11            	1.531515e-03	3.638000e-20	-2.521191e-03	6.302976e-05	7.324211e-03	3.828788e-05	8.287873e-04	7.027277e-04	3.828788e-05	-3.828788e-05	6.063615e-03	-8.584806e-03
12            	1.541956e-03	3.178483e-20	-2.564976e-03	6.412439e-05	7.396503e-03	3.854890e-05	8.351024e-04	7.068536e-04	3.854890e-05	-3.854890e-05	6.114016e-03	-8.678991e-03
13            	1.533436e-03	3.186973e-20	-2.593118e-03	6.482795e-05	7.408993e-03	3.833591e-05	8.315462e-04	7.018903e-04	3.833591e-05	-3.833591e-05	6.112434e-03	-8.705552e-03
14            	1.531382e-03	3.134568e-20	-2.668011e-03	6.670028e-05	7.535751e-03	3.828454e-05	8.323911e-04	6.989905e-04	3.828454e-05	-3.828454e-05	6.201745e-03	-8.869757e-03
15            	1.527773e-03	3.141826e-20	-2.730361e-03	6.825902e-05	7.641187e-03	3.819431e-05	8.321453e-04	6.956272e-04	3.819431e-05	-3.819431e-05	6.276006e-03	-9.006367e-03
16            	1.522244e-03	3.181933e-20	-2.776874e-03	6.942186e-05	7.714484e-03	3.805610e-05	8.305439e-04	6.917002e-04	3.805610e-05	-3.805610e-05	6.326047e-03	-9.102921e-03
17            	1.513656e-03	3.241103e-20	-2.803637e-03	7.009092e-05	7.744628e-03	3.784139e-05	8.269187e-04	6.867369e-04	3.784139e-05	-3.784139e-05	6.342809e-03	-9.146446e-03
18            	1.502752e-03	3.280976e-20	-2.817009e-03	7.042522e-05	7.744848e-03	3.756879e-05	8.218010e-04	6.809506e-04	3.756879e-05	-3.756879e-05	6.336344e-03	-9.153353e-03
19            	1.491065e-03	3.298187e-20	-2.824522e-03	7.061304e-05	7.733151e-03	3.727664e-05	8.161458e-04	6.749197e-04	3.727664e-05	-3.727664e-05	6.320891e-03	-9.145412e-03
20            	1.478155e-03	3.300864e-20	-2.824442e-03	7.061106e-05	7.704471e-03	3.695387e-05	8.096884e-04	6.684663e-04	3.695387e-05	-3.695387e-05	6.292250e-03	-9.116693e-03
21            	1.464979e-03	3.283897e-20	-2.821911e-03	7.054778e-05	7.671327e-03	3.662448e-05	8.030374e-04	6.619419e-04	3.662448e-05	-3.662448e-05	6.260371e-03	-9.082283e-03
22            	1.451802e-03	3.268999e-20	-2.818284e-03	7.045711e-05	7.637190e-03	3.629506e-05	7.963583e-04	6.554441e-04	3.629506e-05	-3.629506e-05	6.228048e-03	-9.046332e-03
23            	1.439357e-03	3.256102e-20	-2.815486e-03	7.038715e-05	7.607488e-03	3.598393e-05	7.900658e-04	6.492915e-04	3.598393e-05	-3.598393e-05	6.199745e-03	-9.015231e-03
24            	1.428168e-03	3.237426e-20	-2.813048e-03	7.032620e-05	7.581978e-03	3.570421e-05	7.844104e-04	6.437580e-04	3.570421e-05	-3.570421e-05	6.175454e-03	-8.988502e-03
25            	1.417475e-03	3.209406e-20	-2.807395e-03	7.018488e-05	7.551758e-03	3.543688e-05	7.789225e-04	6.385527e-04	3.543688e-05	-3.543688e-05	6.148060e-03	-8.955455e-03
26            	1.408604e-03	3.180522e-20	-2.799523e-03	6.998807e-05	7.521269e-03	3.521510e-05	7.742901e-04	6.343140e-04	3.521510e-05	-3.521510e-05	6.121507e-03	-8.921030e-03
27            	1.399387e-03	3.151143e-20	-2.787661e-03	6.969153e-05	7.482837e-03	3.498468e-05	7.693850e-04	6.300020e-04	3.498468e-05	-3.498468e-05	6.089006e-03	-8.876668e-03
28            	1.390451e-03	3.126220e-20	-2.773243e-03	6.933106e-05	7.440275e-03	3.476128e-05	7.645567e-04	6.258946e-04	3.476128e-05	-3.476128e-05	6.053654e-03	-8.826896e-03
29            	1.382210e-03	3.101504e-20	-2.756855e-03	6.892137e-05	7.395500e-03	3.455525e-05	7.600263e-04	6.221836e-04	3.455525e-05	-3.455525e-05	6.017073e-03	-8.773927e-03
30            	1.374603e-03	3.076174e-20	-2.738440e-03	6.846100e-05	7.348178e-03	3.436507e-05	7.557624e-04	6.188404e-04	3.436507e-05	-3.436507e-05	5.978958e-03	-8.717398e-03
31            	1.367437e-03	3.048648e-20	-2.717578e-03	6.793944e-05	7.296926e-03	3.418593e-05	7.516581e-04	6.157792e-04	3.418593e-05	-3.418593e-05	5.938137e-03	-8.655715e-03
32            	1.360367e-03	3.021484e-20	-2.694741e-03	6.736853e-05	7.241969e-03	3.400918e-05	7.475522e-04	6.128151e-04	3.400918e-05	-3.400918e-05	5.894598e-03	-8.589339e-03
33            	1.353522e-03	2.994387e-20	-2.671259e-03	6.678148e-05	7.186271e-03	3.383806e-05	7.435426e-04	6.099796e-04	3.383806e-05	-3.383806e-05	5.850641e-03	-8.521900e-03
34            	1.347066e-03	2.967065e-20	-2.647672e-03	6.619180e-05	7.131281e-03	3.367665e-05	7.397248e-04	6.073412e-04	3.367665e-05	-3.367665e-05	5.807445e-03	-8.455117e-03
35            	1.341126e-03	2.940485e-20	-2.624385e-03	6.560963e-05	7.078029e-03	3.352814e-05	7.361725e-04	6.049533e-04	3.352814e-05	-3.352814e-05	5.765836e-03	-8.390221e-03
36            	1.335815e-03	2.915093e-20	-2.601737e-03	6.504341e-05	7.027347e-03	3.339536e-05	7.329507e-04	6.028638e-04	3.339536e-05	-3.339536e-05	5.726479e-03	-8.328215e-03
37            	1.330939e-03	2.892382e-20	-2.579137e-03	6.447842e-05	6.977590e-03	3.327347e-05	7.299477e-04	6.009909e-04	3.327347e-05	-3.327347e-05	5.688021e-03	-8.267158e-03
38            	1.326423e-03	2.867137e-20	-2.556844e-03	6.392109e-05	6.929086e-03	3.316057e-05	7.271324e-04	5.992902e-04	3.316057e-05	-3.316057e-05	5.650664e-03	-8.207508e-03
39            	1.322414e-03	2.846447e-20	-2.535115e-03	6.337788e-05	6.882604e-03	3.306035e-05	7.245850e-04	5.978292e-04	3.306035e-05	-3.306035e-05	5.615047e-03	-8.150162e-03
40            	1.318595e-03	2.823210e-20	-2.513439e-03	6.283598e-05	6.836433e-03	3.296486e-05	7.221332e-04	5.964613e-04	3.296486e-05	-3.296486e-05	5.579713e-03	-8.093153e-03
41            	1.315260e-03	2.804133e-20	-2.493081e-03	6.232703e-05	6.793632e-03	3.288150e-05	7.199570e-04	5.953029e-04	3.288150e-05	-3.288150e-05	5.547091e-03	-8.040172e-03
42            	1.312241e-03	2.784265e-20	-2.473271e-03	6.183178e-05	6.752393e-03	3.280603e-05	7.179524e-04	5.942889e-04	3.280603e-05	-3.280603e-05	5.515758e-03	-7.989029e-03
43            	1.309481e-03	2.765130e-20	-2.454062e-03	6.135155e-05	6.712646e-03	3.273702e-05	7.160920e-04	5.933890e-04	3.273702e-05	-3.273702e-05	5.485615e-03	-7.939677e-03
44            	1.306910e-03	2.745659e-20	-2.435429e-03	6.088572e-05	6.674271e-03	3.267276e-05	7.143408e-04	5.925694e-04	3.267276e-05	-3.267276e-05	5.456556e-03	-7.891985e-03
45            	1.304742e-03	2.729293e-20	-2.418420e-03	6.046051e-05	6.639695e-03	3.261856e-05	7.128317e-04	5.919107e-04	3.261856e-05	-3.261856e-05	5.430485e-03	-7.848905e-03
46            	1.302883e-03	2.713017e-20	-2.402572e-03	6.006429e-05	6.607885e-03	3.257209e-05	7.115060e-04	5.913774e-04	3.257209e-05	-3.257209e-05	5.406599e-03	-7.809171e-03
47            	1.301271e-03	2.697697e-20	-2.387621e-03	5.969053e-05	6.578156e-03	3.253178e-05	7.103262e-04	5.909451e-04	3.253178e-05	-3.253178e-05	5.384346e-03	-7.771967e-03
48            	1.299885e-03	2.683432e-20	-2.373714e-03	5.934284e-05	6.550758e-03	3.249713e-05	7.092854e-04	5.905997e-04	3.249713e-05	-3.249713e-05	5.363901e-03	-7.737615e-03
49            	1.298703e-03	2.670198e-20	-2.360780e-03	5.901951e-05	6.525515e-03	3.246756e-05	7.083708e-04	5.903318e-04	3.246756e-05	-3.246756e-05	5.345125e-03	-7.705905e-03
50            	1.297709e-03	2.657881e-20	-2.348830e-03	5.872076e-05	6.502411e-03	3.244273e-05	7.075753e-04	5.901338e-04	3.244273e-05	-3.244273e-05	5.327996e-03	-7.676826e-03
51            	1.296878e-03	2.646494e-20	-2.337788e-03	5.844470e-05	6.481249e-03	3.242196e-05	7.068838e-04	5.899944e-04	3.242196e-05	-3.242196e-05	5.312355e-03	-7.650143e-03
52            	1.296244e-03	2.636086e-20	-2.327859e-03	5.819647e-05	6.462504e-03	3.240611e-05	7.063187e-04	5.899257e-04	3.240611e-05	-3.240611e-05	5.298574e-03	-7.626433e-03
53            	1.295669e-03	2.626206e-20	-2.318566e-03	5.796414e-05	6.444984e-03	3.239172e-05	7.057986e-04	5.898703e-04	3.239172e-05	-3.239172e-05	5.285701e-03	-7.604267e-03
54            	1.295282e-03	2.617350e-20	-2.310340e-03	5.775851e-05	6.429760e-03	3.238206e-05	7.053996e-04	5.898826e-04	3.238206e-05	-3.238206e-05	5.274589e-03	-7.584930e-03
55            	1.294952e-03	2.609093e-20	-2.302683e-03	5.756708e-05	6.415641e-03	3.237379e-05	7.050429e-04	5.899087e-04	3.237379e-05	-3.237379e-05	5.264300e-03	-7.566983e-03
56            	1.294767e-03	2.601724e-20	-2.295998e-03	5.739996e-05	6.403558e-03	3.236916e-05	7.047832e-04	5.899833e-04	3.236916e-05	-3.236916e-05	5.255559e-03	-7.551557e-03
57            	1.294614e-03	2.594917e-20	-2.289849e-03	5.724622e-05	6.392486e-03	3.236536e-05	7.045535e-04	5.900610e-04	3.236536e-05	-3.236536e-05	5.247562e-03	-7.537410e-03
58            	1.294582e-03	2.588883e-20	-2.284584e-03	5.711461e-05	6.383243e-03	3.236454e-05	7.044054e-04	5.901762e-04	3.236454e-05	-3.236454e-05	5.240951e-03	-7.525536e-03
59            	1.294621e-03	2.583504e-20	-2.279988e-03	5.699970e-05	6.375359e-03	3.236552e-05	7.043101e-04	5.903107e-04	3.236552e-05	-3.236552e-05	5.235365e-03	-7.515353e-03
60            	1.294712e-03	2.578665e-20	-2.275998e-03	5.689996e-05	6.368655e-03	3.236779e-05	7.042558e-04	5.904558e-04	3.236779e-05	-3.236779e-05	5.230656e-03	-7.506655e-03
61            	1.294851e-03	2.574416e-20	-2.272553e-03	5.681382e-05	6.363008e-03	3.237128e-05	7.042394e-04	5.906118e-04	3.237128e-05	-3.237128e-05	5.226732e-03	-7.499285e-03
62            	1.295037e-03	2.571510e-20	-2.269664e-03	5.674161e-05	6.358448e-03	3.237593e-05	7.042602e-04	5.907770e-04	3.237593e-05	-3.237593e-05	5.223616e-03	-7.493281e-03
63            	1.295443e-03	2.567491e-20	-2.267413e-03	5.668534e-05	6.355477e-03	3.238608e-05	7.044069e-04	5.910362e-04	3.238608e-05	-3.238608e-05	5.221770e-03	-7.489184e-03
64            	1.295807e-03	2.564664e-20	-2.265451e-03	5.663627e-05	6.352891e-03	3.239518e-05	7.045398e-04	5.912673e-04	3.239518e-05	-3.239518e-05	5.220165e-03	-7.485616e-03
65            	1.296188e-03	2.562235e-20	-2.263936e-03	5.659841e-05	6.351127e-03	3.240469e-05	7.046922e-04	5.914954e-04	3.240469e-05	-3.240469e-05	5.219159e-03	-7.483096e-03
66            	1.296598e-03	2.560215e-20	-2.262890e-03	5.657226e-05	6.350273e-03	3.241495e-05	7.048712e-04	5.917267e-04	3.241495e-05	-3.241495e-05	5.218828e-03	-7.481718e-03
67            	1.297035e-03	2.558572e-20	-2.262277e-03	5.655692e-05	6.350258e-03	3.242587e-05	7.050743e-04	5.919604e-04	3.242587e-05	-3.242587e-05	5.219119e-03	-7.481396e-03
68            	1.297492e-03	2.557292e-20	-2.262035e-03	5.655088e-05	6.350952e-03	3.243729e-05	7.052968e-04	5.921950e-04	3.243729e-05	-3.243729e-05	5.219934e-03	-7.481969e-03
69            	1.297954e-03	2.556338e-20	-2.262122e-03	5.655306e-05	6.352247e-03	3.244885e-05	7.055300e-04	5.924239e-04	3.244885e-05	-3.244885e-05	5.221186e-03	-7.483309e-03
70            	1.298408e-03	2.555680e-20	-2.262463e-03	5.656159e-05	6.353978e-03	3.246021e-05	7.057658e-04	5.926426e-04	3.246021e-05	-3.246021e-05	5.222747e-03	-7.485210e-03
71            	1.298811e-03	2.555291e-20	-2.262963e-03	5.657406e-05	6.355869e-03	3.247028e-05	7.059796e-04	5.928314e-04	3.247028e-05	-3.247028e-05	5.224387e-03	-7.487350e-03
72            	1.299218e-03	2.555124e-20	-2.263621e-03	5.659053e-05	6.358037e-03	3.248044e-05	7.061994e-04	5.930184e-04	3.248044e-05	-3.248044e-05	5.226227e-03	-7.489848e-03
73            	1.299603e-03	2.555119e-20	-2.264401e-03	5.661002e-05	6.360365e-03	3.249006e-05	7.064113e-04	5.931912e-04	3.249006e-05	-3.249006e-05	5.228164e-03	-7.492565e-03
74            	1.299961e-03	2.555258e-20	-2.265264e-03	5.663160e-05	6.362774e-03	3.249903e-05	7.066122e-04	5.933490e-04	3.249903e-05	-3.249903e-05	5.230142e-03	-7.495406e-03
75            	1.300293e-03	2.555505e-20	-2.266197e-03	5.665492e-05	6.365238e-03	3.250732e-05	7.068014e-04	5.934915e-04	3.250732e-05	-3.250732e-05	5.232139e-03	-7.498336e-03
76            	1.300598e-03	2.555888e-20	-2.267180e-03	5.667949e-05	6.367724e-03	3.251496e-05	7.069787e-04	5.936197e-04	3.251496e-05	-3.251496e-05	5.234134e-03	-7.501314e-03
77            	1.300873e-03	2.556380e-20	-2.268167e-03	5.670417e-05	6.370139e-03	3.252184e-05	7.071409e-04	5.937325e-04	3.252184e-05	-3.252184e-05	5.236056e-03	-7.504223e-03
78            	1.301117e-03	2.556968e-20	-2.269162e-03	5.672904e-05	6.372483e-03	3.252793e-05	7.072877e-04	5.938296e-04	3.252793e-05	-3.252793e-05	5.237902e-03	-7.507063e-03
79            	1.301366e-03	2.557474e-20	-2.270278e-03	5.675694e-05	6.375103e-03	3.253416e-05	7.074401e-04	5.939262e-04	3.253416e-05	-3.253416e-05	5.239964e-03	-7.510242e-03
80            	1.301600e-03	2.558093e-20	-2.271358e-03	5.678396e-05	6.377607e-03	3.253999e-05	7.075837e-04	5.940158e-04	3.253999e-05	-3.253999e-05	5.241928e-03	-7.513286e-03
81            	1.301814e-03	2.558695e-20	-2.272453e-03	5.681132e-05	6.380110e-03	3.254536e-05	7.077185e-04	5.940959e-04	3.254536e-05	-3.254536e-05	5.243883e-03	-7.516336e-03
82            	1.301980e-03	2.559469e-20	-2.273415e-03	5.683537e-05	6.382206e-03	3.254949e-05	7.078251e-04	5.941544e-04	3.254949e-05	-3.254949e-05	5.245498e-03	-7.518913e-03
83            	1.302125e-03	2.560183e-20	-2.274426e-03	5.686064e-05	6.384374e-03	3.255313e-05	7.079232e-04	5.942019e-04	3.255313e-05	-3.255313e-05	5.247161e-03	-7.521586e-03
84            	1.302261e-03	2.560902e-20	-2.275425e-03	5.688562e-05	6.386502e-03	3.255653e-05	7.080163e-04	5.942450e-04	3.255653e-05	-3.255653e-05	5.248790e-03	-7.524215e-03
85            	1.302389e-03	2.561796e-20	-2.276391e-03	5.690977e-05	6.388539e-03	3.255972e-05	7.081041e-04	5.942846e-04	3.255972e-05	-3.255972e-05	5.250343e-03	-7.526734e-03
86            	1.302508e-03	2.562551e-20	-2.277337e-03	5.693342e-05	6.390521e-03	3.256270e-05	7.081875e-04	5.943206e-04	3.256270e-05	-3.256270e-05	5.251852e-03	-7.529189e-03
87            	1.302622e-03	2.563271e-20	-2.278249e-03	5.695622e-05	6.392426e-03	3.256555e-05	7.082671e-04	5.943547e-04	3.256555e-05	-3.256555e-05	5.253302e-03	-7.531551e-03
88            	1.302725e-03	2.563987e-20	-2.279107e-03	5.697767e-05	6.394206e-03	3.256813e-05	7.083403e-04	5.943850e-04	3.256813e-05	-3.256813e-05	5.254653e-03	-7.533759e-03
89            	1.302812e-03	2.564683e-20	-2.279891e-03	5.699728e-05	6.395810e-03	3.257030e-05	7.084033e-04	5.944088e-04	3.257030e-05	-3.257030e-05	5.255864e-03	-7.535755e-03
90            	1.302880e-03	2.565316e-20	-2.280589e-03	5.701473e-05	6.397210e-03	3.257201e-05	7.084548e-04	5.944254e-04	3.257201e-05	-3.257201e-05	5.256915e-03	-7.537504e-03
91            	1.302937e-03	2.565845e-20	-2.281233e-03	5.703084e-05	6.398485e-03	3.257342e-05	7.084992e-04	5.944375e-04	3.257342e-05	-3.257342e-05	5.257868e-03	-7.539102e-03
92            	1.302987e-03	2.566437e-20	-2.281853e-03	5.704633e-05	6.399707e-03	3.257467e-05	7.085396e-04	5.944470e-04	3.257467e-05	-3.257467e-05	5.258781e-03	-7.540634e-03
93            	1.303019e-03	2.566997e-20	-2.282380e-03	5.705950e-05	6.400716e-03	3.257548e-05	7.085690e-04	5.944500e-04	3.257548e-05	-3.257548e-05	5.259526e-03	-7.541906e-03
94            	1.303041e-03	2.567518e-20	-2.282858e-03	5.707144e-05	6.401610e-03	3.257603e-05	7.085920e-04	5.944491e-04	3.257603e-05	-3.257603e-05	5.260181e-03	-7.543038e-03
95            	1.303056e-03	2.568016e-20	-2.283293e-03	5.708231e-05	6.402415e-03	3.257641e-05	7.086105e-04	5.944459e-04	3.257641e-05	-3.257641e-05	5.260768e-03	-7.544061e-03
96            	1.303065e-03	2.568485e-20	-2.283675e-03	5.709188e-05	6.403109e-03	3.257662e-05	7.086244e-04	5.944406e-04	3.257662e-05	-3.257662e-05	5.261271e-03	-7.544946e-03
97            	1.303067e-03	2.568923e-20	-2.284005e-03	5.710013e-05	6.403692e-03	3.257667e-05	7.086335e-04	5.944332e-04	3.257667e-05	-3.257667e-05	5.261689e-03	-7.545694e-03
98            	1.303062e-03	2.569328e-20	-2.284286e-03	5.710714e-05	6.404170e-03	3.257655e-05	7.086382e-04	5.944239e-04	3.257655e-05	-3.257655e-05	5.262027e-03	-7.546312e-03
99            	1.303052e-03	2.569701e-20	-2.284518e-03	5.711296e-05	6.404548e-03	3.257631e-05	7.086391e-04	5.944132e-04	3.257631e-05	-3.257631e-05	5.262289e-03	-7.546807e-03
100           	1.303038e-03	2.570042e-20	-2.284705e-03	5.711762e-05	6.404831e-03	3.257594e-05	7.086365e-04	5.944012e-04	3.257594e-05	-3.257594e-05	5.262478e-03	-7.547183e-03
101           	1.303019e-03	2.570311e-20	-2.284846e-03	5.712116e-05	6.405020e-03	3.257546e-05	7.086304e-04	5.943881e-04	3.257546e-05	-3.257546e-05	5.262597e-03	-7.547444e-03
102           	1.302995e-03	2.570583e-20	-2.284944e-03	5.712361e-05	6.405121e-03	3.257487e-05	7.086210e-04	5.943738e-04	3.257487e-05	-3.257487e-05	5.262648e-03	-7.547593e-03
103           	1.302968e-03	2.570827e-20	-2.285002e-03	5.712506e-05	6.405140e-03	3.257419e-05	7.086088e-04	5.943587e-04	3.257419e-05	-3.257419e-05	5.262639e-03	-7.547641e-03
104           	1.302938e-03	2.571045e-20	-2.285024e-03	5.712561e-05	6.405087e-03	3.257344e-05	7.085944e-04	5.943432e-04	3.257344e-05	-3.257344e-05	5.262575e-03	-7.547600e-03
105           	1.302906e-03	2.571241e-20	-2.285015e-03	5.712538e-05	6.404975e-03	3.257265e-05	7.085783e-04	5.943276e-04	3.257265e-05	-3.257265e-05	5.262467e-03	-7.547482e-03
106           	1.302873e-03	2.571409e-20	-2.284976e-03	5.712441e-05	6.404805e-03	3.257182e-05	7.085608e-04	5.943120e-04	3.257182e-05	-3.257182e-05	5.262317e-03	-7.547293e-03
107           	1.302839e-03	2.571588e-20	-2.284913e-03	5.712282e-05	6.404590e-03	3.257097e-05	7.085423e-04	5.942967e-04	3.257097e-05	-3.257097e-05	5.262133e-03	-7.547046e-03
108           	1.302805e-03	2.571669e-20	-2.284827e-03	5.712067e-05	6.404334e-03	3.257013e-05	7.085232e-04	5.942819e-04	3.257013e-05	-3.257013e-05	5.261920e-03	-7.546747e-03
109           	1.302771e-03	2.571809e-20	-2.284722e-03	5.711806e-05	6.404045e-03	3.256928e-05	7.085037e-04	5.942676e-04	3.256928e-05	-3.256928e-05	5.261683e-03	-7.546406e-03
110           	1.302739e-03	2.571850e-20	-2.284601e-03	5.711502e-05	6.403727e-03	3.256846e-05	7.084843e-04	5.942542e-04	3.256846e-05	-3.256846e-05	5.261427e-03	-7.546028e-03
111           	1.302707e-03	2.571959e-20	-2.284467e-03	5.711169e-05	6.403391e-03	3.256767e-05	7.084650e-04	5.942416e-04	3.256767e-05	-3.256767e-05	5.261157e-03	-7.545625e-03
112           	1.302677e-03	2.571965e-20	-2.284323e-03	5.710808e-05	6.403040e-03	3.256692e-05	7.084464e-04	5.942303e-04	3.256692e-05	-3.256692e-05	5.260878e-03	-7.545202e-03
113           	1.302649e-03	2.572051e-20	-2.284173e-03	5.710432e-05	6.402682e-03	3.256622e-05	7.084287e-04	5.942201e-04	3.256622e-05	-3.256622e-05	5.260596e-03	-7.544769e-03
114           	1.302624e-03	2.572078e-20	-2.284021e-03	5.710051e-05	6.402329e-03	3.256560e-05	7.084125e-04	5.942115e-04	3.256560e-05	-3.256560e-05	5.260319e-03	-7.544339e-03
115           	1.302600e-03	2.572055e-20	-2.283859e-03	5.709646e-05	6.401960e-03	3.256501e-05	7.083966e-04	5.942037e-04	3.256501e-05	-3.256501e-05	5.260031e-03	-7.543890e-03
116           	1.302579e-03	2.572112e-20	-2.283699e-03	5.709249e-05	6.401604e-03	3.256448e-05	7.083822e-04	5.941972e-04	3.256448e-05	-3.256448e-05	5.259754e-03	-7.543454e-03
117           	1.302560e-03	2.572071e-20	-2.283537e-03	5.708841e-05	6.401245e-03	3.256401e-05	7.083686e-04	5.941918e-04	3.256401e-05	-3.256401e-05	5.259477e-03	-7.543014e-03
118           	1.302544e-03	2.572114e-20	-2.283380e-03	5.708450e-05	6.400905e-03	3.256360e-05	7.083565e-04	5.941875e-04	3.256360e-05	-3.256360e-05	5.259215e-03	-7.542595e-03
119           	1.302531e-03	2.572112e-20	-2.283231e-03	5.708077e-05	6.400587e-03	3.256328e-05	7.083464e-04	5.941849e-04	3.256328e-05	-3.256328e-05	5.258972e-03	-7.542203e-03
120           	1.302522e-03	2.572107e-20	-2.283082e-03	5.707705e-05	6.400277e-03	3.256304e-05	7.083379e-04	5.941838e-04	3.256304e-05	-3.256304e-05	5.258736e-03	-7.541818e-03
121           	1.302511e-03	2.572056e-20	-2.282928e-03	5.707321e-05	6.399956e-03	3.256277e-05	7.083287e-04	5.941823e-04	3.256277e-05	-3.256277e-05	5.258492e-03	-7.541420e-03
122           	1.302501e-03	2.572083e-20	-2.282789e-03	5.706972e-05	6.399664e-03	3.256253e-05	7.083203e-04	5.941809e-04	3.256253e-05	-3.256253e-05	5.258269e-03	-7.541058e-03
123           	1.302496e-03	2.572072e-20	-2.282660e-03	5.706649e-05	6.399402e-03	3.256240e-05	7.083144e-04	5.941814e-04	3.256240e-05	-3.256240e-05	5.258072e-03	-7.540732e-03
124           	1.302492e-03	2.572061e-20	-2.282535e-03	5.706338e-05	6.399152e-03	3.256231e-05	7.083095e-04	5.941827e-04	3.256231e-05	-3.256231e-05	5.257885e-03	-7.540420e-03
125           	1.302490e-03	2.572049e-20	-2.282417e-03	5.706042e-05	6.398917e-03	3.256225e-05	7.083053e-04	5.941845e-04	3.256225e-05	-3.256225e-05	5.257708e-03	-7.540125e-03
126           	1.302489e-03	2.572037e-20	-2.282305e-03	5.705763e-05	6.398696e-03	3.256222e-05	7.083020e-04	5.941868e-04	3.256222e-05	-3.256222e-05	5.257544e-03	-7.539849e-03
127           	1.302489e-03	2.572025e-20	-2.282202e-03	5.705505e-05	6.398496e-03	3.256223e-05	7.082996e-04	5.941895e-04	3.256223e-05	-3.256223e-05	5.257395e-03	-7.539597e-03
128           	1.302491e-03	2.572015e-20	-2.282106e-03	5.705265e-05	6.398312e-03	3.256227e-05	7.082981e-04	5.941928e-04	3.256227e-05	-3.256227e-05	5.257259e-03	-7.539365e-03
129           	1.302493e-03	2.572005e-20	-2.282015e-03	5.705037e-05	6.398137e-03	3.256233e-05	7.082969e-04	5.941962e-04	3.256233e-05	-3.256233e-05	5.257130e-03	-7.539145e-03
130           	1.302496e-03	2.571994e-20	-2.281932e-03	5.704830e-05	6.397981e-03	3.256240e-05	7.082962e-04	5.941996e-04	3.256240e-05	-3.256240e-05	5.257015e-03	-7.538947e-03
131           	1.302500e-03	2.571985e-20	-2.281858e-03	5.704646e-05	6.397844e-03	3.256249e-05	7.082963e-04	5.942034e-04	3.256249e-05	-3.256249e-05	5.256915e-03	-7.538774e-03
132           	1.302504e-03	2.571979e-20	-2.281792e-03	5.704479e-05	6.397723e-03	3.256261e-05	7.082969e-04	5.942073e-04	3.256261e-05	-3.256261e-05	5.256827e-03	-7.538619e-03
133           	1.302509e-03	2.571974e-20	-2.281733e-03	5.704332e-05	6.397618e-03	3.256274e-05	7.082981e-04	5.942114e-04	3.256274e-05	-3.256274e-05	5.256752e-03	-7.538485e-03
134           	1.302516e-03	2.571990e-20	-2.281684e-03	5.704211e-05	6.397536e-03	3.256290e-05	7.083001e-04	5.942159e-04	3.256290e-05	-3.256290e-05	5.256693e-03	-7.538378e-03
135           	1.302524e-03	2.571996e-20	-2.281644e-03	5.704110e-05	6.397471e-03	3.256310e-05	7.083031e-04	5.942209e-04	3.256310e-05	-3.256310e-05	5.256649e-03	-7.538293e-03
136           	1.302533e-03	2.572005e-20	-2.281611e-03	5.704028e-05	6.397423e-03	3.256332e-05	7.083067e-04	5.942262e-04	3.256332e-05	-3.256332e-05	5.256617e-03	-7.538228e-03
137           	1.302543e-03	2.572012e-20	-2.281586e-03	5.703965e-05	6.397391e-03	3.256357e-05	7.083110e-04	5.942317e-04	3.256357e-05	-3.256357e-05	5.256598e-03	-7.538184e-03
138           	1.302553e-03	2.572018e-20	-2.281566e-03	5.703914e-05	6.397369e-03	3.256381e-05	7.083154e-04	5.942371e-04	3.256381e-05	-3.256381e-05	5.256586e-03	-7.538152e-03
139           	1.302563e-03	2.572026e-20	-2.281552e-03	5.703879e-05	6.397359e-03	3.256406e-05	7.083201e-04	5.942425e-04	3.256406e-05	-3.256406e-05	5.256583e-03	-7.538135e-03
140           	1.302573e-03	2.572036e-20	-2.281545e-03	5.703862e-05	6.397363e-03	3.256432e-05	7.083251e-04	5.942479e-04	3.256432e-05	-3.256432e-05	5.256591e-03	-7.538135e-03
141           	1.302584e-03	2.572047e-20	-2.281543e-03	5.703857e-05	6.397377e-03	3.256459e-05	7.083304e-04	5.942532e-04	3.256459e-05	-3.256459e-05	5.256606e-03	-7.538149e-03
142           	1.302594e-03	2.572060e-20	-2.281544e-03	5.703861e-05	6.397397e-03	3.256485e-05	7.083357e-04	5.942584e-04	3.256485e-05	-3.256485e-05	5.256624e-03	-7.538169e-03
143           	1.302604e-03	2.572062e-20	-2.281549e-03	5.703872e-05	6.397421e-03	3.256510e-05	7.083407e-04	5.942633e-04	3.256510e-05	-3.256510e-05	5.256646e-03	-7.538195e-03
144           	1.302614e-03	2.572078e-20	-2.281558e-03	5.703894e-05	6.397453e-03	3.256534e-05	7.083457e-04	5.942679e-04	3.256534e-05	-3.256534e-05	5.256674e-03	-7.538232e-03
145           	1.302623e-03	2.572095e-20	-2.281570e-03	5.703924e-05	6.397491e-03	3.256558e-05	7.083508e-04	5.942723e-04	3.256558e-05	-3.256558e-05	5.256706e-03	-7.538276e-03
146           	1.302632e-03	2.572113e-20	-2.281584e-03	5.703961e-05	6.397533e-03	3.256580e-05	7.083557e-04	5.942765e-04	3.256580e-05	-3.256580e-05	5.256741e-03	-7.538325e-03
147           	1.302641e-03	2.572132e-20	-2.281601e-03	5.704002e-05	6.397578e-03	3.256602e-05	7.083604e-04	5.942804e-04	3.256602e-05	-3.256602e-05	5.256778e-03	-7.538378e-03
148           	1.302650e-03	2.572151e-20	-2.281620e-03	5.704051e-05	6.397630e-03	3.256625e-05	7.083656e-04	5.942845e-04	3.256625e-05	-3.256625e-05	5.256820e-03	-7.538440e-03
149           	1.302659e-03	2.572171e-20	-2.281641e-03	5.704103e-05	6.397684e-03	3.256647e-05	7.083705e-04	5.942884e-04	3.256647e-05	-3.256647e-05	5.256863e-03	-7.538505e-03
150           	1.302667e-03	2.572192e-20	-2.281664e-03	5.704159e-05	6.397739e-03	3.256668e-05	7.083751e-04	5.942919e-04	3.256668e-05	-3.256668e-05	5.256907e-03	-7.538571e-03
151           	1.302675e-03	2.572212e-20	-2.281687e-03	5.704218e-05	6.397796e-03	3.256687e-05	7.083795e-04	5.942952e-04	3.256687e-05	-3.256687e-05	5.256952e-03	-7.538639e-03
152           	1.302682e-03	2.572232e-20	-2.281712e-03	5.704281e-05	6.397854e-03	3.256705e-05	7.083838e-04	5.942982e-04	3.256705e-05	-3.256705e-05	5.256998e-03	-7.538710e-03
153           	1.302689e-03	2.572249e-20	-2.281738e-03	5.704344e-05	6.397913e-03	3.256722e-05	7.083877e-04	5.943009e-04	3.256722e-05	-3.256722e-05	5.257044e-03	-7.538782e-03
154           	1.302695e-03	2.572271e-20	-2.281763e-03	5.704409e-05	6.397971e-03	3.256738e-05	7.083917e-04	5.943035e-04	3.256738e-05	-3.256738e-05	5.257090e-03	-7.538853e-03
155           	1.302701e-03	2.572292e-20	-2.281790e-03	5.704476e-05	6.398031e-03	3.256753e-05	7.083954e-04	5.943058e-04	3.256753e-05	-3.256753e-05	5.257136e-03	-7.538926e-03
156           	1.302707e-03	2.572312e-20	-2.281818e-03	5.704546e-05	6.398092e-03	3.256767e-05	7.083989e-04	5.943080e-04	3.256767e-05	-3.256767e-05	5.257183e-03	-7.539001e-03
157           	1.302712e-03	2.572333e-20	-2.281846e-03	5.704615e-05	6.398152e-03	3.256781e-05	7.084023e-04	5.943100e-04	3.256781e-05	-3.256781e-05	5.257229e-03	-7.539075e-03
158           	1.302717e-03	2.572353e-20	-2.281873e-03	5.704683e-05	6.398210e-03	3.256793e-05	7.084055e-04	5.943118e-04	3.256793e-05	-3.256793e-05	5.257274e-03	-7.539147e-03
159           	1.302722e-03	2.572372e-20	-2.281900e-03	5.704750e-05	6.398267e-03	3.256805e-05	7.084085e-04	5.943135e-04	3.256805e-05	-3.256805e-05	5.257317e-03	-7.539217e-03
160           	1.302726e-03	2.572390e-20	-2.281926e-03	5.704815e-05	6.398323e-03	3.256816e-05	7.084114e-04	5.943151e-04	3.256816e-05	-3.256816e-05	5.257360e-03	-7.539286e-03
161           	1.302731e-03	2.572407e-20	-2.281952e-03	5.704880e-05	6.398377e-03	3.256826e-05	7.084141e-04	5.943165e-04	3.256826e-05	-3.256826e-05	5.257401e-03	-7.539352e-03
162           	1.302734e-03	2.572424e-20	-2.281977e-03	5.704941e-05	6.398428e-03	3.256836e-05	7.084166e-04	5.943178e-04	3.256836e-05	-3.256836e-05	5.257440e-03	-7.539417e-03
163           	1.302738e-03	2.572440e-20	-2.282000e-03	5.705001e-05	6.398477e-03	3.256844e-05	7.084189e-04	5.943188e-04	3.256844e-05	-3.256844e-05	5.257477e-03	-7.539477e-03
164           	1.302741e-03	2.572455e-20	-2.282023e-03	5.705057e-05	6.398523e-03	3.256852e-05	7.084209e-04	5.943198e-04	3.256852e-05	-3.256852e-05	5.257512e-03	-7.539535e-03
165           	1.302743e-03	2.572470e-20	-2.282044e-03	5.705111e-05	6.398567e-03	3.256858e-05	7.084228e-04	5.943205e-04	3.256858e-05	-3.256858e-05	5.257544e-03	-7.539589e-03
166           	1.302746e-03	2.572483e-20	-2.282066e-03	5.705165e-05	6.398610e-03	3.256865e-05	7.084246e-04	5.943213e-04	3.256865e-05	-3.256865e-05	5.257577e-03	-7.539643e-03
167           	1.302748e-03	2.572496e-20	-2.282086e-03	5.705215e-05	6.398651e-03	3.256871e-05	7.084263e-04	5.943220e-04	3.256871e-05	-3.256871e-05	5.257608e-03	-7.539694e-03
168           	1.302750e-03	2.572508e-20	-2.282105e-03	5.705261e-05	6.398688e-03	3.256876e-05	7.084278e-04	5.943226e-04	3.256876e-05	-3.256876e-05	5.257635e-03	-7.539740e-03
169           	1.302752e-03	2.572509e-20	-2.282120e-03	5.705300e-05	6.398717e-03	3.256879e-05	7.084288e-04	5.943228e-04	3.256879e-05	-3.256879e-05	5.257657e-03	-7.539777e-03
170           	1.302752e-03	2.572516e-20	-2.282133e-03	5.705333e-05	6.398740e-03	3.256880e-05	7.084293e-04	5.943226e-04	3.256880e-05	-3.256880e-05	5.257674e-03	-7.539807e-03
171           	1.302752e-03	2.572522e-20	-2.282146e-03	5.705364e-05	6.398763e-03	3.256880e-05	7.084296e-04	5.943223e-04	3.256880e-05	-3.256880e-05	5.257690e-03	-7.539835e-03
172           	1.302752e-03	2.572528e-20	-2.282156e-03	5.705391e-05	6.398781e-03	3.256879e-05	7.084298e-04	5.943220e-04	3.256879e-05	-3.256879e-05	5.257703e-03	-7.539859e-03
173           	1.302751e-03	2.572534e-20	-2.282166e-03	5.705415e-05	6.398796e-03	3.256878e-05	7.084298e-04	5.943215e-04	3.256878e-05	-3.256878e-05	5.257713e-03	-7.539879e-03
174           	1.302751e-03	2.572539e-20	-2.282174e-03	5.705435e-05	6.398809e-03	3.256877e-05	7.084297e-04	5.943210e-04	3.256877e-05	-3.256877e-05	5.257722e-03	-7.539896e-03
175           	1.302750e-03	2.572544e-20	-2.282181e-03	5.705451e-05	6.398818e-03	3.256874e-05	7.084294e-04	5.943204e-04	3.256874e-05	-3.256874e-05	5.257728e-03	-7.539908e-03
176           	1.302749e-03	2.572548e-20	-2.282186e-03	5.705466e-05	6.398826e-03	3.256871e-05	7.084289e-04	5.943196e-04	3.256871e-05	-3.256871e-05	5.257732e-03	-7.539919e-03
177           	1.302747e-03	2.572550e-20	-2.282191e-03	5.705479e-05	6.398831e-03	3.256868e-05	7.084284e-04	5.943188e-04	3.256868e-05	-3.256868e-05	5.257736e-03	-7.539927e-03
178           	1.302746e-03	2.572553e-20	-2.282196e-03	5.705489e-05	6.398836e-03	3.256865e-05	7.084278e-04	5.943180e-04	3.256865e-05	-3.256865e-05	5.257738e-03	-7.539934e-03
179           	1.302745e-03	2.572554e-20	-2.282199e-03	5.705498e-05	6.398839e-03	3.256861e-05	7.084273e-04	5.943173e-04	3.256861e-05	-3.256861e-05	5.257739e-03	-7.539938e-03
180           	1.302743e-03	2.572556e-20	-2.282202e-03	5.705505e-05	6.398841e-03	3.256858e-05	7.084267e-04	5.943166e-04	3.256858e-05	-3.256858e-05	5.257740e-03	-7.539942e-03
181           	1.302742e-03	2.572556e-20	-2.282204e-03	5.705510e-05	6.398842e-03	3.256855e-05	7.084261e-04	5.943159e-04	3.256855e-05	-3.256855e-05	5.257740e-03	-7.539944e-03
182           	1.302741e-03	2.572555e-20	-2.282206e-03	5.705514e-05	6.398841e-03	3.256852e-05	7.084254e-04	5.943152e-04	3.256852e-05	-3.256852e-05	5.257738e-03	-7.539944e-03
183           	1.302739e-03	2.572554e-20	-2.282206e-03	5.705516e-05	6.398839e-03	3.256848e-05	7.084248e-04	5.943145e-04	3.256848e-05	-3.256848e-05	5.257736e-03	-7.539943e-03
184           	1.302738e-03	2.572552e-20	-2.282207e-03	5.705517e-05	6.398837e-03	3.256845e-05	7.084242e-04	5.943138e-04	3.256845e-05	-3.256845e-05	5.257734e-03	-7.539940e-03
185           	1.302737e-03	2.572550e-20	-2.282207e-03	5.705517e-05	6.398834e-03	3.256842e-05	7.084236e-04	5.943132e-04	3.256842e-05	-3.256842e-05	5.257730e-03	-7.539937e-03
186           	1.302736e-03	2.572548e-20	-2.282206e-03	5.705516e-05	6.398830e-03	3.256839e-05	7.084230e-04	5.943126e-04	3.256839e-05	-3.256839e-05	5.257727e-03	-7.539933e-03
187           	1.302735e-03	2.572545e-20	-2.282206e-03	5.705514e-05	6.398826e-03	3.256836e-05	7.084224e-04	5.943121e-04	3.256836e-05	-3.256836e-05	5.257723e-03	-7.539929e-03
188           	1.302734e-03	2.572543e-20	-2.282204e-03	5.705511e-05	6.398822e-03	3.256834e-05	7.084219e-04	5.943117e-04	3.256834e-05	-3.256834e-05	5.257720e-03	-7.539924e-03
189           	1.302733e-03	2.572540e-20	-2.282203e-03	5.705508e-05	6.398818e-03	3.256832e-05	7.084215e-04	5.943113e-04	3.256832e-05	-3.256832e-05	5.257716e-03	-7.539919e-03
190           	1.302732e-03	2.572537e-20	-2.282202e-03	5.705504e-05	6.398813e-03	3.256830e-05	7.084210e-04	5.943109e-04	3.256830e-05	-3.256830e-05	5.257712e-03	-7.539913e-03
191           	1.302731e-03	2.572533e-20	-2.282200e-03	5.705499e-05	6.398807e-03	3.256828e-05	7.084206e-04	5.943106e-04	3.256828e-05	-3.256828e-05	5.257707e-03	-7.539907e-03
192           	1.302730e-03	2.572530e-20	-2.282197e-03	5.705494e-05	6.398801e-03	3.256826e-05	7.084201e-04	5.943103e-04	3.256826e-05	-3.256826e-05	5.257702e-03	-7.539900e-03
193           	1.302730e-03	2.572527e-20	-2.282195e-03	5.705488e-05	6.398795e-03	3.256824e-05	7.084197e-04	5.943099e-04	3.256824e-05	-3.256824e-05	5.257698e-03	-7.539893e-03
194           	1.302729e-03	2.572524e-20	-2.282193e-03	5.705482e-05	6.398789e-03	3.256822e-05	7.084193e-04	5.943096e-04	3.256822e-05	-3.256822e-05	5.257693e-03	-7.539885e-03
195           	1.302728e-03	2.572520e-20	-2.282190e-03	5.705475e-05	6.398782e-03	3.256820e-05	7.084188e-04	5.943093e-04	3.256820e-05	-3.256820e-05	5.257687e-03	-7.539877e-03
196           	1.302727e-03	2.572517e-20	-2.282187e-03	5.705468e-05	6.398775e-03	3.256818e-05	7.084184e-04	5.943090e-04	3.256818e-05	-3.256818e-05	5.257681e-03	-7.539868e-03
197           	1.302727e-03	2.572513e-20	-2.282184e-03	5.705461e-05	6.398768e-03	3.256817e-05	7.084179e-04	5.943087e-04	3.256817e-05	-3.256817e-05	5.257676e-03	-7.539860e-03
198           	1.302726e-03	2.572510e-20	-2.282181e-03	5.705453e-05	6.398760e-03	3.256814e-05	7.084174e-04	5.943084e-04	3.256814e-05	-3.256814e-05	5.257670e-03	-7.539851e-03
199           	1.302725e-03	2.572506e-20	-2.282178e-03	5.705446e-05	6.398753e-03	3.256813e-05	7.084170e-04	5.943081e-04	3.256813e-05	-3.256813e-05	5.257664e-03	-7.539842e-03
200           	1.302724e-03	2.572503e-20	-2.282176e-03	5.705439e-05	6.398746e-03	3.256811e-05	7.084166e-04	5.943078e-04	3.256811e-05	-3.256811e-05	5.257659e-03	-7.539834e-03
201           	1.302724e-03	2.572500e-20	-2.282173e-03	5.705432e-05	6.398740e-03	3.256809e-05	7.084162e-04	5.943076e-04	3.256809e-05	-3.256809e-05	5.257654e-03	-7.539827e-03
202           	1.302723e-03	2.572497e-20	-2.282170e-03	5.705426e-05	6.398734e-03	3.256808e-05	7.084159e-04	5.943073e-04	3.256808e-05	-3.256808e-05	5.257649e-03	-7.539819e-03
203           	1.302723e-03	2.572497e-20	-2.282168e-03	5.705420e-05	6.398729e-03	3.256807e-05	7.084156e-04	5.943072e-04	3.256807e-05	-3.256807e-05	5.257645e-03	-7.539813e-03
204           	1.302722e-03	2.572494e-20	-2.282166e-03	5.705414e-05	6.398724e-03	3.256806e-05	7.084153e-04	5.943071e-04	3.256806e-05	-3.256806e-05	5.257641e-03	-7.539807e-03
205           	1.302722e-03	2.572488e-20	-2.282164e-03	5.705409e-05	6.398719e-03	3.256805e-05	7.084151e-04	5.943069e-04	3.256805e-05	-3.256805e-05	5.257637e-03	-7.539801e-03
206           	1.302722e-03	2.572488e-20	-2.282162e-03	5.705404e-05	6.398715e-03	3.256804e-05	7.084149e-04	5.943068e-04	3.256804e-05	-3.256804e-05	5.257634e-03	-7.539796e-03
207           	1.302722e-03	2.572485e-20	-2.282160e-03	5.705400e-05	6.398711e-03	3.256804e-05	7.084148e-04	5.943068e-04	3.256804e-05	-3.256804e-05	5.257631e-03	-7.539791e-03
208           	1.302721e-03	2.572482e-20	-2.282158e-03	5.705396e-05	6.398707e-03	3.256803e-05	7.084146e-04	5.943067e-04	3.256803e-05	-3.256803e-05	5.257628e-03	-7.539787e-03
209           	1.302721e-03	2.572480e-20	-2.282157e-03	5.705392e-05	6.398704e-03	3.256803e-05	7.084145e-04	5.943066e-04	3.256803e-05	-3.256803e-05	5.257626e-03	-7.539783e-03
210           	1.302721e-03	2.572477e-20	-2.282156e-03	5.705389e-05	6.398702e-03	3.256803e-05	7.084144e-04	5.943066e-04	3.256803e-05	-3.256803e-05	5.257624e-03	-7.539780e-03
211           	1.302721e-03	2.572475e-20	-2.282155e-03	5.705387e-05	6.398700e-03	3.256803e-05	7.084144e-04	5.943066e-04	3.256803e-05	-3.256803e-05	5.257623e-03	-7.539778e-03
212           	1.302721e-03	2.572472e-20	-2.282154e-03	5.705385e-05	6.398699e-03	3.256803e-05	7.084144e-04	5.943067e-04	3.256803e-05	-3.256803e-05	5.257622e-03	-7.539776e-03
213           	1.302721e-03	2.572470e-20	-2.282153e-03	5.705383e-05	6.398698e-03	3.256803e-05	7.084144e-04	5.943067e-04	3.256803e-05	-3.256803e-05	5.257621e-03	-7.539774e-03
214           	1.302721e-03	2.572470e-20	-2.282153e-03	5.705382e-05	6.398697e-03	3.256803e-05	7.084144e-04	5.943067e-04	3.256803e-05	-3.256803e-05	5.257620e-03	-7.539773e-03
215           	1.302721e-03	2.572467e-20	-2.282152e-03	5.705380e-05	6.398696e-03	3.256803e-05	7.084144e-04	5.943068e-04	3.256803e-05	-3.256803e-05	5.257620e-03	-7.539772e-03
216           	1.302721e-03	2.572466e-20	-2.282152e-03	5.705379e-05	6.398695e-03	3.256803e-05	7.084144e-04	5.943068e-04	3.256803e-05	-3.256803e-05	5.257619e-03	-7.539771e-03
217           	1.302721e-03	2.572465e-20	-2.282151e-03	5.705379e-05	6.398694e-03	3.256803e-05	7.084144e-04	5.943068e-04	3.256803e-05	-3.256803e-05	5.257619e-03	-7.539770e-03
218           	1.302721e-03	2.572463e-20	-2.282151e-03	5.705378e-05	6.398694e-03	3.256803e-05	7.084144e-04	5.943069e-04	3.256803e-05	-3.256803e-05	5.257618e-03	-7.539770e-03
219           	1.302721e-03	2.572462e-20	-2.282151e-03	5.705377e-05	6.398694e-03	3.256803e-05	7.084145e-04	5.943069e-04	3.256803e-05	-3.256803e-05	5.257618e-03	-7.539769e-03
220           	1.302721e-03	2.572461e-20	-2.282151e-03	5.705377e-05	6.398694e-03	3.256804e-05	7.084145e-04	5.943070e-04	3.256804e-05	-3.256804e-05	5.257618e-03	-7.539769e-03
221           	1.302722e-03	2.572460e-20	-2.282151e-03	5.705377e-05	6.398694e-03	3.256804e-05	7.084145e-04	5.943070e-04	3.256804e-05	-3.256804e-05	5.257618e-03	-7.539769e-03
222           	1.302722e-03	2.572460e-20	-2.282151e-03	5.705377e-05	6.398694e-03	3.256804e-05	7.084146e-04	5.943070e-04	3.256804e-05	-3.256804e-05	5.257618e-03	-7.539769e-03
223           	1.302722e-03	2.572459e-20	-2.282151e-03	5.705377e-05	6.398694e-03	3.256804e-05	7.084146e-04	5.943071e-04	3.256804e-05	-3.256804e-05	5.257618e-03	-7.539769e-03
224           	1.302722e-03	2.572458e-20	-2.282151e-03	5.705377e-05	6.398694e-03	3.256804e-05	7.084147e-04	5.943071e-04	3.256804e-05	-3.256804e-05	5.257619e-03	-7.539770e-03
225           	1.302722e-03	2.572458e-20	-2.282151e-03	5.705378e-05	6.398695e-03	3.256805e-05	7.084147e-04	5.943071e-04	3.256805e-05	-3.256805e-05	5.257619e-03	-7.539770e-03
226           	1.302722e-03	2.572457e-20	-2.282151e-03	5.705378e-05	6.398695e-03	3.256805e-05	7.084148e-04	5.943072e-04	3.256805e-05	-3.256805e-05	5.257620e-03	-7.539771e-03
227           	1.302722e-03	2.572456e-20	-2.282152e-03	5.705379e-05	6.398696e-03	3.256805e-05	7.084148e-04	5.943072e-04	3.256805e-05	-3.256805e-05	5.257620e-03	-7.539772e-03
228           	1.302722e-03	2.572456e-20	-2.282152e-03	5.705380e-05	6.398697e-03	3.256805e-05	7.084149e-04	5.943073e-04	3.256805e-05	-3.256805e-05	5.257621e-03	-7.539773e-03
229           	1.302722e-03	2.572456e-20	-2.282152e-03	5.705381e-05	6.398698e-03	3.256806e-05	7.084149e-04	5.943073e-04	3.256806e-05	-3.256806e-05	5.257622e-03	-7.539774e-03
230           	1.302722e-03	2.572455e-20	-2.282153e-03	5.705382e-05	6.398699e-03	3.256806e-05	7.084150e-04	5.943074e-04	3.256806e-05	-3.256806e-05	5.257623e-03	-7.539776e-03
231           	1.302723e-03	2.572455e-20	-2.282154e-03	5.705384e-05	6.398700e-03	3.256806e-05	7.084151e-04	5.943074e-04	3.256806e-05	-3.256806e-05	5.257624e-03	-7.539777e-03
232           	1.302723e-03	2.572455e-20	-2.282154e-03	5.705385e-05	6.398702e-03	3.256807e-05	7.084152e-04	5.943075e-04	3.256807e-05	-3.256807e-05	5.257625e-03	-7.539779e-03
233           	1.302723e-03	2.572455e-20	-2.282155e-03	5.705387e-05	6.398703e-03	3.256807e-05	7.084153e-04	5.943076e-04	3.256807e-05	-3.256807e-05	5.257626e-03	-7.539781e-03
234           	1.302723e-03	2.572455e-20	-2.282155e-03	5.705389e-05	6.398705e-03	3.256808e-05	7.084154e-04	5.943076e-04	3.256808e-05	-3.256808e-05	5.257627e-03	-7.539783e-03
235           	1.302723e-03	2.572455e-20	-2.282156e-03	5.705391e-05	6.398707e-03	3.256808e-05	7.084155e-04	5.943077e-04	3.256808e-05	-3.256808e-05	5.257629e-03	-7.539785e-03
236           	1.302723e-03	2.572454e-20	-2.282157e-03	5.705392e-05	6.398708e-03	3.256808e-05	7.084156e-04	5.943078e-04	3.256808e-05	-3.256808e-05	5.257630e-03	-7.539787e-03
237           	1.302723e-03	2.572455e-20	-2.282158e-03	5.705394e-05	6.398710e-03	3.256809e-05	7.084157e-04	5.943078e-04	3.256809e-05	-3.256809e-05	5.257631e-03	-7.539789e-03
238           	1.302724e-03	2.572454e-20	-2.282158e-03	5.705396e-05	6.398711e-03	3.256809e-05	7.084158e-04	5.943079e-04	3.256809e-05	-3.256809e-05	5.257632e-03	-7.539791e-03
239           	1.302724e-03	2.572455e-20	-2.282159e-03	5.705398e-05	6.398713e-03	3.256809e-05	7.084159e-04	5.943079e-04	3.256809e-05	-3.256809e-05	5.257634e-03	-7.539793e-03
240           	1.302724e-03	2.572454e-20	-2.282160e-03	5.705400e-05	6.398715e-03	3.256810e-05	7.084159e-04	5.943079e-04	3.256810e-05	-3.256810e-05	5.257635e-03	-7.539795e-03
241           	1.302724e-03	2.572455e-20	-2.282161e-03	5.705401e-05	6.398716e-03	3.256810e-05	7.084160e-04	5.943080e-04	3.256810e-05	-3.256810e-05	5.257636e-03	-7.539796e-03
242           	1.302724e-03	2.572455e-20	-2.282161e-03	5.705403e-05	6.398718e-03	3.256810e-05	7.084161e-04	5.943080e-04	3.256810e-05	-3.256810e-05	5.257637e-03	-7.539798e-03
243           	1.302724e-03	2.572455e-20	-2.282162e-03	5.705405e-05	6.398719e-03	3.256810e-05	7.084161e-04	5.943080e-04	3.256810e-05	-3.256810e-05	5.257638e-03	-7.539800e-03
244           	1.302724e-03	2.572455e-20	-2.282163e-03	5.705406e-05	6.398720e-03	3.256811e-05	7.084162e-04	5.943081e-04	3.256811e-05	-3.256811e-05	5.257639e-03	-7.539802e-03
245           	1.302724e-03	2.572456e-20	-2.282163e-03	5.705408e-05	6.398722e-03	3.256811e-05	7.084162e-04	5.943081e-04	3.256811e-05	-3.256811e-05	5.257640e-03	-7.539803e-03
246           	1.302724e-03	2.572455e-20	-2.282164e-03	5.705409e-05	6.398723e-03	3.256811e-05	7.084163e-04	5.943081e-04	3.256811e-05	-3.256811e-05	5.257641e-03	-7.539805e-03
247           	1.302724e-03	2.572456e-20	-2.282164e-03	5.705411e-05	6.398724e-03	3.256811e-05	7.084163e-04	5.943081e-04	3.256811e-05	-3.256811e-05	5.257642e-03	-7.539806e-03
248           	1.302724e-03	2.572455e-20	-2.282165e-03	5.705412e-05	6.398725e-03	3.256811e-05	7.084164e-04	5.943081e-04	3.256811e-05	-3.256811e-05	5.257643e-03	-7.539808e-03
249           	1.302725e-03	2.572456e-20	-2.282165e-03	5.705414e-05	6.398726e-03	3.256811e-05	7.084164e-04	5.943081e-04	3.256811e-05	-3.256811e-05	5.257643e-03	-7.539809e-03
250           	1.302725e-03	2.572456e-20	-2.282166e-03	5.705415e-05	6.398727e-03	3.256811e-05	7.084164e-04	5.943081e-04	3.256811e-05	-3.256811e-05	5.257644e-03	-7.539810e-03
251           	1.302725e-03	2.572456e-20	-2.282166e-03	5.705416e-05	6.398728e-03	3.256811e-05	7.084164e-04	5.943081e-04	3.256811e-05	-3.256811e-05	5.257645e-03	-7.539811e-03
252           	1.302725e-03	2.572456e-20	-2.282167e-03	5.705417e-05	6.398729e-03	3.256811e-05	7.084165e-04	5.943081e-04	3.256811e-05	-3.256811e-05	5.257645e-03	-7.539812e-03
253           	1.302725e-03	2.572457e-20	-2.282167e-03	5.705418e-05	6.398730e-03	3.256811e-05	7.084165e-04	5.943081e-04	3.256811e-05	-3.256811e-05	5.257646e-03	-7.539813e-03
254           	1.302725e-03	2.572457e-20	-2.282168e-03	5.705419e-05	6.398731e-03	3.256812e-05	7.084165e-04	5.943081e-04	3.256812e-05	-3.256812e-05	5.257647e-03	-7.539814e-03
255           	1.302725e-03	2.572457e-20	-2.282168e-03	5.705420e-05	6.398731e-03	3.256812e-05	7.084165e-04	5.943081e-04	3.256812e-05	-3.256812e-05	5.257647e-03	-7.539815e-03
256           	1.302725e-03	2.572457e-20	-2.282169e-03	5.705421e-05	6.398732e-03	3.256812e-05	7.084165e-04	5.943081e-04	3.256812e-05	-3.256812e-05	5.257648e-03	-7.539816e-03
257           	1.302725e-03	2.572457e-20	-2.282169e-03	5.705422e-05	6.398733e-03	3.256812e-05	7.084165e-04	5.943081e-04	3.256812e-05	-3.256812e-05	5.257648e-03	-7.539817e-03
258           	1.302725e-03	2.572457e-20	-2.282169e-03	5.705423e-05	6.398733e-03	3.256812e-05	7.084166e-04	5.943081e-04	3.256812e-05	-3.256812e-05	5.257649e-03	-7.539818e-03
259           	1.302725e-03	2.572457e-20	-2.282170e-03	5.705424e-05	6.398734e-03	3.256812e-05	7.084166e-04	5.943081e-04	3.256812e-05	-3.256812e-05	5.257649e-03	-7.539819e-03
260           	1.302725e-03	2.572457e-20	-2.282170e-03	5.705425e-05	6.398734e-03	3.256812e-05	7.084166e-04	5.943081e-04	3.256812e-05	-3.256812e-05	5.257650e-03	-7.539819e-03
261           	1.302725e-03	2.572457e-20	-2.282170e-03	5.705425e-05	6.398735e-03	3.256812e-05	7.084166e-04	5.943081e-04	3.256812e-05	-3.256812e-05	5.257650e-03	-7.539820e-03
262           	1.302725e-03	2.572457e-20	-2.282170e-03	5.705426e-05	6.398735e-03	3.256812e-05	7.084166e-04	5.943081e-04	3.256812e-05	-3.256812e-05	5.257650e-03	-7.539821e-03
263           	1.302725e-03	2.572458e-20	-2.282171e-03	5.705427e-05	6.398736e-03	3.256812e-05	7.084166e-04	5.943081e-04	3.256812e-05	-3.256812e-05	5.257651e-03	-7.539821e-03
264           	1.302725e-03	2.572458e-20	-2.282171e-03	5.705427e-05	6.398736e-03	3.256812e-05	7.084166e-04	5.943081e-04	3.256812e-05	-3.256812e-05	5.257651e-03	-7.539822e-03
265           	1.302725e-03	2.572458e-20	-2.282171e-03	5.705428e-05	6.398737e-03	3.256812e-05	7.084166e-04	5.943080e-04	3.256812e-05	-3.256812e-05	5.257651e-03	-7.539822e-03
266           	1.302725e-03	2.572458e-20	-2.282171e-03	5.705428e-05	6.398737e-03	3.256812e-05	7.084166e-04	5.943080e-04	3.256812e-05	-3.256812e-05	5.257651e-03	-7.539823e-03
267           	1.302725e-03	2.572458e-20	-2.282171e-03	5.705429e-05	6.398737e-03	3.256812e-05	7.084166e-04	5.943080e-04	3.256812e-05	-3.256812e-05	5.257652e-03	-7.539823e-03
268           	1.302725e-03	2.572458e-20	-2.282172e-03	5.705429e-05	6.398738e-03	3.256812e-05	7.084166e-04	5.943080e-04	3.256812e-05	-3.256812e-05	5.257652e-03	-7.539823e-03
269           	1.302725e-03	2.572458e-20	-2.282172e-03	5.705429e-05	6.398738e-03	3.256812e-05	7.084166e-04	5.943080e-04	3.256812e-05	-3.256812e-05	5.257652e-03	-7.539824e-03
270           	1.302725e-03	2.572458e-20	-2.282172e-03	5.705430e-05	6.398738e-03	3.256812e-05	7.084166e-04	5.943080e-04	3.256812e-05	-3.256812e-05	5.257652e-03	-7.539824e-03
271           	1.302725e-03	2.572458e-20	-2.282172e-03	5.705430e-05	6.398738e-03	3.256811e-05	7.084166e-04	5.943080e-04	3.256811e-05	-3.256811e-05	5.257652e-03	-7.539824e-03
272           	1.302725e-03	2.572458e-20	-2.282172e-03	5.705430e-05	6.398738e-03	3.256811e-05	7.084166e-04	5.943080e-04	3.256811e-05	-3.256811e-05	5.257652e-03	-7.539824e-03
273           	1.302725e-03	2.572458e-20	-2.282172e-03	5.705430e-05	6.398738e-03	3.256811e-05	7.084166e-04	5.943080e-04	3.256811e-05	-3.256811e-05	5.257652e-03	-7.539825e-03
274           	1.302725e-03	2.572458e-20	-2.282172e-03	5.705431e-05	6.398739e-03	3.256811e-05	7.084166e-04	5.943080e-04	3.256811e-05	-3.256811e-05	5.257652e-03	-7.539825e-03
275           	1.302725e-03	2.572458e-20	-2.282172e-03	5.705431e-05	6.398739e-03	3.256811e-05	7.084166e-04	5.943080e-04	3.256811e-05	-3.256811e-05	5.257653e-03	-7.539825e-03
276           	1.302725e-03	2.572458e-20	-2.282172e-03	5.705431e-05	6.398739e-03	3.256811e-05	7.084166e-04	5.943080e-04	3.256811e-05	-3.256811e-05	5.257653e-03	-7.539825e-03
277           	1.302725e-03	2.572458e-20	-2.282172e-03	5.705431e-05	6.398739e-03	3.256811e-05	7.084166e-04	5.943080e-04	3.256811e-05	-3.256811e-05	5.257653e-03	-7.539825e-03
278           	1.302725e-03	2.572458e-20	-2.282172e-03	5.705431e-05	6.398739e-03	3.256811e-05	7.084166e-04	5.943080e-04	3.256811e-05	-3.256811e-05	5.257653e-03	-7.539825e-03
279           	1.302725e-03	2.572458e-20	-2.282172e-03	5.705431e-05	6.398739e-03	3.256811e-05	7.084166e-04	5.943079e-04	3.256811e-05	-3.256811e-05	5.257653e-03	-7.539825e-03
280           	1.302725e-03	2.572458e-20	-2.282172e-03	5.705431e-05	6.398739e-03	3.256811e-05	7.084166e-04	5.943079e-04	3.256811e-05	-3.256811e-05	5.257653e-03	-7.539825e-03
281           	1.302724e-03	2.572458e-20	-2.282172e-03	5.705431e-05	6.398739e-03	3.256811e-05	7.084166e-04	5.943079e-04	3.256811e-05	-3.256811e-05	5.257653e-03	-7.539825e-03
282           	1.302724e-03	2.572458e-20	-2.282172e-03	5.705431e-05	6.398739e-03	3.256811e-05	7.084165e-04	5.943079e-04	3.256811e-05	-3.256811e-05	5.257652e-03	-7.539825e-03
283           	1.302724e-03	2.572458e-20	-2.282172e-03	5.705431e-05	6.398739e-03	3.256811e-05	7.084165e-04	5.943079e-04	3.256811e-05	-3.256811e-05	5.257652e-03	-7.539825e-03
284           	1.302724e-03	2.572458e-20	-2.282172e-03	5.705431e-05	6.398739e-03	3.256811e-05	7.084165e-04	5.943079e-04	3.256811e-05	-3.256811e-05	5.257652e-03	-7.539825e-03
285           	1.302724e-03	2.572458e-20	-2.282172e-03	5.705431e-05	6.398738e-03	3.256811e-05	7.084165e-04	5.943079e-04	3.256811e-05	-3.256811e-05	5.257652e-03	-7.539825e-03
286           	1.302724e-03	2.572458e-20	-2.282172e-03	5.705431e-05	6.398738e-03	3.256811e-05	7.084165e-04	5.943079e-04	3.256811e-05	-3.256811e-05	5.257652e-03	-7.539825e-03
287           	1.302724e-03	2.572458e-20	-2.282172e-03	5.705431e-05	6.398738e-03	3.256811e-05	7.084165e-04	5.943079e-04	3.256811e-05	-3.256811e-05	5.257652e-03	-7.539824e-03
288           	1.302724e-03	2.572458e-20	-2.282172e-03	5.705431e-05	6.398738e-03	3.256811e-05	7.084165e-04	5.943079e-04	3.256811e-05	-3.256811e-05	5.257652e-03	-7.539824e-03
