# Force coefficients
# dragDir     : (1.000000e+00 0.000000e+00 0.000000e+00)
# sideDir     : (0.000000e+00 0.000000e+00 -1.000000e+00)
# liftDir     : (0.000000e+00 1.000000e+00 0.000000e+00)
# rollAxis    : (1.000000e+00 0.000000e+00 0.000000e+00)
# pitchAxis   : (0.000000e+00 0.000000e+00 -1.000000e+00)
# yawAxis     : (0.000000e+00 1.000000e+00 0.000000e+00)
# magUInf     : 2.000000e-02
# lRef        : 1.000000e-01
# Aref        : 1.000000e-01
# CofR        : (0.000000e+00 0.000000e+00 0.000000e+00)
#
# Time        	Cd            	Cs            	Cl            	CmRoll        	CmPitch       	CmYaw         	Cd(f)         	Cd(r)         	Cs(f)         	Cs(r)         	Cl(f)         	Cl(r)         
1             	2.409485e-03	-3.176373e-19	-1.579153e-03	3.947881e-05	8.522325e-03	6.023712e-05	1.244221e-03	1.165264e-03	6.023712e-05	-6.023712e-05	7.732749e-03	-9.311901e-03
2             	5.400525e-03	-2.667809e-19	-3.674952e-03	9.187379e-05	1.926716e-02	1.350131e-04	2.792136e-03	2.608389e-03	1.350131e-04	-1.350131e-04	1.742969e-02	-2.110464e-02
3             	4.582096e-03	-7.622851e-20	-3.111821e-03	7.779554e-05	1.599399e-02	1.145524e-04	2.368844e-03	2.213253e-03	1.145524e-04	-1.145524e-04	1.443808e-02	-1.754990e-02
4             	3.256275e-03	2.473346e-20	-2.735098e-03	6.837745e-05	1.208534e-02	8.140688e-05	1.696515e-03	1.559760e-03	8.140688e-05	-8.140688e-05	1.071779e-02	-1.345289e-02
5             	2.862454e-03	5.634628e-20	-3.267329e-03	8.168322e-05	1.231850e-02	7.156134e-05	1.512910e-03	1.349544e-03	7.156134e-05	-7.156134e-05	1.068484e-02	-1.395217e-02
6             	2.860717e-03	4.314351e-20	-3.816301e-03	9.540752e-05	1.345467e-02	7.151793e-05	1.525766e-03	1.334951e-03	7.151793e-05	-7.151793e-05	1.154652e-02	-1.536282e-02
7             	3.126514e-03	1.752825e-20	-4.164630e-03	1.041158e-04	1.476360e-02	7.816286e-05	1.667373e-03	1.459141e-03	7.816286e-05	-7.816286e-05	1.268128e-02	-1.684591e-02
8             	3.361759e-03	2.414781e-21	-4.088498e-03	1.022124e-04	1.513431e-02	8.404397e-05	1.783092e-03	1.578667e-03	8.404397e-05	-8.404397e-05	1.309006e-02	-1.717856e-02
9             	3.430402e-03	-1.975916e-21	-3.778716e-03	9.446789e-05	1.467179e-02	8.576004e-05	1.809669e-03	1.620733e-03	8.576004e-05	-8.576004e-05	1.278243e-02	-1.656115e-02
10            	3.363944e-03	-1.769247e-21	-3.416839e-03	8.542096e-05	1.381996e-02	8.409860e-05	1.767393e-03	1.596551e-03	8.409860e-05	-8.409860e-05	1.211154e-02	-1.552838e-02
11            	3.264040e-03	-5.077116e-22	-3.028479e-03	7.571198e-05	1.285193e-02	8.160100e-05	1.707732e-03	1.556308e-03	8.160100e-05	-8.160100e-05	1.133769e-02	-1.436617e-02
12            	3.170526e-03	3.643526e-22	-2.713605e-03	6.784014e-05	1.204999e-02	7.926314e-05	1.653103e-03	1.517423e-03	7.926314e-05	-7.926314e-05	1.069319e-02	-1.340679e-02
13            	3.086709e-03	-4.126453e-22	-2.447672e-03	6.119181e-05	1.136470e-02	7.716773e-05	1.604546e-03	1.482163e-03	7.716773e-05	-7.716773e-05	1.014086e-02	-1.258854e-02
14            	3.028250e-03	-1.441778e-21	-2.243492e-03	5.608729e-05	1.085358e-02	7.570626e-05	1.570213e-03	1.458038e-03	7.570626e-05	-7.570626e-05	9.731837e-03	-1.197533e-02
15            	2.989544e-03	-2.441995e-21	-2.081965e-03	5.204913e-05	1.046553e-02	7.473861e-05	1.546821e-03	1.442723e-03	7.473861e-05	-7.473861e-05	9.424547e-03	-1.150651e-02
16            	2.967036e-03	-3.341959e-21	-1.954166e-03	4.885415e-05	1.017686e-02	7.417590e-05	1.532372e-03	1.434664e-03	7.417590e-05	-7.417590e-05	9.199774e-03	-1.115394e-02
17            	2.958558e-03	-4.454261e-21	-1.853672e-03	4.634181e-05	9.970987e-03	7.396396e-05	1.525621e-03	1.432937e-03	7.396396e-05	-7.396396e-05	9.044151e-03	-1.089782e-02
18            	2.957559e-03	-5.260945e-21	-1.775836e-03	4.439590e-05	9.825007e-03	7.393897e-05	1.523175e-03	1.434383e-03	7.393897e-05	-7.393897e-05	8.937089e-03	-1.071293e-02
19            	2.957891e-03	-5.759284e-21	-1.713441e-03	4.283603e-05	9.710656e-03	7.394727e-05	1.521781e-03	1.436109e-03	7.394727e-05	-7.394727e-05	8.853935e-03	-1.056738e-02
20            	2.959067e-03	-6.040680e-21	-1.664861e-03	4.162153e-05	9.624053e-03	7.397667e-05	1.521155e-03	1.437912e-03	7.397667e-05	-7.397667e-05	8.791622e-03	-1.045648e-02
21            	2.959857e-03	-6.233629e-21	-1.626127e-03	4.065317e-05	9.554357e-03	7.399642e-05	1.520582e-03	1.439275e-03	7.399642e-05	-7.399642e-05	8.741293e-03	-1.036742e-02
22            	2.960555e-03	-6.302057e-21	-1.597242e-03	3.993105e-05	9.502574e-03	7.401387e-05	1.520208e-03	1.440346e-03	7.401387e-05	-7.401387e-05	8.703953e-03	-1.030120e-02
23            	2.958700e-03	-6.310555e-21	-1.573959e-03	3.934896e-05	9.454296e-03	7.396750e-05	1.518699e-03	1.440001e-03	7.396750e-05	-7.396750e-05	8.667317e-03	-1.024128e-02
24            	2.956181e-03	-6.261743e-21	-1.557574e-03	3.893934e-05	9.417090e-03	7.390453e-05	1.517030e-03	1.439151e-03	7.390453e-05	-7.390453e-05	8.638303e-03	-1.019588e-02
25            	2.951816e-03	-6.146478e-21	-1.548694e-03	3.871736e-05	9.389800e-03	7.379539e-05	1.514625e-03	1.437190e-03	7.379539e-05	-7.379539e-05	8.615452e-03	-1.016415e-02
26            	2.947633e-03	-6.003734e-21	-1.550046e-03	3.875116e-05	9.383216e-03	7.369083e-05	1.512568e-03	1.435065e-03	7.369083e-05	-7.369083e-05	8.608193e-03	-1.015824e-02
27            	2.944347e-03	-5.846936e-21	-1.560929e-03	3.902323e-05	9.397666e-03	7.360868e-05	1.511197e-03	1.433150e-03	7.360868e-05	-7.360868e-05	8.617201e-03	-1.017813e-02
28            	2.943761e-03	-5.798135e-21	-1.581565e-03	3.953912e-05	9.438052e-03	7.359404e-05	1.511420e-03	1.432342e-03	7.359404e-05	-7.359404e-05	8.647270e-03	-1.022883e-02
29            	2.945814e-03	-5.754355e-21	-1.606190e-03	4.015475e-05	9.492577e-03	7.364534e-05	1.513062e-03	1.432752e-03	7.364534e-05	-7.364534e-05	8.689482e-03	-1.029567e-02
30            	2.948723e-03	-5.689809e-21	-1.630105e-03	4.075263e-05	9.547352e-03	7.371808e-05	1.515114e-03	1.433609e-03	7.371808e-05	-7.371808e-05	8.732299e-03	-1.036240e-02
31            	2.952230e-03	-5.615019e-21	-1.651269e-03	4.128173e-05	9.597742e-03	7.380574e-05	1.517397e-03	1.434833e-03	7.380574e-05	-7.380574e-05	8.772107e-03	-1.042338e-02
32            	2.955646e-03	-5.538159e-21	-1.668357e-03	4.170892e-05	9.639496e-03	7.389114e-05	1.519532e-03	1.436114e-03	7.389114e-05	-7.389114e-05	8.805318e-03	-1.047367e-02
33            	2.958503e-03	-5.465163e-21	-1.680482e-03	4.201205e-05	9.669728e-03	7.396258e-05	1.521264e-03	1.437239e-03	7.396258e-05	-7.396258e-05	8.829487e-03	-1.050997e-02
34            	2.959804e-03	-5.388613e-21	-1.687750e-03	4.219375e-05	9.686282e-03	7.399511e-05	1.522096e-03	1.437708e-03	7.399511e-05	-7.399511e-05	8.842408e-03	-1.053016e-02
35            	2.959020e-03	-5.307206e-21	-1.691432e-03	4.228581e-05	9.690594e-03	7.397550e-05	1.521796e-03	1.437224e-03	7.397550e-05	-7.397550e-05	8.844877e-03	-1.053631e-02
36            	2.956882e-03	-5.228148e-21	-1.693607e-03	4.234017e-05	9.688807e-03	7.392206e-05	1.520781e-03	1.436101e-03	7.392206e-05	-7.392206e-05	8.842004e-03	-1.053561e-02
37            	2.953739e-03	-5.148343e-21	-1.695925e-03	4.239812e-05	9.685096e-03	7.384347e-05	1.519267e-03	1.434471e-03	7.384347e-05	-7.384347e-05	8.837134e-03	-1.053306e-02
38            	2.950529e-03	-5.073989e-21	-1.700580e-03	4.251449e-05	9.686179e-03	7.376322e-05	1.517779e-03	1.432750e-03	7.376322e-05	-7.376322e-05	8.835889e-03	-1.053647e-02
39            	2.948223e-03	-5.004253e-21	-1.707813e-03	4.269532e-05	9.694851e-03	7.370558e-05	1.516807e-03	1.431416e-03	7.370558e-05	-7.370558e-05	8.840945e-03	-1.054876e-02
40            	2.947173e-03	-4.942853e-21	-1.716888e-03	4.292220e-05	9.710432e-03	7.367931e-05	1.516508e-03	1.430664e-03	7.367931e-05	-7.367931e-05	8.851988e-03	-1.056888e-02
41            	2.946870e-03	-4.879825e-21	-1.725640e-03	4.314100e-05	9.727143e-03	7.367174e-05	1.516576e-03	1.430294e-03	7.367174e-05	-7.367174e-05	8.864323e-03	-1.058996e-02
42            	2.947247e-03	-4.816126e-21	-1.733740e-03	4.334349e-05	9.744112e-03	7.368117e-05	1.516967e-03	1.430280e-03	7.368117e-05	-7.368117e-05	8.877242e-03	-1.061098e-02
43            	2.947814e-03	-4.761022e-21	-1.740234e-03	4.350584e-05	9.758180e-03	7.369534e-05	1.517413e-03	1.430401e-03	7.369534e-05	-7.369534e-05	8.888063e-03	-1.062830e-02
44            	2.948266e-03	-4.709326e-21	-1.744530e-03	4.361324e-05	9.767383e-03	7.370665e-05	1.517746e-03	1.430520e-03	7.370665e-05	-7.370665e-05	8.895118e-03	-1.063965e-02
45            	2.948033e-03	-4.656847e-21	-1.746011e-03	4.365028e-05	9.769131e-03	7.370083e-05	1.517667e-03	1.430366e-03	7.370083e-05	-7.370083e-05	8.896126e-03	-1.064214e-02
46            	2.946954e-03	-4.602361e-21	-1.745467e-03	4.363668e-05	9.764730e-03	7.367384e-05	1.517113e-03	1.429840e-03	7.367384e-05	-7.367384e-05	8.891997e-03	-1.063746e-02
47            	2.945248e-03	-4.549221e-21	-1.744161e-03	4.360402e-05	9.757348e-03	7.363119e-05	1.516228e-03	1.429020e-03	7.363119e-05	-7.363119e-05	8.885268e-03	-1.062943e-02
48            	2.943313e-03	-4.498344e-21	-1.743291e-03	4.358229e-05	9.750396e-03	7.358283e-05	1.515239e-03	1.428074e-03	7.358283e-05	-7.358283e-05	8.878750e-03	-1.062204e-02
49            	2.941426e-03	-4.449758e-21	-1.743498e-03	4.358744e-05	9.745844e-03	7.353566e-05	1.514301e-03	1.427126e-03	7.353566e-05	-7.353566e-05	8.874095e-03	-1.061759e-02
50            	2.939834e-03	-4.404648e-21	-1.745097e-03	4.362742e-05	9.744927e-03	7.349585e-05	1.513544e-03	1.426290e-03	7.349585e-05	-7.349585e-05	8.872379e-03	-1.061748e-02
51            	2.938795e-03	-4.375840e-21	-1.748160e-03	4.370401e-05	9.748372e-03	7.346987e-05	1.513101e-03	1.425693e-03	7.346987e-05	-7.346987e-05	8.874291e-03	-1.062245e-02
52            	2.938494e-03	-4.351347e-21	-1.752050e-03	4.380126e-05	9.755290e-03	7.346235e-05	1.513048e-03	1.425446e-03	7.346235e-05	-7.346235e-05	8.879265e-03	-1.063132e-02
53            	2.938706e-03	-4.325210e-21	-1.755820e-03	4.389551e-05	9.763184e-03	7.346765e-05	1.513248e-03	1.425457e-03	7.346765e-05	-7.346765e-05	8.885274e-03	-1.064109e-02
54            	2.939160e-03	-4.303804e-21	-1.759001e-03	4.397502e-05	9.770437e-03	7.347899e-05	1.513555e-03	1.425605e-03	7.347899e-05	-7.347899e-05	8.890937e-03	-1.064994e-02
55            	2.939671e-03	-4.284842e-21	-1.761351e-03	4.403378e-05	9.776110e-03	7.349177e-05	1.513869e-03	1.425802e-03	7.349177e-05	-7.349177e-05	8.895435e-03	-1.065679e-02
56            	2.940038e-03	-4.265569e-21	-1.762664e-03	4.406661e-05	9.779279e-03	7.350094e-05	1.514085e-03	1.425952e-03	7.350094e-05	-7.350094e-05	8.897947e-03	-1.066061e-02
57            	2.939987e-03	-4.236176e-21	-1.762822e-03	4.407055e-05	9.779086e-03	7.349969e-05	1.514064e-03	1.425923e-03	7.349969e-05	-7.349969e-05	8.897675e-03	-1.066050e-02
58            	2.939553e-03	-4.209900e-21	-1.762302e-03	4.405754e-05	9.776609e-03	7.348882e-05	1.513834e-03	1.425719e-03	7.348882e-05	-7.348882e-05	8.895458e-03	-1.065776e-02
59            	2.938954e-03	-4.191947e-21	-1.761766e-03	4.404416e-05	9.773751e-03	7.347384e-05	1.513521e-03	1.425433e-03	7.347384e-05	-7.347384e-05	8.892868e-03	-1.065463e-02
60            	2.938295e-03	-4.173343e-21	-1.761572e-03	4.403929e-05	9.771495e-03	7.345737e-05	1.513187e-03	1.425108e-03	7.345737e-05	-7.345737e-05	8.890709e-03	-1.065228e-02
61            	2.937662e-03	-4.155815e-21	-1.761967e-03	4.404918e-05	9.770572e-03	7.344155e-05	1.512880e-03	1.424782e-03	7.344155e-05	-7.344155e-05	8.889589e-03	-1.065156e-02
62            	2.937242e-03	-4.144812e-21	-1.763129e-03	4.407824e-05	9.771751e-03	7.343106e-05	1.512699e-03	1.424543e-03	7.343106e-05	-7.343106e-05	8.890186e-03	-1.065332e-02
63            	2.937151e-03	-4.138627e-21	-1.764864e-03	4.412161e-05	9.774920e-03	7.342878e-05	1.512697e-03	1.424454e-03	7.342878e-05	-7.342878e-05	8.892487e-03	-1.065735e-02
64            	2.937359e-03	-4.134437e-21	-1.766690e-03	4.416725e-05	9.778997e-03	7.343396e-05	1.512847e-03	1.424512e-03	7.343396e-05	-7.343396e-05	8.895652e-03	-1.066234e-02
65            	2.937719e-03	-4.128824e-21	-1.768221e-03	4.420554e-05	9.782835e-03	7.344297e-05	1.513065e-03	1.424654e-03	7.344297e-05	-7.344297e-05	8.898724e-03	-1.066695e-02
66            	2.938118e-03	-4.125181e-21	-1.769347e-03	4.423366e-05	9.785937e-03	7.345295e-05	1.513293e-03	1.424825e-03	7.345295e-05	-7.345295e-05	8.901263e-03	-1.067061e-02
67            	2.938454e-03	-4.122266e-21	-1.769910e-03	4.424774e-05	9.787736e-03	7.346134e-05	1.513474e-03	1.424979e-03	7.346134e-05	-7.346134e-05	8.902781e-03	-1.067269e-02
68            	2.938613e-03	-4.116249e-21	-1.769861e-03	4.424652e-05	9.787862e-03	7.346532e-05	1.513553e-03	1.425060e-03	7.346532e-05	-7.346532e-05	8.902932e-03	-1.067279e-02
69            	2.938560e-03	-4.109962e-21	-1.769356e-03	4.423391e-05	9.786566e-03	7.346400e-05	1.513514e-03	1.425046e-03	7.346400e-05	-7.346400e-05	8.901888e-03	-1.067124e-02
70            	2.938365e-03	-4.106402e-21	-1.768740e-03	4.421851e-05	9.784730e-03	7.345914e-05	1.513401e-03	1.424964e-03	7.345914e-05	-7.345914e-05	8.900360e-03	-1.066910e-02
71            	2.938112e-03	-4.102675e-21	-1.768237e-03	4.420593e-05	9.783005e-03	7.345281e-05	1.513262e-03	1.424850e-03	7.345281e-05	-7.345281e-05	8.898887e-03	-1.066712e-02
72            	2.937877e-03	-4.099412e-21	-1.767993e-03	4.419982e-05	9.781877e-03	7.344691e-05	1.513138e-03	1.424738e-03	7.344691e-05	-7.344691e-05	8.897881e-03	-1.066587e-02
73            	2.937705e-03	-4.096699e-21	-1.768056e-03	4.420141e-05	9.781563e-03	7.344264e-05	1.513054e-03	1.424651e-03	7.344264e-05	-7.344264e-05	8.897535e-03	-1.066559e-02
74            	2.937648e-03	-4.096738e-21	-1.768435e-03	4.421087e-05	9.782183e-03	7.344120e-05	1.513035e-03	1.424613e-03	7.344120e-05	-7.344120e-05	8.897966e-03	-1.066640e-02
75            	2.937726e-03	-4.097803e-21	-1.769006e-03	4.422515e-05	9.783528e-03	7.344316e-05	1.513088e-03	1.424638e-03	7.344316e-05	-7.344316e-05	8.899025e-03	-1.066803e-02
76            	2.937908e-03	-4.098682e-21	-1.769566e-03	4.423916e-05	9.785101e-03	7.344770e-05	1.513193e-03	1.424715e-03	7.344770e-05	-7.344770e-05	8.900317e-03	-1.066988e-02
77            	2.938141e-03	-4.100614e-21	-1.769960e-03	4.424901e-05	9.786447e-03	7.345352e-05	1.513319e-03	1.424821e-03	7.345352e-05	-7.345352e-05	8.901467e-03	-1.067143e-02
78            	2.938363e-03	-4.103068e-21	-1.770103e-03	4.425259e-05	9.787254e-03	7.345908e-05	1.513434e-03	1.424929e-03	7.345908e-05	-7.345908e-05	8.902202e-03	-1.067231e-02
79            	2.938516e-03	-4.103547e-21	-1.769949e-03	4.424872e-05	9.787277e-03	7.346291e-05	1.513507e-03	1.425009e-03	7.346291e-05	-7.346291e-05	8.902303e-03	-1.067225e-02
80            	2.938560e-03	-4.103413e-21	-1.769535e-03	4.423836e-05	9.786510e-03	7.346401e-05	1.513518e-03	1.425042e-03	7.346401e-05	-7.346401e-05	8.901743e-03	-1.067128e-02
81            	2.938517e-03	-4.103697e-21	-1.769046e-03	4.422615e-05	9.785388e-03	7.346293e-05	1.513485e-03	1.425033e-03	7.346293e-05	-7.346293e-05	8.900865e-03	-1.066991e-02
82            	2.938439e-03	-4.105008e-21	-1.768619e-03	4.421548e-05	9.784315e-03	7.346097e-05	1.513435e-03	1.425004e-03	7.346097e-05	-7.346097e-05	8.900006e-03	-1.066862e-02
83            	2.938346e-03	-4.105910e-21	-1.768286e-03	4.420714e-05	9.783407e-03	7.345864e-05	1.513380e-03	1.424966e-03	7.345864e-05	-7.345864e-05	8.899264e-03	-1.066755e-02
84            	2.938264e-03	-4.106800e-21	-1.768090e-03	4.420225e-05	9.782817e-03	7.345660e-05	1.513334e-03	1.424930e-03	7.345660e-05	-7.345660e-05	8.898772e-03	-1.066686e-02
85            	2.938227e-03	-4.108110e-21	-1.768059e-03	4.420147e-05	9.782678e-03	7.345568e-05	1.513315e-03	1.424912e-03	7.345568e-05	-7.345568e-05	8.898649e-03	-1.066671e-02
86            	2.938267e-03	-4.111352e-21	-1.768178e-03	4.420445e-05	9.783034e-03	7.345667e-05	1.513338e-03	1.424929e-03	7.345667e-05	-7.345667e-05	8.898945e-03	-1.066712e-02
87            	2.938367e-03	-4.114166e-21	-1.768351e-03	4.420877e-05	9.783642e-03	7.345918e-05	1.513392e-03	1.424975e-03	7.345918e-05	-7.345918e-05	8.899467e-03	-1.066782e-02
88            	2.938489e-03	-4.116353e-21	-1.768487e-03	4.421219e-05	9.784226e-03	7.346223e-05	1.513457e-03	1.425033e-03	7.346223e-05	-7.346223e-05	8.899983e-03	-1.066847e-02
89            	2.938621e-03	-4.119013e-21	-1.768540e-03	4.421350e-05	9.784661e-03	7.346553e-05	1.513524e-03	1.425097e-03	7.346553e-05	-7.346553e-05	8.900391e-03	-1.066893e-02
90            	2.938741e-03	-4.120967e-21	-1.768459e-03	4.421148e-05	9.784789e-03	7.346852e-05	1.513582e-03	1.425159e-03	7.346852e-05	-7.346852e-05	8.900560e-03	-1.066902e-02
91            	2.938811e-03	-4.122188e-21	-1.768236e-03	4.420590e-05	9.784505e-03	7.347028e-05	1.513612e-03	1.425200e-03	7.347028e-05	-7.347028e-05	8.900387e-03	-1.066862e-02
92            	2.938835e-03	-4.123471e-21	-1.767945e-03	4.419864e-05	9.783974e-03	7.347088e-05	1.513616e-03	1.425219e-03	7.347088e-05	-7.347088e-05	8.900001e-03	-1.066795e-02
93            	2.938823e-03	-4.125304e-21	-1.767642e-03	4.419106e-05	9.783333e-03	7.347057e-05	1.513602e-03	1.425220e-03	7.347057e-05	-7.347057e-05	8.899511e-03	-1.066715e-02
94            	2.938791e-03	-4.126814e-21	-1.767368e-03	4.418420e-05	9.782706e-03	7.346977e-05	1.513580e-03	1.425211e-03	7.346977e-05	-7.346977e-05	8.899022e-03	-1.066639e-02
95            	2.938752e-03	-4.128187e-21	-1.767151e-03	4.417878e-05	9.782185e-03	7.346880e-05	1.513555e-03	1.425197e-03	7.346880e-05	-7.346880e-05	8.898610e-03	-1.066576e-02
96            	2.938723e-03	-4.129647e-21	-1.767011e-03	4.417527e-05	9.781847e-03	7.346807e-05	1.513537e-03	1.425186e-03	7.346807e-05	-7.346807e-05	8.898342e-03	-1.066535e-02
97            	2.938721e-03	-4.131283e-21	-1.766955e-03	4.417388e-05	9.781752e-03	7.346803e-05	1.513535e-03	1.425187e-03	7.346803e-05	-7.346803e-05	8.898275e-03	-1.066523e-02
98            	2.938754e-03	-4.133655e-21	-1.766965e-03	4.417412e-05	9.781872e-03	7.346885e-05	1.513551e-03	1.425203e-03	7.346885e-05	-7.346885e-05	8.898390e-03	-1.066535e-02
99            	2.938812e-03	-4.135789e-21	-1.766992e-03	4.417480e-05	9.782088e-03	7.347029e-05	1.513581e-03	1.425231e-03	7.347029e-05	-7.347029e-05	8.898592e-03	-1.066558e-02
100           	2.938878e-03	-4.137610e-21	-1.766994e-03	4.417486e-05	9.782270e-03	7.347195e-05	1.513614e-03	1.425264e-03	7.347195e-05	-7.347195e-05	8.898773e-03	-1.066577e-02
101           	2.938943e-03	-4.139519e-21	-1.766949e-03	4.417373e-05	9.782349e-03	7.347357e-05	1.513645e-03	1.425298e-03	7.347357e-05	-7.347357e-05	8.898875e-03	-1.066582e-02
102           	2.938996e-03	-4.140959e-21	-1.766843e-03	4.417108e-05	9.782275e-03	7.347491e-05	1.513669e-03	1.425327e-03	7.347491e-05	-7.347491e-05	8.898853e-03	-1.066570e-02
103           	2.939027e-03	-4.142110e-21	-1.766683e-03	4.416708e-05	9.782033e-03	7.347567e-05	1.513680e-03	1.425346e-03	7.347567e-05	-7.347567e-05	8.898692e-03	-1.066537e-02
104           	2.939032e-03	-4.143162e-21	-1.766500e-03	4.416250e-05	9.781684e-03	7.347580e-05	1.513679e-03	1.425354e-03	7.347580e-05	-7.347580e-05	8.898434e-03	-1.066493e-02
105           	2.939021e-03	-4.144138e-21	-1.766328e-03	4.415820e-05	9.781319e-03	7.347553e-05	1.513669e-03	1.425352e-03	7.347553e-05	-7.347553e-05	8.898155e-03	-1.066448e-02
106           	2.939003e-03	-4.145153e-21	-1.766185e-03	4.415462e-05	9.780997e-03	7.347508e-05	1.513656e-03	1.425347e-03	7.347508e-05	-7.347508e-05	8.897904e-03	-1.066409e-02
107           	2.938986e-03	-4.146103e-21	-1.766077e-03	4.415193e-05	9.780750e-03	7.347465e-05	1.513645e-03	1.425341e-03	7.347465e-05	-7.347465e-05	8.897711e-03	-1.066379e-02
108           	2.938979e-03	-4.147087e-21	-1.766015e-03	4.415038e-05	9.780622e-03	7.347446e-05	1.513640e-03	1.425339e-03	7.347446e-05	-7.347446e-05	8.897615e-03	-1.066363e-02
109           	2.938989e-03	-4.148375e-21	-1.765997e-03	4.414993e-05	9.780625e-03	7.347471e-05	1.513644e-03	1.425344e-03	7.347471e-05	-7.347471e-05	8.897626e-03	-1.066362e-02
110           	2.939015e-03	-4.149613e-21	-1.766003e-03	4.415007e-05	9.780714e-03	7.347536e-05	1.513657e-03	1.425357e-03	7.347536e-05	-7.347536e-05	8.897713e-03	-1.066372e-02
111           	2.939048e-03	-4.150647e-21	-1.766006e-03	4.415014e-05	9.780813e-03	7.347619e-05	1.513674e-03	1.425374e-03	7.347619e-05	-7.347619e-05	8.897810e-03	-1.066382e-02
112           	2.939083e-03	-4.151676e-21	-1.765991e-03	4.414978e-05	9.780878e-03	7.347707e-05	1.513691e-03	1.425392e-03	7.347707e-05	-7.347707e-05	8.897882e-03	-1.066387e-02
113           	2.939114e-03	-4.152669e-21	-1.765950e-03	4.414874e-05	9.780878e-03	7.347785e-05	1.513706e-03	1.425408e-03	7.347785e-05	-7.347785e-05	8.897903e-03	-1.066385e-02
114           	2.939136e-03	-4.153359e-21	-1.765878e-03	4.414695e-05	9.780793e-03	7.347841e-05	1.513715e-03	1.425421e-03	7.347841e-05	-7.347841e-05	8.897854e-03	-1.066373e-02
115           	2.939145e-03	-4.153900e-21	-1.765787e-03	4.414467e-05	9.780633e-03	7.347862e-05	1.513717e-03	1.425428e-03	7.347862e-05	-7.347862e-05	8.897740e-03	-1.066353e-02
116           	2.939142e-03	-4.154404e-21	-1.765696e-03	4.414241e-05	9.780448e-03	7.347855e-05	1.513713e-03	1.425429e-03	7.347855e-05	-7.347855e-05	8.897600e-03	-1.066330e-02
117           	2.939134e-03	-4.154915e-21	-1.765619e-03	4.414047e-05	9.780277e-03	7.347834e-05	1.513707e-03	1.425426e-03	7.347834e-05	-7.347834e-05	8.897468e-03	-1.066309e-02
118           	2.939123e-03	-4.155374e-21	-1.765558e-03	4.413894e-05	9.780135e-03	7.347808e-05	1.513700e-03	1.425423e-03	7.347808e-05	-7.347808e-05	8.897356e-03	-1.066291e-02
119           	2.939115e-03	-4.155824e-21	-1.765517e-03	4.413793e-05	9.780042e-03	7.347788e-05	1.513696e-03	1.425420e-03	7.347788e-05	-7.347788e-05	8.897284e-03	-1.066280e-02
120           	2.939114e-03	-4.156304e-21	-1.765501e-03	4.413752e-05	9.780015e-03	7.347785e-05	1.513695e-03	1.425419e-03	7.347785e-05	-7.347785e-05	8.897264e-03	-1.066277e-02
121           	2.939122e-03	-4.156964e-21	-1.765501e-03	4.413753e-05	9.780043e-03	7.347805e-05	1.513699e-03	1.425424e-03	7.347805e-05	-7.347805e-05	8.897292e-03	-1.066279e-02
122           	2.939136e-03	-4.157435e-21	-1.765507e-03	4.413766e-05	9.780093e-03	7.347839e-05	1.513705e-03	1.425430e-03	7.347839e-05	-7.347839e-05	8.897340e-03	-1.066285e-02
123           	2.939151e-03	-4.157911e-21	-1.765506e-03	4.413764e-05	9.780134e-03	7.347876e-05	1.513713e-03	1.425438e-03	7.347876e-05	-7.347876e-05	8.897381e-03	-1.066289e-02
124           	2.939165e-03	-4.158370e-21	-1.765493e-03	4.413733e-05	9.780148e-03	7.347913e-05	1.513720e-03	1.425445e-03	7.347913e-05	-7.347913e-05	8.897402e-03	-1.066290e-02
125           	2.939176e-03	-4.158790e-21	-1.765467e-03	4.413668e-05	9.780126e-03	7.347941e-05	1.513725e-03	1.425451e-03	7.347941e-05	-7.347941e-05	8.897392e-03	-1.066286e-02
126           	2.939182e-03	-4.159031e-21	-1.765428e-03	4.413569e-05	9.780063e-03	7.347955e-05	1.513727e-03	1.425455e-03	7.347955e-05	-7.347955e-05	8.897349e-03	-1.066278e-02
127           	2.939181e-03	-4.159224e-21	-1.765384e-03	4.413460e-05	9.779976e-03	7.347953e-05	1.513725e-03	1.425456e-03	7.347953e-05	-7.347953e-05	8.897284e-03	-1.066267e-02
128           	2.939177e-03	-4.159397e-21	-1.765345e-03	4.413363e-05	9.779889e-03	7.347942e-05	1.513722e-03	1.425455e-03	7.347942e-05	-7.347942e-05	8.897216e-03	-1.066256e-02
129           	2.939170e-03	-4.159581e-21	-1.765314e-03	4.413285e-05	9.779813e-03	7.347926e-05	1.513718e-03	1.425452e-03	7.347926e-05	-7.347926e-05	8.897156e-03	-1.066247e-02
130           	2.939164e-03	-4.159739e-21	-1.765292e-03	4.413231e-05	9.779759e-03	7.347911e-05	1.513715e-03	1.425450e-03	7.347911e-05	-7.347911e-05	8.897113e-03	-1.066241e-02
131           	2.939161e-03	-4.159900e-21	-1.765283e-03	4.413207e-05	9.779735e-03	7.347903e-05	1.513713e-03	1.425448e-03	7.347903e-05	-7.347903e-05	8.897094e-03	-1.066238e-02
132           	2.939162e-03	-4.160154e-21	-1.765283e-03	4.413209e-05	9.779743e-03	7.347905e-05	1.513713e-03	1.425449e-03	7.347905e-05	-7.347905e-05	8.897101e-03	-1.066238e-02
133           	2.939167e-03	-4.160369e-21	-1.765290e-03	4.413224e-05	9.779770e-03	7.347917e-05	1.513716e-03	1.425451e-03	7.347917e-05	-7.347917e-05	8.897125e-03	-1.066241e-02
134           	2.939173e-03	-4.160525e-21	-1.765294e-03	4.413235e-05	9.779797e-03	7.347932e-05	1.513719e-03	1.425454e-03	7.347932e-05	-7.347932e-05	8.897149e-03	-1.066244e-02
135           	2.939179e-03	-4.160688e-21	-1.765295e-03	4.413237e-05	9.779815e-03	7.347947e-05	1.513722e-03	1.425457e-03	7.347947e-05	-7.347947e-05	8.897168e-03	-1.066246e-02
136           	2.939184e-03	-4.160842e-21	-1.765289e-03	4.413222e-05	9.779818e-03	7.347961e-05	1.513724e-03	1.425460e-03	7.347961e-05	-7.347961e-05	8.897173e-03	-1.066246e-02
137           	2.939187e-03	-4.160915e-21	-1.765275e-03	4.413188e-05	9.779799e-03	7.347969e-05	1.513726e-03	1.425462e-03	7.347969e-05	-7.347969e-05	8.897161e-03	-1.066244e-02
138           	2.939187e-03	-4.160959e-21	-1.765257e-03	4.413144e-05	9.779763e-03	7.347968e-05	1.513725e-03	1.425462e-03	7.347968e-05	-7.347968e-05	8.897134e-03	-1.066239e-02
139           	2.939185e-03	-4.161004e-21	-1.765241e-03	4.413102e-05	9.779725e-03	7.347962e-05	1.513723e-03	1.425461e-03	7.347962e-05	-7.347962e-05	8.897104e-03	-1.066235e-02
140           	2.939181e-03	-4.161049e-21	-1.765228e-03	4.413069e-05	9.779690e-03	7.347953e-05	1.513721e-03	1.425460e-03	7.347953e-05	-7.347953e-05	8.897077e-03	-1.066230e-02
141           	2.939178e-03	-4.161075e-21	-1.765219e-03	4.413047e-05	9.779665e-03	7.347944e-05	1.513719e-03	1.425458e-03	7.347944e-05	-7.347944e-05	8.897055e-03	-1.066227e-02
142           	2.939175e-03	-4.161129e-21	-1.765216e-03	4.413040e-05	9.779654e-03	7.347937e-05	1.513718e-03	1.425457e-03	7.347937e-05	-7.347937e-05	8.897046e-03	-1.066226e-02
143           	2.939174e-03	-4.161198e-21	-1.765219e-03	4.413048e-05	9.779660e-03	7.347936e-05	1.513718e-03	1.425457e-03	7.347936e-05	-7.347936e-05	8.897051e-03	-1.066227e-02
144           	2.939176e-03	-4.161258e-21	-1.765225e-03	4.413063e-05	9.779677e-03	7.347939e-05	1.513719e-03	1.425457e-03	7.347939e-05	-7.347939e-05	8.897064e-03	-1.066229e-02
145           	2.939178e-03	-4.161288e-21	-1.765231e-03	4.413077e-05	9.779695e-03	7.347945e-05	1.513720e-03	1.425458e-03	7.347945e-05	-7.347945e-05	8.897079e-03	-1.066231e-02
146           	2.939180e-03	-4.161322e-21	-1.765235e-03	4.413086e-05	9.779709e-03	7.347951e-05	1.513721e-03	1.425459e-03	7.347951e-05	-7.347951e-05	8.897092e-03	-1.066233e-02
147           	2.939183e-03	-4.161354e-21	-1.765236e-03	4.413090e-05	9.779718e-03	7.347957e-05	1.513722e-03	1.425460e-03	7.347957e-05	-7.347957e-05	8.897100e-03	-1.066234e-02
148           	2.939184e-03	-4.161357e-21	-1.765234e-03	4.413084e-05	9.779716e-03	7.347960e-05	1.513723e-03	1.425461e-03	7.347960e-05	-7.347960e-05	8.897099e-03	-1.066233e-02
149           	2.939184e-03	-4.161350e-21	-1.765229e-03	4.413072e-05	9.779707e-03	7.347960e-05	1.513723e-03	1.425461e-03	7.347960e-05	-7.347960e-05	8.897092e-03	-1.066232e-02
150           	2.939183e-03	-4.161345e-21	-1.765223e-03	4.413057e-05	9.779693e-03	7.347958e-05	1.513722e-03	1.425461e-03	7.347958e-05	-7.347958e-05	8.897081e-03	-1.066230e-02
151           	2.939181e-03	-4.161341e-21	-1.765217e-03	4.413043e-05	9.779677e-03	7.347953e-05	1.513721e-03	1.425460e-03	7.347953e-05	-7.347953e-05	8.897068e-03	-1.066229e-02
152           	2.939179e-03	-4.161329e-21	-1.765214e-03	4.413034e-05	9.779664e-03	7.347948e-05	1.513720e-03	1.425459e-03	7.347948e-05	-7.347948e-05	8.897057e-03	-1.066227e-02
153           	2.939177e-03	-4.161328e-21	-1.765212e-03	4.413030e-05	9.779657e-03	7.347943e-05	1.513719e-03	1.425458e-03	7.347943e-05	-7.347943e-05	8.897051e-03	-1.066226e-02
154           	2.939176e-03	-4.161334e-21	-1.765214e-03	4.413034e-05	9.779658e-03	7.347940e-05	1.513718e-03	1.425458e-03	7.347940e-05	-7.347940e-05	8.897051e-03	-1.066226e-02
155           	2.939176e-03	-4.161343e-21	-1.765217e-03	4.413044e-05	9.779665e-03	7.347939e-05	1.513718e-03	1.425457e-03	7.347939e-05	-7.347939e-05	8.897056e-03	-1.066227e-02
156           	2.939176e-03	-4.161335e-21	-1.765222e-03	4.413054e-05	9.779675e-03	7.347941e-05	1.513719e-03	1.425458e-03	7.347941e-05	-7.347941e-05	8.897064e-03	-1.066229e-02
157           	2.939177e-03	-4.161332e-21	-1.765225e-03	4.413063e-05	9.779684e-03	7.347943e-05	1.513719e-03	1.425458e-03	7.347943e-05	-7.347943e-05	8.897072e-03	-1.066230e-02
158           	2.939178e-03	-4.161330e-21	-1.765228e-03	4.413069e-05	9.779692e-03	7.347945e-05	1.513720e-03	1.425458e-03	7.347945e-05	-7.347945e-05	8.897078e-03	-1.066231e-02
159           	2.939179e-03	-4.161327e-21	-1.765229e-03	4.413072e-05	9.779696e-03	7.347947e-05	1.513720e-03	1.425459e-03	7.347947e-05	-7.347947e-05	8.897082e-03	-1.066231e-02
160           	2.939179e-03	-4.161311e-21	-1.765228e-03	4.413071e-05	9.779696e-03	7.347948e-05	1.513720e-03	1.425459e-03	7.347948e-05	-7.347948e-05	8.897082e-03	-1.066231e-02
161           	2.939179e-03	-4.161289e-21	-1.765227e-03	4.413067e-05	9.779692e-03	7.347947e-05	1.513720e-03	1.425459e-03	7.347947e-05	-7.347947e-05	8.897078e-03	-1.066231e-02
162           	2.939178e-03	-4.161276e-21	-1.765225e-03	4.413063e-05	9.779686e-03	7.347945e-05	1.513720e-03	1.425458e-03	7.347945e-05	-7.347945e-05	8.897073e-03	-1.066230e-02
163           	2.939177e-03	-4.161258e-21	-1.765224e-03	4.413059e-05	9.779680e-03	7.347942e-05	1.513719e-03	1.425458e-03	7.347942e-05	-7.347942e-05	8.897068e-03	-1.066229e-02
164           	2.939176e-03	-4.161238e-21	-1.765223e-03	4.413057e-05	9.779676e-03	7.347939e-05	1.513718e-03	1.425457e-03	7.347939e-05	-7.347939e-05	8.897064e-03	-1.066229e-02
165           	2.939175e-03	-4.161219e-21	-1.765224e-03	4.413059e-05	9.779675e-03	7.347937e-05	1.513718e-03	1.425457e-03	7.347937e-05	-7.347937e-05	8.897063e-03	-1.066229e-02
166           	2.939174e-03	-4.161215e-21	-1.765226e-03	4.413064e-05	9.779678e-03	7.347935e-05	1.513718e-03	1.425456e-03	7.347935e-05	-7.347935e-05	8.897065e-03	-1.066229e-02
167           	2.939174e-03	-4.161210e-21	-1.765228e-03	4.413071e-05	9.779683e-03	7.347935e-05	1.513718e-03	1.425456e-03	7.347935e-05	-7.347935e-05	8.897069e-03	-1.066230e-02
168           	2.939174e-03	-4.161198e-21	-1.765231e-03	4.413077e-05	9.779689e-03	7.347936e-05	1.513718e-03	1.425456e-03	7.347936e-05	-7.347936e-05	8.897073e-03	-1.066230e-02
169           	2.939175e-03	-4.161190e-21	-1.765233e-03	4.413082e-05	9.779694e-03	7.347937e-05	1.513718e-03	1.425457e-03	7.347937e-05	-7.347937e-05	8.897078e-03	-1.066231e-02
170           	2.939175e-03	-4.161182e-21	-1.765234e-03	4.413086e-05	9.779698e-03	7.347938e-05	1.513718e-03	1.425457e-03	7.347938e-05	-7.347938e-05	8.897081e-03	-1.066232e-02
171           	2.939175e-03	-4.161173e-21	-1.765235e-03	4.413088e-05	9.779700e-03	7.347939e-05	1.513719e-03	1.425457e-03	7.347939e-05	-7.347939e-05	8.897083e-03	-1.066232e-02
172           	2.939175e-03	-4.161162e-21	-1.765235e-03	4.413088e-05	9.779700e-03	7.347939e-05	1.513719e-03	1.425457e-03	7.347939e-05	-7.347939e-05	8.897082e-03	-1.066232e-02
173           	2.939175e-03	-4.161144e-21	-1.765235e-03	4.413087e-05	9.779698e-03	7.347938e-05	1.513718e-03	1.425457e-03	7.347938e-05	-7.347938e-05	8.897081e-03	-1.066232e-02
174           	2.939175e-03	-4.161133e-21	-1.765234e-03	4.413085e-05	9.779696e-03	7.347937e-05	1.513718e-03	1.425456e-03	7.347937e-05	-7.347937e-05	8.897079e-03	-1.066231e-02
175           	2.939174e-03	-4.161120e-21	-1.765234e-03	4.413085e-05	9.779694e-03	7.347935e-05	1.513718e-03	1.425456e-03	7.347935e-05	-7.347935e-05	8.897077e-03	-1.066231e-02
