# Force coefficients
# dragDir     : (1.000000e+00 0.000000e+00 0.000000e+00)
# sideDir     : (0.000000e+00 0.000000e+00 -1.000000e+00)
# liftDir     : (0.000000e+00 1.000000e+00 0.000000e+00)
# rollAxis    : (1.000000e+00 0.000000e+00 0.000000e+00)
# pitchAxis   : (0.000000e+00 0.000000e+00 -1.000000e+00)
# yawAxis     : (0.000000e+00 1.000000e+00 0.000000e+00)
# magUInf     : 4.000000e-02
# lRef        : 1.000000e-01
# Aref        : 1.000000e-01
# CofR        : (0.000000e+00 0.000000e+00 0.000000e+00)
#
# Time        	Cd            	Cs            	Cl            	CmRoll        	CmPitch       	CmYaw         	Cd(f)         	Cd(r)         	Cs(f)         	Cs(r)         	Cl(f)         	Cl(r)         
1             	7.381024e-04	-1.316107e-19	-3.791372e-04	9.478430e-06	2.382464e-03	1.845256e-05	3.785296e-04	3.595728e-04	1.845256e-05	-1.845256e-05	2.192895e-03	-2.572033e-03
2             	2.473453e-03	-1.676932e-19	-8.035446e-04	2.008862e-05	7.002817e-03	6.183632e-05	1.256815e-03	1.216638e-03	6.183632e-05	-6.183632e-05	6.601045e-03	-7.404590e-03
3             	2.207179e-03	-5.479375e-20	-9.924509e-05	2.481127e-06	4.958685e-03	5.517946e-05	1.106070e-03	1.101108e-03	5.517946e-05	-5.517946e-05	4.909063e-03	-5.008308e-03
4             	1.554370e-03	-9.676211e-21	5.062144e-04	-1.265536e-05	2.269132e-03	3.885926e-05	7.645298e-04	7.898405e-04	3.885926e-05	-3.885926e-05	2.522239e-03	-2.016025e-03
5             	1.209571e-03	2.772405e-20	1.587046e-04	-3.967614e-06	2.245656e-03	3.023929e-05	6.008181e-04	6.087534e-04	3.023929e-05	-3.023929e-05	2.325008e-03	-2.166303e-03
6             	1.155517e-03	1.897971e-20	-3.978759e-04	9.946896e-06	3.298909e-03	2.888793e-05	5.877055e-04	5.678117e-04	2.888793e-05	-2.888793e-05	3.099971e-03	-3.497847e-03
7             	1.288636e-03	9.829402e-21	-6.844217e-04	1.711054e-05	4.191416e-03	3.221590e-05	6.614284e-04	6.272074e-04	3.221590e-05	-3.221590e-05	3.849206e-03	-4.533627e-03
8             	1.514596e-03	-7.915309e-21	-6.564183e-04	1.641046e-05	4.647179e-03	3.786489e-05	7.737083e-04	7.408874e-04	3.786489e-05	-3.786489e-05	4.318970e-03	-4.975388e-03
9             	1.679607e-03	-1.533980e-20	-3.862960e-04	9.657400e-06	4.490981e-03	4.199018e-05	8.494611e-04	8.301463e-04	4.199018e-05	-4.199018e-05	4.297833e-03	-4.684129e-03
10            	1.742442e-03	-1.930968e-20	-5.942987e-05	1.485747e-06	4.015583e-03	4.356105e-05	8.727068e-04	8.697353e-04	4.356105e-05	-4.356105e-05	3.985868e-03	-4.045298e-03
11            	1.751378e-03	-1.920736e-20	2.151689e-04	-5.379222e-06	3.542745e-03	4.378445e-05	8.703098e-04	8.810682e-04	4.378445e-05	-4.378445e-05	3.650329e-03	-3.435160e-03
12            	1.741484e-03	-1.851218e-20	4.025533e-04	-1.006383e-05	3.206753e-03	4.353710e-05	8.606783e-04	8.808059e-04	4.353710e-05	-4.353710e-05	3.408029e-03	-3.005476e-03
13            	1.728227e-03	-1.751263e-20	5.180645e-04	-1.295161e-05	3.003070e-03	4.320568e-05	8.511619e-04	8.770651e-04	4.320568e-05	-4.320568e-05	3.262102e-03	-2.744038e-03
14            	1.715754e-03	-1.762659e-20	5.829279e-04	-1.457320e-05	2.889857e-03	4.289384e-05	8.433036e-04	8.724500e-04	4.289384e-05	-4.289384e-05	3.181321e-03	-2.598394e-03
15            	1.708324e-03	-1.739221e-20	6.519866e-04	-1.629966e-05	2.770080e-03	4.270810e-05	8.378623e-04	8.704616e-04	4.270810e-05	-4.270810e-05	3.096074e-03	-2.444087e-03
16            	1.701426e-03	-1.766743e-20	7.186226e-04	-1.796557e-05	2.647550e-03	4.253566e-05	8.327476e-04	8.686787e-04	4.253566e-05	-4.253566e-05	3.006862e-03	-2.288239e-03
17            	1.693734e-03	-1.798072e-20	7.866430e-04	-1.966607e-05	2.514438e-03	4.234336e-05	8.272011e-04	8.665333e-04	4.234336e-05	-4.234336e-05	2.907759e-03	-2.121116e-03
18            	1.685112e-03	-1.825321e-20	8.545543e-04	-2.136386e-05	2.375578e-03	4.212781e-05	8.211923e-04	8.639200e-04	4.212781e-05	-4.212781e-05	2.802855e-03	-1.948301e-03
19            	1.675648e-03	-1.850208e-20	9.182653e-04	-2.295663e-05	2.240679e-03	4.189121e-05	8.148676e-04	8.607809e-04	4.189121e-05	-4.189121e-05	2.699811e-03	-1.781546e-03
20            	1.668594e-03	-1.922747e-20	9.931758e-04	-2.482939e-05	2.088358e-03	4.171485e-05	8.094675e-04	8.591263e-04	4.171485e-05	-4.171485e-05	2.584946e-03	-1.591770e-03
21            	1.659591e-03	-1.924469e-20	1.035254e-03	-2.588135e-05	1.994822e-03	4.148977e-05	8.039141e-04	8.556768e-04	4.148977e-05	-4.148977e-05	2.512449e-03	-1.477195e-03
22            	1.654053e-03	-1.954372e-20	1.086599e-03	-2.716498e-05	1.890603e-03	4.135133e-05	7.998616e-04	8.541916e-04	4.135133e-05	-4.135133e-05	2.433903e-03	-1.347303e-03
23            	1.647872e-03	-1.951470e-20	1.121447e-03	-2.803617e-05	1.815229e-03	4.119681e-05	7.959001e-04	8.519724e-04	4.119681e-05	-4.119681e-05	2.375952e-03	-1.254505e-03
24            	1.643575e-03	-1.955972e-20	1.156936e-03	-2.892340e-05	1.741706e-03	4.108938e-05	7.928641e-04	8.507109e-04	4.108938e-05	-4.108938e-05	2.320174e-03	-1.163238e-03
25            	1.640088e-03	-1.957807e-20	1.192443e-03	-2.981108e-05	1.668520e-03	4.100219e-05	7.902327e-04	8.498549e-04	4.100219e-05	-4.100219e-05	2.264742e-03	-1.072299e-03
26            	1.636911e-03	-1.957427e-20	1.226217e-03	-3.065541e-05	1.598642e-03	4.092277e-05	7.878000e-04	8.491109e-04	4.092277e-05	-4.092277e-05	2.211751e-03	-9.855340e-04
27            	1.633646e-03	-1.950147e-20	1.258527e-03	-3.146318e-05	1.530833e-03	4.084115e-05	7.853598e-04	8.482861e-04	4.084115e-05	-4.084115e-05	2.160097e-03	-9.015694e-04
28            	1.629955e-03	-1.943683e-20	1.287812e-03	-3.219529e-05	1.467702e-03	4.074889e-05	7.827824e-04	8.471730e-04	4.074889e-05	-4.074889e-05	2.111608e-03	-8.237964e-04
29            	1.626317e-03	-1.940259e-20	1.312800e-03	-3.282000e-05	1.412897e-03	4.065794e-05	7.803387e-04	8.459787e-04	4.065794e-05	-4.065794e-05	2.069297e-03	-7.564968e-04
30            	1.623057e-03	-1.931698e-20	1.335576e-03	-3.338941e-05	1.363047e-03	4.057642e-05	7.781390e-04	8.449178e-04	4.057642e-05	-4.057642e-05	2.030835e-03	-6.952588e-04
31            	1.620180e-03	-1.926807e-20	1.354629e-03	-3.386571e-05	1.321084e-03	4.050450e-05	7.762244e-04	8.439558e-04	4.050450e-05	-4.050450e-05	1.998398e-03	-6.437695e-04
32            	1.617805e-03	-1.920588e-20	1.370931e-03	-3.427329e-05	1.285398e-03	4.044512e-05	7.746290e-04	8.431756e-04	4.044512e-05	-4.044512e-05	1.970864e-03	-5.999324e-04
33            	1.615769e-03	-1.914062e-20	1.385092e-03	-3.462730e-05	1.254375e-03	4.039422e-05	7.732571e-04	8.425117e-04	4.039422e-05	-4.039422e-05	1.946921e-03	-5.618286e-04
34            	1.613976e-03	-1.907468e-20	1.397181e-03	-3.492953e-05	1.227682e-03	4.034939e-05	7.720582e-04	8.419173e-04	4.034939e-05	-4.034939e-05	1.926272e-03	-5.290909e-04
35            	1.612346e-03	-1.900859e-20	1.407442e-03	-3.518606e-05	1.204689e-03	4.030866e-05	7.709872e-04	8.413593e-04	4.030866e-05	-4.030866e-05	1.908410e-03	-5.009673e-04
36            	1.610811e-03	-1.894335e-20	1.416066e-03	-3.540165e-05	1.184897e-03	4.027027e-05	7.700038e-04	8.408071e-04	4.027027e-05	-4.027027e-05	1.892930e-03	-4.768635e-04
37            	1.609334e-03	-1.887980e-20	1.423210e-03	-3.558024e-05	1.167962e-03	4.023335e-05	7.690868e-04	8.402473e-04	4.023335e-05	-4.023335e-05	1.879567e-03	-4.563571e-04
38            	1.607930e-03	-1.883470e-20	1.429023e-03	-3.572557e-05	1.153673e-03	4.019826e-05	7.682397e-04	8.396908e-04	4.019826e-05	-4.019826e-05	1.868185e-03	-4.391619e-04
39            	1.606613e-03	-1.879543e-20	1.433528e-03	-3.583820e-05	1.142055e-03	4.016532e-05	7.674683e-04	8.391447e-04	4.016532e-05	-4.016532e-05	1.858819e-03	-4.252911e-04
40            	1.605424e-03	-1.875701e-20	1.436716e-03	-3.591789e-05	1.133247e-03	4.013561e-05	7.667944e-04	8.386301e-04	4.013561e-05	-4.013561e-05	1.851604e-03	-4.148888e-04
41            	1.604390e-03	-1.871313e-20	1.438734e-03	-3.596835e-05	1.127009e-03	4.010974e-05	7.662265e-04	8.381632e-04	4.010974e-05	-4.010974e-05	1.846376e-03	-4.076421e-04
42            	1.603477e-03	-1.866251e-20	1.439837e-03	-3.599593e-05	1.122768e-03	4.008693e-05	7.657427e-04	8.377345e-04	4.008693e-05	-4.008693e-05	1.842687e-03	-4.028495e-04
43            	1.602633e-03	-1.860674e-20	1.440243e-03	-3.600607e-05	1.119974e-03	4.006582e-05	7.653104e-04	8.373225e-04	4.006582e-05	-4.006582e-05	1.840095e-03	-3.998527e-04
44            	1.601804e-03	-1.854040e-20	1.440052e-03	-3.600129e-05	1.118318e-03	4.004510e-05	7.649008e-04	8.369033e-04	4.004510e-05	-4.004510e-05	1.838344e-03	-3.982922e-04
45            	1.600954e-03	-1.847824e-20	1.439388e-03	-3.598471e-05	1.117487e-03	4.002384e-05	7.644921e-04	8.364615e-04	4.002384e-05	-4.002384e-05	1.837181e-03	-3.977930e-04
46            	1.600083e-03	-1.841692e-20	1.438290e-03	-3.595725e-05	1.117428e-03	4.000208e-05	7.640843e-04	8.359988e-04	4.000208e-05	-4.000208e-05	1.836573e-03	-3.982828e-04
47            	1.599197e-03	-1.835659e-20	1.436785e-03	-3.591961e-05	1.118102e-03	3.997992e-05	7.636787e-04	8.355180e-04	3.997992e-05	-3.997992e-05	1.836495e-03	-3.997101e-04
48            	1.598300e-03	-1.829781e-20	1.434937e-03	-3.587343e-05	1.119398e-03	3.995750e-05	7.632765e-04	8.350234e-04	3.995750e-05	-3.995750e-05	1.836867e-03	-4.019296e-04
49            	1.597415e-03	-1.824662e-20	1.432736e-03	-3.581841e-05	1.121392e-03	3.993538e-05	7.628891e-04	8.345259e-04	3.993538e-05	-3.993538e-05	1.837760e-03	-4.050236e-04
50            	1.596604e-03	-1.818988e-20	1.430290e-03	-3.575724e-05	1.124014e-03	3.991509e-05	7.625446e-04	8.340591e-04	3.991509e-05	-3.991509e-05	1.839159e-03	-4.088696e-04
51            	1.595818e-03	-1.814180e-20	1.427641e-03	-3.569103e-05	1.127062e-03	3.989544e-05	7.622178e-04	8.335998e-04	3.989544e-05	-3.989544e-05	1.840883e-03	-4.132418e-04
52            	1.595099e-03	-1.809050e-20	1.424930e-03	-3.562325e-05	1.130371e-03	3.987749e-05	7.619265e-04	8.331730e-04	3.987749e-05	-3.987749e-05	1.842836e-03	-4.179062e-04
53            	1.594411e-03	-1.804266e-20	1.422144e-03	-3.555360e-05	1.133867e-03	3.986027e-05	7.616518e-04	8.327590e-04	3.986027e-05	-3.986027e-05	1.844939e-03	-4.227953e-04
54            	1.593717e-03	-1.799796e-20	1.419431e-03	-3.548579e-05	1.137215e-03	3.984293e-05	7.613729e-04	8.323445e-04	3.984293e-05	-3.984293e-05	1.846931e-03	-4.274993e-04
55            	1.593101e-03	-1.795470e-20	1.416650e-03	-3.541625e-05	1.140846e-03	3.982753e-05	7.611343e-04	8.319668e-04	3.982753e-05	-3.982753e-05	1.849171e-03	-4.325213e-04
56            	1.592484e-03	-1.791442e-20	1.413952e-03	-3.534879e-05	1.144332e-03	3.981209e-05	7.608930e-04	8.315906e-04	3.981209e-05	-3.981209e-05	1.851308e-03	-4.373566e-04
57            	1.591897e-03	-1.787938e-20	1.411260e-03	-3.528150e-05	1.147870e-03	3.979743e-05	7.606672e-04	8.312302e-04	3.979743e-05	-3.979743e-05	1.853500e-03	-4.422399e-04
58            	1.591372e-03	-1.784240e-20	1.408667e-03	-3.521667e-05	1.151362e-03	3.978429e-05	7.604691e-04	8.309025e-04	3.978429e-05	-3.978429e-05	1.855696e-03	-4.470290e-04
59            	1.590869e-03	-1.781110e-20	1.406093e-03	-3.515234e-05	1.154875e-03	3.977174e-05	7.602824e-04	8.305871e-04	3.977174e-05	-3.977174e-05	1.857922e-03	-4.518287e-04
60            	1.590419e-03	-1.777812e-20	1.403622e-03	-3.509055e-05	1.158323e-03	3.976048e-05	7.601191e-04	8.303002e-04	3.976048e-05	-3.976048e-05	1.860134e-03	-4.565115e-04
61            	1.589992e-03	-1.775027e-20	1.401186e-03	-3.502966e-05	1.161761e-03	3.974981e-05	7.599665e-04	8.300258e-04	3.974981e-05	-3.974981e-05	1.862354e-03	-4.611676e-04
62            	1.589609e-03	-1.772084e-20	1.398867e-03	-3.497168e-05	1.165085e-03	3.974023e-05	7.598330e-04	8.297763e-04	3.974023e-05	-3.974023e-05	1.864519e-03	-4.656516e-04
63            	1.589248e-03	-1.769400e-20	1.396613e-03	-3.491532e-05	1.168343e-03	3.973119e-05	7.597086e-04	8.295392e-04	3.973119e-05	-3.973119e-05	1.866650e-03	-4.700367e-04
64            	1.588918e-03	-1.767085e-20	1.394425e-03	-3.486063e-05	1.171555e-03	3.972295e-05	7.595984e-04	8.293196e-04	3.972295e-05	-3.972295e-05	1.868768e-03	-4.743422e-04
65            	1.588620e-03	-1.764638e-20	1.392353e-03	-3.480882e-05	1.174625e-03	3.971551e-05	7.595013e-04	8.291190e-04	3.971551e-05	-3.971551e-05	1.870802e-03	-4.784490e-04
66            	1.588351e-03	-1.762354e-20	1.390299e-03	-3.475747e-05	1.177732e-03	3.970877e-05	7.594180e-04	8.289330e-04	3.970877e-05	-3.970877e-05	1.872881e-03	-4.825825e-04
67            	1.588105e-03	-1.760222e-20	1.388310e-03	-3.470775e-05	1.180782e-03	3.970262e-05	7.593447e-04	8.287602e-04	3.970262e-05	-3.970262e-05	1.874937e-03	-4.866268e-04
68            	1.587883e-03	-1.758249e-20	1.386412e-03	-3.466030e-05	1.183717e-03	3.969707e-05	7.592812e-04	8.286018e-04	3.969707e-05	-3.969707e-05	1.876923e-03	-4.905115e-04
69            	1.587684e-03	-1.756423e-20	1.384610e-03	-3.461524e-05	1.186528e-03	3.969211e-05	7.592270e-04	8.284575e-04	3.969211e-05	-3.969211e-05	1.878832e-03	-4.942227e-04
70            	1.587494e-03	-1.754758e-20	1.382917e-03	-3.457293e-05	1.189155e-03	3.968735e-05	7.591741e-04	8.283199e-04	3.968735e-05	-3.968735e-05	1.880614e-03	-4.976966e-04
71            	1.587327e-03	-1.753231e-20	1.381317e-03	-3.453293e-05	1.191661e-03	3.968317e-05	7.591304e-04	8.281963e-04	3.968317e-05	-3.968317e-05	1.882320e-03	-5.010024e-04
72            	1.587176e-03	-1.751823e-20	1.379795e-03	-3.449487e-05	1.194067e-03	3.967941e-05	7.590933e-04	8.280831e-04	3.967941e-05	-3.967941e-05	1.883965e-03	-5.041700e-04
73            	1.587047e-03	-1.750657e-20	1.378346e-03	-3.445866e-05	1.196390e-03	3.967617e-05	7.590647e-04	8.279820e-04	3.967617e-05	-3.967617e-05	1.885563e-03	-5.072163e-04
74            	1.586931e-03	-1.749417e-20	1.376968e-03	-3.442421e-05	1.198619e-03	3.967329e-05	7.590415e-04	8.278899e-04	3.967329e-05	-3.967329e-05	1.887103e-03	-5.101348e-04
75            	1.586832e-03	-1.748312e-20	1.375666e-03	-3.439165e-05	1.200748e-03	3.967081e-05	7.590245e-04	8.278078e-04	3.967081e-05	-3.967081e-05	1.888581e-03	-5.129146e-04
76            	1.586750e-03	-1.747293e-20	1.374443e-03	-3.436107e-05	1.202770e-03	3.966874e-05	7.590137e-04	8.277359e-04	3.966874e-05	-3.966874e-05	1.889992e-03	-5.155487e-04
77            	1.586687e-03	-1.746394e-20	1.373319e-03	-3.433297e-05	1.204650e-03	3.966717e-05	7.590105e-04	8.276764e-04	3.966717e-05	-3.966717e-05	1.891309e-03	-5.179901e-04
78            	1.586624e-03	-1.745547e-20	1.372263e-03	-3.430657e-05	1.206408e-03	3.966559e-05	7.590053e-04	8.276184e-04	3.966559e-05	-3.966559e-05	1.892539e-03	-5.202761e-04
79            	1.586567e-03	-1.744775e-20	1.371279e-03	-3.428197e-05	1.208050e-03	3.966417e-05	7.590013e-04	8.275653e-04	3.966417e-05	-3.966417e-05	1.893690e-03	-5.224109e-04
80            	1.586515e-03	-1.744031e-20	1.370330e-03	-3.425824e-05	1.209651e-03	3.966289e-05	7.589995e-04	8.275160e-04	3.966289e-05	-3.966289e-05	1.894816e-03	-5.244862e-04
81            	1.586479e-03	-1.743364e-20	1.369440e-03	-3.423599e-05	1.211178e-03	3.966196e-05	7.590033e-04	8.274753e-04	3.966196e-05	-3.966196e-05	1.895898e-03	-5.264586e-04
82            	1.586451e-03	-1.742759e-20	1.368609e-03	-3.421523e-05	1.212619e-03	3.966127e-05	7.590102e-04	8.274407e-04	3.966127e-05	-3.966127e-05	1.896923e-03	-5.283143e-04
83            	1.586429e-03	-1.742208e-20	1.367837e-03	-3.419594e-05	1.213966e-03	3.966073e-05	7.590187e-04	8.274106e-04	3.966073e-05	-3.966073e-05	1.897885e-03	-5.300471e-04
84            	1.586412e-03	-1.741708e-20	1.367120e-03	-3.417801e-05	1.215223e-03	3.966030e-05	7.590279e-04	8.273840e-04	3.966030e-05	-3.966030e-05	1.898783e-03	-5.316628e-04
85            	1.586398e-03	-1.741262e-20	1.366455e-03	-3.416138e-05	1.216394e-03	3.965995e-05	7.590377e-04	8.273605e-04	3.965995e-05	-3.965995e-05	1.899621e-03	-5.331662e-04
86            	1.586387e-03	-1.740861e-20	1.365839e-03	-3.414597e-05	1.217481e-03	3.965967e-05	7.590474e-04	8.273393e-04	3.965967e-05	-3.965967e-05	1.900401e-03	-5.345621e-04
87            	1.586377e-03	-1.740506e-20	1.365268e-03	-3.413170e-05	1.218489e-03	3.965942e-05	7.590566e-04	8.273200e-04	3.965942e-05	-3.965942e-05	1.901123e-03	-5.358552e-04
88            	1.586368e-03	-1.740194e-20	1.364740e-03	-3.411851e-05	1.219422e-03	3.965920e-05	7.590656e-04	8.273026e-04	3.965920e-05	-3.965920e-05	1.901792e-03	-5.370518e-04
89            	1.586362e-03	-1.739924e-20	1.364253e-03	-3.410634e-05	1.220286e-03	3.965904e-05	7.590745e-04	8.272871e-04	3.965904e-05	-3.965904e-05	1.902412e-03	-5.381589e-04
90            	1.586357e-03	-1.739699e-20	1.363805e-03	-3.409512e-05	1.221085e-03	3.965893e-05	7.590835e-04	8.272738e-04	3.965893e-05	-3.965893e-05	1.902987e-03	-5.391828e-04
91            	1.586353e-03	-1.739583e-20	1.363376e-03	-3.408441e-05	1.221850e-03	3.965883e-05	7.590923e-04	8.272611e-04	3.965883e-05	-3.965883e-05	1.903538e-03	-5.401620e-04
92            	1.586357e-03	-1.739478e-20	1.362989e-03	-3.407473e-05	1.222556e-03	3.965892e-05	7.591037e-04	8.272532e-04	3.965892e-05	-3.965892e-05	1.904051e-03	-5.410617e-04
93            	1.586364e-03	-1.739395e-20	1.362639e-03	-3.406598e-05	1.223201e-03	3.965911e-05	7.591162e-04	8.272481e-04	3.965911e-05	-3.965911e-05	1.904521e-03	-5.418818e-04
94            	1.586375e-03	-1.739328e-20	1.362324e-03	-3.405810e-05	1.223791e-03	3.965937e-05	7.591293e-04	8.272455e-04	3.965937e-05	-3.965937e-05	1.904953e-03	-5.426290e-04
95            	1.586387e-03	-1.739276e-20	1.362040e-03	-3.405099e-05	1.224330e-03	3.965968e-05	7.591426e-04	8.272446e-04	3.965968e-05	-3.965968e-05	1.905350e-03	-5.433100e-04
96            	1.586402e-03	-1.739214e-20	1.361789e-03	-3.404472e-05	1.224812e-03	3.966004e-05	7.591561e-04	8.272456e-04	3.966004e-05	-3.966004e-05	1.905706e-03	-5.439174e-04
97            	1.586416e-03	-1.739175e-20	1.361561e-03	-3.403901e-05	1.225254e-03	3.966041e-05	7.591691e-04	8.272472e-04	3.966041e-05	-3.966041e-05	1.906034e-03	-5.444738e-04
98            	1.586432e-03	-1.739151e-20	1.361355e-03	-3.403387e-05	1.225658e-03	3.966079e-05	7.591819e-04	8.272497e-04	3.966079e-05	-3.966079e-05	1.906335e-03	-5.449805e-04
99            	1.586447e-03	-1.739140e-20	1.361171e-03	-3.402927e-05	1.226023e-03	3.966118e-05	7.591944e-04	8.272529e-04	3.966118e-05	-3.966118e-05	1.906608e-03	-5.454375e-04
100           	1.586463e-03	-1.739141e-20	1.361008e-03	-3.402519e-05	1.226351e-03	3.966158e-05	7.592064e-04	8.272567e-04	3.966158e-05	-3.966158e-05	1.906855e-03	-5.458472e-04
101           	1.586479e-03	-1.739152e-20	1.360863e-03	-3.402158e-05	1.226645e-03	3.966198e-05	7.592180e-04	8.272611e-04	3.966198e-05	-3.966198e-05	1.907077e-03	-5.462133e-04
102           	1.586495e-03	-1.739172e-20	1.360736e-03	-3.401841e-05	1.226908e-03	3.966238e-05	7.592292e-04	8.272660e-04	3.966238e-05	-3.966238e-05	1.907276e-03	-5.465399e-04
103           	1.586511e-03	-1.739201e-20	1.360625e-03	-3.401562e-05	1.227143e-03	3.966278e-05	7.592401e-04	8.272713e-04	3.966278e-05	-3.966278e-05	1.907455e-03	-5.468306e-04
104           	1.586528e-03	-1.739239e-20	1.360527e-03	-3.401318e-05	1.227352e-03	3.966319e-05	7.592506e-04	8.272770e-04	3.966319e-05	-3.966319e-05	1.907616e-03	-5.470886e-04
105           	1.586544e-03	-1.739282e-20	1.360443e-03	-3.401108e-05	1.227538e-03	3.966360e-05	7.592609e-04	8.272831e-04	3.966360e-05	-3.966360e-05	1.907760e-03	-5.473169e-04
106           	1.586560e-03	-1.739331e-20	1.360370e-03	-3.400925e-05	1.227704e-03	3.966401e-05	7.592709e-04	8.272894e-04	3.966401e-05	-3.966401e-05	1.907889e-03	-5.475189e-04
107           	1.586576e-03	-1.739364e-20	1.360308e-03	-3.400770e-05	1.227849e-03	3.966440e-05	7.592804e-04	8.272958e-04	3.966440e-05	-3.966440e-05	1.908003e-03	-5.476948e-04
108           	1.586592e-03	-1.739406e-20	1.360256e-03	-3.400640e-05	1.227975e-03	3.966480e-05	7.592896e-04	8.273024e-04	3.966480e-05	-3.966480e-05	1.908103e-03	-5.478469e-04
109           	1.586608e-03	-1.739453e-20	1.360213e-03	-3.400533e-05	1.228084e-03	3.966519e-05	7.592985e-04	8.273092e-04	3.966519e-05	-3.966519e-05	1.908191e-03	-5.479774e-04
110           	1.586624e-03	-1.739506e-20	1.360179e-03	-3.400449e-05	1.228177e-03	3.966559e-05	7.593073e-04	8.273162e-04	3.966559e-05	-3.966559e-05	1.908267e-03	-5.480876e-04
111           	1.586639e-03	-1.739565e-20	1.360154e-03	-3.400385e-05	1.228256e-03	3.966598e-05	7.593158e-04	8.273235e-04	3.966598e-05	-3.966598e-05	1.908333e-03	-5.481789e-04
112           	1.586655e-03	-1.739630e-20	1.360136e-03	-3.400339e-05	1.228320e-03	3.966638e-05	7.593242e-04	8.273310e-04	3.966638e-05	-3.966638e-05	1.908388e-03	-5.482526e-04
113           	1.586671e-03	-1.739718e-20	1.360123e-03	-3.400308e-05	1.228376e-03	3.966679e-05	7.593326e-04	8.273388e-04	3.966679e-05	-3.966679e-05	1.908438e-03	-5.483147e-04
114           	1.586688e-03	-1.739798e-20	1.360117e-03	-3.400291e-05	1.228422e-03	3.966720e-05	7.593410e-04	8.273468e-04	3.966720e-05	-3.966720e-05	1.908480e-03	-5.483639e-04
115           	1.586704e-03	-1.739875e-20	1.360115e-03	-3.400289e-05	1.228457e-03	3.966760e-05	7.593491e-04	8.273549e-04	3.966760e-05	-3.966760e-05	1.908515e-03	-5.483992e-04
116           	1.586720e-03	-1.739948e-20	1.360120e-03	-3.400299e-05	1.228481e-03	3.966799e-05	7.593569e-04	8.273629e-04	3.966799e-05	-3.966799e-05	1.908541e-03	-5.484216e-04
117           	1.586735e-03	-1.740010e-20	1.360130e-03	-3.400325e-05	1.228493e-03	3.966837e-05	7.593641e-04	8.273706e-04	3.966837e-05	-3.966837e-05	1.908558e-03	-5.484280e-04
118           	1.586749e-03	-1.740090e-20	1.360143e-03	-3.400357e-05	1.228499e-03	3.966873e-05	7.593710e-04	8.273782e-04	3.966873e-05	-3.966873e-05	1.908571e-03	-5.484279e-04
119           	1.586763e-03	-1.740154e-20	1.360160e-03	-3.400401e-05	1.228497e-03	3.966908e-05	7.593776e-04	8.273856e-04	3.966908e-05	-3.966908e-05	1.908577e-03	-5.484166e-04
120           	1.586776e-03	-1.740224e-20	1.360181e-03	-3.400452e-05	1.228487e-03	3.966941e-05	7.593837e-04	8.273927e-04	3.966941e-05	-3.966941e-05	1.908577e-03	-5.483963e-04
121           	1.586789e-03	-1.740303e-20	1.360204e-03	-3.400509e-05	1.228472e-03	3.966973e-05	7.593895e-04	8.273997e-04	3.966973e-05	-3.966973e-05	1.908573e-03	-5.483699e-04
122           	1.586802e-03	-1.740377e-20	1.360228e-03	-3.400571e-05	1.228453e-03	3.967004e-05	7.593951e-04	8.274065e-04	3.967004e-05	-3.967004e-05	1.908567e-03	-5.483385e-04
123           	1.586814e-03	-1.740450e-20	1.360255e-03	-3.400637e-05	1.228430e-03	3.967034e-05	7.594005e-04	8.274132e-04	3.967034e-05	-3.967034e-05	1.908557e-03	-5.483025e-04
124           	1.586825e-03	-1.740521e-20	1.360283e-03	-3.400706e-05	1.228404e-03	3.967063e-05	7.594056e-04	8.274197e-04	3.967063e-05	-3.967063e-05	1.908545e-03	-5.482624e-04
125           	1.586837e-03	-1.740591e-20	1.360311e-03	-3.400778e-05	1.228375e-03	3.967091e-05	7.594105e-04	8.274261e-04	3.967091e-05	-3.967091e-05	1.908530e-03	-5.482190e-04
126           	1.586847e-03	-1.740657e-20	1.360341e-03	-3.400852e-05	1.228343e-03	3.967118e-05	7.594150e-04	8.274321e-04	3.967118e-05	-3.967118e-05	1.908514e-03	-5.481727e-04
127           	1.586857e-03	-1.740723e-20	1.360371e-03	-3.400927e-05	1.228311e-03	3.967144e-05	7.594194e-04	8.274380e-04	3.967144e-05	-3.967144e-05	1.908496e-03	-5.481251e-04
128           	1.586867e-03	-1.740786e-20	1.360401e-03	-3.401003e-05	1.228277e-03	3.967169e-05	7.594237e-04	8.274437e-04	3.967169e-05	-3.967169e-05	1.908477e-03	-5.480762e-04
129           	1.586877e-03	-1.740848e-20	1.360432e-03	-3.401080e-05	1.228241e-03	3.967193e-05	7.594278e-04	8.274494e-04	3.967193e-05	-3.967193e-05	1.908457e-03	-5.480252e-04
130           	1.586886e-03	-1.740908e-20	1.360463e-03	-3.401158e-05	1.228204e-03	3.967216e-05	7.594316e-04	8.274548e-04	3.967216e-05	-3.967216e-05	1.908436e-03	-5.479725e-04
131           	1.586895e-03	-1.740966e-20	1.360494e-03	-3.401236e-05	1.228166e-03	3.967238e-05	7.594353e-04	8.274600e-04	3.967238e-05	-3.967238e-05	1.908413e-03	-5.479189e-04
132           	1.586904e-03	-1.741021e-20	1.360526e-03	-3.401315e-05	1.228127e-03	3.967259e-05	7.594386e-04	8.274649e-04	3.967259e-05	-3.967259e-05	1.908389e-03	-5.478637e-04
133           	1.586911e-03	-1.741075e-20	1.360557e-03	-3.401393e-05	1.228086e-03	3.967279e-05	7.594418e-04	8.274697e-04	3.967279e-05	-3.967279e-05	1.908365e-03	-5.478077e-04
134           	1.586919e-03	-1.741126e-20	1.360588e-03	-3.401471e-05	1.228045e-03	3.967297e-05	7.594448e-04	8.274742e-04	3.967297e-05	-3.967297e-05	1.908340e-03	-5.477511e-04
135           	1.586926e-03	-1.741176e-20	1.360620e-03	-3.401549e-05	1.228004e-03	3.967315e-05	7.594475e-04	8.274785e-04	3.967315e-05	-3.967315e-05	1.908314e-03	-5.476941e-04
136           	1.586933e-03	-1.741223e-20	1.360650e-03	-3.401626e-05	1.227962e-03	3.967332e-05	7.594501e-04	8.274826e-04	3.967332e-05	-3.967332e-05	1.908287e-03	-5.476372e-04
137           	1.586939e-03	-1.741268e-20	1.360681e-03	-3.401701e-05	1.227921e-03	3.967348e-05	7.594525e-04	8.274865e-04	3.967348e-05	-3.967348e-05	1.908261e-03	-5.475804e-04
138           	1.586945e-03	-1.741311e-20	1.360710e-03	-3.401776e-05	1.227879e-03	3.967362e-05	7.594547e-04	8.274902e-04	3.967362e-05	-3.967362e-05	1.908234e-03	-5.475241e-04
139           	1.586950e-03	-1.741352e-20	1.360739e-03	-3.401848e-05	1.227839e-03	3.967376e-05	7.594568e-04	8.274937e-04	3.967376e-05	-3.967376e-05	1.908208e-03	-5.474692e-04
140           	1.586956e-03	-1.741391e-20	1.360767e-03	-3.401918e-05	1.227799e-03	3.967389e-05	7.594587e-04	8.274971e-04	3.967389e-05	-3.967389e-05	1.908183e-03	-5.474154e-04
141           	1.586961e-03	-1.741421e-20	1.360795e-03	-3.401987e-05	1.227759e-03	3.967401e-05	7.594604e-04	8.275001e-04	3.967401e-05	-3.967401e-05	1.908157e-03	-5.473617e-04
142           	1.586965e-03	-1.741452e-20	1.360822e-03	-3.402055e-05	1.227719e-03	3.967412e-05	7.594619e-04	8.275030e-04	3.967412e-05	-3.967412e-05	1.908130e-03	-5.473084e-04
143           	1.586969e-03	-1.741488e-20	1.360848e-03	-3.402119e-05	1.227682e-03	3.967423e-05	7.594634e-04	8.275058e-04	3.967423e-05	-3.967423e-05	1.908106e-03	-5.472582e-04
144           	1.586973e-03	-1.741521e-20	1.360873e-03	-3.402181e-05	1.227646e-03	3.967434e-05	7.594649e-04	8.275085e-04	3.967434e-05	-3.967434e-05	1.908082e-03	-5.472094e-04
145           	1.586977e-03	-1.741551e-20	1.360896e-03	-3.402240e-05	1.227612e-03	3.967444e-05	7.594663e-04	8.275111e-04	3.967444e-05	-3.967444e-05	1.908060e-03	-5.471639e-04
146           	1.586981e-03	-1.741580e-20	1.360919e-03	-3.402297e-05	1.227579e-03	3.967453e-05	7.594676e-04	8.275136e-04	3.967453e-05	-3.967453e-05	1.908038e-03	-5.471197e-04
147           	1.586985e-03	-1.741607e-20	1.360940e-03	-3.402351e-05	1.227547e-03	3.967462e-05	7.594688e-04	8.275158e-04	3.967462e-05	-3.967462e-05	1.908017e-03	-5.470767e-04
148           	1.586988e-03	-1.741632e-20	1.360962e-03	-3.402404e-05	1.227516e-03	3.967470e-05	7.594699e-04	8.275180e-04	3.967470e-05	-3.967470e-05	1.907996e-03	-5.470349e-04
149           	1.586991e-03	-1.741656e-20	1.360982e-03	-3.402455e-05	1.227485e-03	3.967477e-05	7.594709e-04	8.275200e-04	3.967477e-05	-3.967477e-05	1.907976e-03	-5.469944e-04
150           	1.586994e-03	-1.741678e-20	1.361002e-03	-3.402504e-05	1.227456e-03	3.967484e-05	7.594718e-04	8.275219e-04	3.967484e-05	-3.967484e-05	1.907957e-03	-5.469553e-04
151           	1.586996e-03	-1.741696e-20	1.361020e-03	-3.402551e-05	1.227427e-03	3.967491e-05	7.594726e-04	8.275236e-04	3.967491e-05	-3.967491e-05	1.907937e-03	-5.469171e-04
152           	1.586999e-03	-1.741717e-20	1.361038e-03	-3.402596e-05	1.227400e-03	3.967496e-05	7.594733e-04	8.275252e-04	3.967496e-05	-3.967496e-05	1.907919e-03	-5.468805e-04
153           	1.587001e-03	-1.741733e-20	1.361056e-03	-3.402639e-05	1.227373e-03	3.967502e-05	7.594740e-04	8.275267e-04	3.967502e-05	-3.967502e-05	1.907901e-03	-5.468453e-04
154           	1.587003e-03	-1.741750e-20	1.361072e-03	-3.402680e-05	1.227348e-03	3.967507e-05	7.594745e-04	8.275281e-04	3.967507e-05	-3.967507e-05	1.907884e-03	-5.468116e-04
155           	1.587004e-03	-1.741765e-20	1.361087e-03	-3.402718e-05	1.227323e-03	3.967511e-05	7.594750e-04	8.275293e-04	3.967511e-05	-3.967511e-05	1.907867e-03	-5.467796e-04
156           	1.587006e-03	-1.741779e-20	1.361102e-03	-3.402755e-05	1.227300e-03	3.967514e-05	7.594753e-04	8.275304e-04	3.967514e-05	-3.967514e-05	1.907851e-03	-5.467492e-04
157           	1.587007e-03	-1.741793e-20	1.361116e-03	-3.402789e-05	1.227278e-03	3.967518e-05	7.594757e-04	8.275315e-04	3.967518e-05	-3.967518e-05	1.907836e-03	-5.467207e-04
158           	1.587008e-03	-1.741806e-20	1.361128e-03	-3.402821e-05	1.227258e-03	3.967521e-05	7.594760e-04	8.275324e-04	3.967521e-05	-3.967521e-05	1.907822e-03	-5.466935e-04
159           	1.587010e-03	-1.741818e-20	1.361141e-03	-3.402852e-05	1.227238e-03	3.967524e-05	7.594762e-04	8.275333e-04	3.967524e-05	-3.967524e-05	1.907808e-03	-5.466675e-04
160           	1.587011e-03	-1.741829e-20	1.361152e-03	-3.402881e-05	1.227219e-03	3.967526e-05	7.594765e-04	8.275341e-04	3.967526e-05	-3.967526e-05	1.907795e-03	-5.466427e-04
161           	1.587011e-03	-1.741840e-20	1.361163e-03	-3.402909e-05	1.227201e-03	3.967529e-05	7.594766e-04	8.275348e-04	3.967529e-05	-3.967529e-05	1.907783e-03	-5.466191e-04
162           	1.587012e-03	-1.741850e-20	1.361174e-03	-3.402935e-05	1.227184e-03	3.967531e-05	7.594768e-04	8.275354e-04	3.967531e-05	-3.967531e-05	1.907771e-03	-5.465968e-04
163           	1.587013e-03	-1.741859e-20	1.361184e-03	-3.402959e-05	1.227168e-03	3.967532e-05	7.594769e-04	8.275360e-04	3.967532e-05	-3.967532e-05	1.907759e-03	-5.465757e-04
164           	1.587013e-03	-1.741867e-20	1.361193e-03	-3.402982e-05	1.227152e-03	3.967534e-05	7.594769e-04	8.275366e-04	3.967534e-05	-3.967534e-05	1.907749e-03	-5.465559e-04
165           	1.587014e-03	-1.741875e-20	1.361201e-03	-3.403003e-05	1.227138e-03	3.967535e-05	7.594770e-04	8.275371e-04	3.967535e-05	-3.967535e-05	1.907739e-03	-5.465373e-04
166           	1.587015e-03	-1.741882e-20	1.361209e-03	-3.403023e-05	1.227124e-03	3.967536e-05	7.594770e-04	8.275375e-04	3.967536e-05	-3.967536e-05	1.907729e-03	-5.465198e-04
167           	1.587015e-03	-1.741889e-20	1.361217e-03	-3.403043e-05	1.227111e-03	3.967537e-05	7.594770e-04	8.275378e-04	3.967537e-05	-3.967537e-05	1.907720e-03	-5.465027e-04
168           	1.587015e-03	-1.741895e-20	1.361224e-03	-3.403061e-05	1.227099e-03	3.967538e-05	7.594770e-04	8.275382e-04	3.967538e-05	-3.967538e-05	1.907711e-03	-5.464865e-04
169           	1.587015e-03	-1.741901e-20	1.361231e-03	-3.403078e-05	1.227087e-03	3.967539e-05	7.594770e-04	8.275385e-04	3.967539e-05	-3.967539e-05	1.907703e-03	-5.464716e-04
170           	1.587016e-03	-1.741906e-20	1.361237e-03	-3.403093e-05	1.227076e-03	3.967539e-05	7.594769e-04	8.275388e-04	3.967539e-05	-3.967539e-05	1.907695e-03	-5.464577e-04
171           	1.587016e-03	-1.741912e-20	1.361243e-03	-3.403107e-05	1.227067e-03	3.967540e-05	7.594769e-04	8.275390e-04	3.967540e-05	-3.967540e-05	1.907688e-03	-5.464452e-04
172           	1.587016e-03	-1.741916e-20	1.361248e-03	-3.403120e-05	1.227057e-03	3.967540e-05	7.594768e-04	8.275392e-04	3.967540e-05	-3.967540e-05	1.907681e-03	-5.464333e-04
173           	1.587016e-03	-1.741920e-20	1.361253e-03	-3.403133e-05	1.227049e-03	3.967540e-05	7.594768e-04	8.275394e-04	3.967540e-05	-3.967540e-05	1.907675e-03	-5.464221e-04
174           	1.587016e-03	-1.741923e-20	1.361257e-03	-3.403144e-05	1.227041e-03	3.967540e-05	7.594766e-04	8.275395e-04	3.967540e-05	-3.967540e-05	1.907669e-03	-5.464120e-04
175           	1.587016e-03	-1.741926e-20	1.361262e-03	-3.403154e-05	1.227034e-03	3.967541e-05	7.594766e-04	8.275397e-04	3.967541e-05	-3.967541e-05	1.907664e-03	-5.464028e-04
176           	1.587016e-03	-1.741929e-20	1.361265e-03	-3.403163e-05	1.227027e-03	3.967541e-05	7.594765e-04	8.275398e-04	3.967541e-05	-3.967541e-05	1.907660e-03	-5.463943e-04
177           	1.587016e-03	-1.741931e-20	1.361269e-03	-3.403172e-05	1.227021e-03	3.967541e-05	7.594764e-04	8.275399e-04	3.967541e-05	-3.967541e-05	1.907655e-03	-5.463864e-04
178           	1.587016e-03	-1.741933e-20	1.361272e-03	-3.403180e-05	1.227015e-03	3.967541e-05	7.594764e-04	8.275400e-04	3.967541e-05	-3.967541e-05	1.907651e-03	-5.463792e-04
179           	1.587016e-03	-1.741934e-20	1.361275e-03	-3.403187e-05	1.227010e-03	3.967541e-05	7.594763e-04	8.275400e-04	3.967541e-05	-3.967541e-05	1.907647e-03	-5.463725e-04
180           	1.587016e-03	-1.741936e-20	1.361277e-03	-3.403193e-05	1.227005e-03	3.967541e-05	7.594762e-04	8.275401e-04	3.967541e-05	-3.967541e-05	1.907644e-03	-5.463663e-04
181           	1.587016e-03	-1.741937e-20	1.361280e-03	-3.403199e-05	1.227001e-03	3.967540e-05	7.594761e-04	8.275401e-04	3.967540e-05	-3.967540e-05	1.907640e-03	-5.463608e-04
182           	1.587016e-03	-1.741938e-20	1.361282e-03	-3.403205e-05	1.226997e-03	3.967540e-05	7.594760e-04	8.275401e-04	3.967540e-05	-3.967540e-05	1.907637e-03	-5.463556e-04
183           	1.587016e-03	-1.741938e-20	1.361284e-03	-3.403210e-05	1.226993e-03	3.967540e-05	7.594759e-04	8.275401e-04	3.967540e-05	-3.967540e-05	1.907635e-03	-5.463509e-04
184           	1.587016e-03	-1.741939e-20	1.361286e-03	-3.403214e-05	1.226989e-03	3.967540e-05	7.594758e-04	8.275401e-04	3.967540e-05	-3.967540e-05	1.907632e-03	-5.463466e-04
185           	1.587016e-03	-1.741939e-20	1.361287e-03	-3.403218e-05	1.226986e-03	3.967540e-05	7.594757e-04	8.275401e-04	3.967540e-05	-3.967540e-05	1.907630e-03	-5.463428e-04
186           	1.587016e-03	-1.741939e-20	1.361289e-03	-3.403221e-05	1.226984e-03	3.967539e-05	7.594756e-04	8.275401e-04	3.967539e-05	-3.967539e-05	1.907628e-03	-5.463393e-04
187           	1.587016e-03	-1.741939e-20	1.361290e-03	-3.403224e-05	1.226981e-03	3.967539e-05	7.594756e-04	8.275400e-04	3.967539e-05	-3.967539e-05	1.907626e-03	-5.463362e-04
188           	1.587015e-03	-1.741939e-20	1.361291e-03	-3.403227e-05	1.226979e-03	3.967539e-05	7.594755e-04	8.275400e-04	3.967539e-05	-3.967539e-05	1.907624e-03	-5.463334e-04
189           	1.587015e-03	-1.741939e-20	1.361292e-03	-3.403230e-05	1.226977e-03	3.967538e-05	7.594754e-04	8.275400e-04	3.967538e-05	-3.967538e-05	1.907623e-03	-5.463309e-04
190           	1.587015e-03	-1.741939e-20	1.361293e-03	-3.403232e-05	1.226975e-03	3.967538e-05	7.594753e-04	8.275399e-04	3.967538e-05	-3.967538e-05	1.907621e-03	-5.463288e-04
191           	1.587015e-03	-1.741939e-20	1.361293e-03	-3.403233e-05	1.226974e-03	3.967538e-05	7.594752e-04	8.275399e-04	3.967538e-05	-3.967538e-05	1.907620e-03	-5.463269e-04
192           	1.587015e-03	-1.741938e-20	1.361294e-03	-3.403235e-05	1.226972e-03	3.967537e-05	7.594751e-04	8.275398e-04	3.967537e-05	-3.967537e-05	1.907619e-03	-5.463253e-04
193           	1.587015e-03	-1.741938e-20	1.361294e-03	-3.403236e-05	1.226971e-03	3.967537e-05	7.594750e-04	8.275398e-04	3.967537e-05	-3.967537e-05	1.907618e-03	-5.463240e-04
194           	1.587015e-03	-1.741937e-20	1.361295e-03	-3.403237e-05	1.226970e-03	3.967537e-05	7.594750e-04	8.275397e-04	3.967537e-05	-3.967537e-05	1.907618e-03	-5.463228e-04
195           	1.587015e-03	-1.741937e-20	1.361295e-03	-3.403238e-05	1.226969e-03	3.967536e-05	7.594749e-04	8.275396e-04	3.967536e-05	-3.967536e-05	1.907617e-03	-5.463219e-04
196           	1.587014e-03	-1.741936e-20	1.361295e-03	-3.403238e-05	1.226969e-03	3.967536e-05	7.594748e-04	8.275396e-04	3.967536e-05	-3.967536e-05	1.907616e-03	-5.463211e-04
197           	1.587014e-03	-1.741936e-20	1.361295e-03	-3.403238e-05	1.226968e-03	3.967536e-05	7.594747e-04	8.275395e-04	3.967536e-05	-3.967536e-05	1.907616e-03	-5.463206e-04
198           	1.587014e-03	-1.741935e-20	1.361295e-03	-3.403238e-05	1.226968e-03	3.967535e-05	7.594747e-04	8.275394e-04	3.967535e-05	-3.967535e-05	1.907616e-03	-5.463202e-04
199           	1.587014e-03	-1.741934e-20	1.361295e-03	-3.403238e-05	1.226968e-03	3.967535e-05	7.594746e-04	8.275394e-04	3.967535e-05	-3.967535e-05	1.907615e-03	-5.463199e-04
200           	1.587014e-03	-1.741934e-20	1.361295e-03	-3.403238e-05	1.226967e-03	3.967535e-05	7.594745e-04	8.275393e-04	3.967535e-05	-3.967535e-05	1.907615e-03	-5.463198e-04
201           	1.587014e-03	-1.741933e-20	1.361295e-03	-3.403238e-05	1.226967e-03	3.967534e-05	7.594745e-04	8.275392e-04	3.967534e-05	-3.967534e-05	1.907615e-03	-5.463197e-04
202           	1.587014e-03	-1.741932e-20	1.361295e-03	-3.403238e-05	1.226967e-03	3.967534e-05	7.594744e-04	8.275391e-04	3.967534e-05	-3.967534e-05	1.907615e-03	-5.463198e-04
203           	1.587013e-03	-1.741932e-20	1.361295e-03	-3.403237e-05	1.226967e-03	3.967534e-05	7.594743e-04	8.275391e-04	3.967534e-05	-3.967534e-05	1.907615e-03	-5.463200e-04
204           	1.587013e-03	-1.741931e-20	1.361295e-03	-3.403237e-05	1.226968e-03	3.967533e-05	7.594743e-04	8.275390e-04	3.967533e-05	-3.967533e-05	1.907615e-03	-5.463203e-04
205           	1.587013e-03	-1.741930e-20	1.361294e-03	-3.403236e-05	1.226968e-03	3.967533e-05	7.594742e-04	8.275389e-04	3.967533e-05	-3.967533e-05	1.907615e-03	-5.463205e-04
206           	1.587013e-03	-1.741929e-20	1.361294e-03	-3.403235e-05	1.226968e-03	3.967533e-05	7.594742e-04	8.275389e-04	3.967533e-05	-3.967533e-05	1.907615e-03	-5.463208e-04
207           	1.587013e-03	-1.741929e-20	1.361294e-03	-3.403235e-05	1.226968e-03	3.967532e-05	7.594741e-04	8.275388e-04	3.967532e-05	-3.967532e-05	1.907615e-03	-5.463210e-04
208           	1.587013e-03	-1.741928e-20	1.361294e-03	-3.403234e-05	1.226968e-03	3.967532e-05	7.594740e-04	8.275387e-04	3.967532e-05	-3.967532e-05	1.907615e-03	-5.463214e-04
209           	1.587013e-03	-1.741927e-20	1.361293e-03	-3.403233e-05	1.226969e-03	3.967532e-05	7.594740e-04	8.275386e-04	3.967532e-05	-3.967532e-05	1.907615e-03	-5.463219e-04
210           	1.587013e-03	-1.741927e-20	1.361293e-03	-3.403232e-05	1.226969e-03	3.967531e-05	7.594739e-04	8.275386e-04	3.967531e-05	-3.967531e-05	1.907615e-03	-5.463225e-04
211           	1.587012e-03	-1.741926e-20	1.361293e-03	-3.403231e-05	1.226970e-03	3.967531e-05	7.594739e-04	8.275385e-04	3.967531e-05	-3.967531e-05	1.907616e-03	-5.463232e-04
212           	1.587012e-03	-1.741926e-20	1.361292e-03	-3.403230e-05	1.226970e-03	3.967531e-05	7.594738e-04	8.275384e-04	3.967531e-05	-3.967531e-05	1.907616e-03	-5.463240e-04
213           	1.587012e-03	-1.741925e-20	1.361292e-03	-3.403229e-05	1.226971e-03	3.967530e-05	7.594738e-04	8.275384e-04	3.967530e-05	-3.967530e-05	1.907616e-03	-5.463247e-04
214           	1.587012e-03	-1.741925e-20	1.361291e-03	-3.403228e-05	1.226971e-03	3.967530e-05	7.594738e-04	8.275383e-04	3.967530e-05	-3.967530e-05	1.907617e-03	-5.463255e-04
215           	1.587012e-03	-1.741924e-20	1.361291e-03	-3.403227e-05	1.226972e-03	3.967530e-05	7.594737e-04	8.275383e-04	3.967530e-05	-3.967530e-05	1.907617e-03	-5.463263e-04
216           	1.587012e-03	-1.741924e-20	1.361290e-03	-3.403226e-05	1.226972e-03	3.967530e-05	7.594737e-04	8.275382e-04	3.967530e-05	-3.967530e-05	1.907618e-03	-5.463271e-04
217           	1.587012e-03	-1.741923e-20	1.361290e-03	-3.403225e-05	1.226973e-03	3.967530e-05	7.594737e-04	8.275382e-04	3.967530e-05	-3.967530e-05	1.907618e-03	-5.463279e-04
218           	1.587012e-03	-1.741923e-20	1.361290e-03	-3.403224e-05	1.226973e-03	3.967529e-05	7.594736e-04	8.275381e-04	3.967529e-05	-3.967529e-05	1.907618e-03	-5.463287e-04
