# Force coefficients
# dragDir     : (1.000000e+00 0.000000e+00 0.000000e+00)
# sideDir     : (0.000000e+00 0.000000e+00 -1.000000e+00)
# liftDir     : (0.000000e+00 1.000000e+00 0.000000e+00)
# rollAxis    : (1.000000e+00 0.000000e+00 0.000000e+00)
# pitchAxis   : (0.000000e+00 0.000000e+00 -1.000000e+00)
# yawAxis     : (0.000000e+00 1.000000e+00 0.000000e+00)
# magUInf     : 2.000000e-02
# lRef        : 1.000000e-01
# Aref        : 1.000000e-01
# CofR        : (0.000000e+00 0.000000e+00 0.000000e+00)
#
# Time        	Cd            	Cs            	Cl            	CmRoll        	CmPitch       	CmYaw         	Cd(f)         	Cd(r)         	Cs(f)         	Cs(r)         	Cl(f)         	Cl(r)         
1             	2.249597e-03	-1.241953e-19	1.854074e-03	-4.635184e-05	9.681176e-04	5.623992e-05	1.078446e-03	1.171150e-03	5.623992e-05	-5.623992e-05	1.895154e-03	-4.108070e-05
2             	5.424230e-03	-2.905746e-20	4.486643e-03	-1.121661e-04	2.633331e-03	1.356058e-04	2.599949e-03	2.824281e-03	1.356058e-04	-1.356058e-04	4.876652e-03	-3.900091e-04
3             	4.686640e-03	6.329331e-20	4.755467e-03	-1.188867e-04	6.874471e-04	1.171660e-04	2.224433e-03	2.462207e-03	1.171660e-04	-1.171660e-04	3.065181e-03	1.690286e-03
4             	3.719841e-03	3.853032e-20	4.770992e-03	-1.192748e-04	-1.278096e-03	9.299602e-05	1.740646e-03	1.979195e-03	9.299602e-05	-9.299602e-05	1.107400e-03	3.663592e-03
5             	3.027073e-03	8.544986e-21	4.616862e-03	-1.154216e-04	-2.426604e-03	7.567683e-05	1.398115e-03	1.628958e-03	7.567683e-05	-7.567683e-05	-1.181731e-04	4.735035e-03
6             	2.840154e-03	-2.886780e-21	4.666788e-03	-1.166697e-04	-2.929981e-03	7.100384e-05	1.303407e-03	1.536746e-03	7.100384e-05	-7.100384e-05	-5.965869e-04	5.263375e-03
7             	3.029411e-03	-1.205496e-20	4.852928e-03	-1.213232e-04	-2.907430e-03	7.573526e-05	1.393382e-03	1.636028e-03	7.573526e-05	-7.573526e-05	-4.809660e-04	5.333894e-03
8             	3.310126e-03	-7.274999e-21	5.095101e-03	-1.273775e-04	-2.769382e-03	8.275315e-05	1.527685e-03	1.782440e-03	8.275315e-05	-8.275315e-05	-2.218316e-04	5.316932e-03
9             	3.575935e-03	-5.074988e-21	5.386222e-03	-1.346555e-04	-2.747468e-03	8.939838e-05	1.653312e-03	1.922623e-03	8.939838e-05	-8.939838e-05	-5.435743e-05	5.440579e-03
10            	3.745943e-03	-2.646220e-21	5.613774e-03	-1.403443e-04	-2.798526e-03	9.364857e-05	1.732627e-03	2.013316e-03	9.364857e-05	-9.364857e-05	8.360706e-06	5.605413e-03
11            	3.856012e-03	-5.147884e-22	5.776110e-03	-1.444027e-04	-2.850497e-03	9.640031e-05	1.783603e-03	2.072409e-03	9.640031e-05	-9.640031e-05	3.755747e-05	5.738552e-03
12            	3.883972e-03	3.314053e-22	5.850690e-03	-1.462672e-04	-2.909767e-03	9.709931e-05	1.795719e-03	2.088253e-03	9.709931e-05	-9.709931e-05	1.557805e-05	5.835112e-03
13            	3.862567e-03	1.940056e-21	5.862076e-03	-1.465519e-04	-2.957654e-03	9.656417e-05	1.784731e-03	2.077835e-03	9.656417e-05	-9.656417e-05	-2.661569e-05	5.888691e-03
14            	3.827255e-03	1.545388e-21	5.827703e-03	-1.456926e-04	-2.951336e-03	9.568137e-05	1.767935e-03	2.059320e-03	9.568137e-05	-9.568137e-05	-3.748475e-05	5.865187e-03
15            	3.782634e-03	2.165856e-21	5.759290e-03	-1.439822e-04	-2.902351e-03	9.456584e-05	1.747335e-03	2.035299e-03	9.456584e-05	-9.456584e-05	-2.270598e-05	5.781996e-03
16            	3.742628e-03	2.728964e-21	5.678896e-03	-1.419724e-04	-2.823781e-03	9.356571e-05	1.729342e-03	2.013287e-03	9.356571e-05	-9.356571e-05	1.566713e-05	5.663229e-03
17            	3.698144e-03	3.315547e-21	5.564986e-03	-1.391246e-04	-2.689036e-03	9.245359e-05	1.709947e-03	1.988196e-03	9.245359e-05	-9.245359e-05	9.345653e-05	5.471529e-03
18            	3.667537e-03	3.732215e-21	5.483277e-03	-1.370819e-04	-2.593605e-03	9.168842e-05	1.696686e-03	1.970850e-03	9.168842e-05	-9.168842e-05	1.480331e-04	5.335244e-03
19            	3.619061e-03	4.326901e-21	5.361817e-03	-1.340454e-04	-2.455023e-03	9.047652e-05	1.675485e-03	1.943576e-03	9.047652e-05	-9.047652e-05	2.258849e-04	5.135932e-03
20            	3.584279e-03	4.686293e-21	5.251496e-03	-1.312874e-04	-2.309912e-03	8.960698e-05	1.660852e-03	1.923427e-03	8.960698e-05	-8.960698e-05	3.158360e-04	4.935660e-03
21            	3.544684e-03	5.035047e-21	5.135369e-03	-1.283842e-04	-2.162980e-03	8.861709e-05	1.643958e-03	1.900726e-03	8.861709e-05	-8.861709e-05	4.047038e-04	4.730665e-03
22            	3.506645e-03	5.309436e-21	5.016001e-03	-1.254000e-04	-2.004483e-03	8.766612e-05	1.627922e-03	1.878722e-03	8.766612e-05	-8.766612e-05	5.035179e-04	4.512483e-03
23            	3.471815e-03	5.504793e-21	4.898217e-03	-1.224554e-04	-1.841441e-03	8.679537e-05	1.613452e-03	1.858363e-03	8.679537e-05	-8.679537e-05	6.076678e-04	4.290549e-03
24            	3.440685e-03	5.650469e-21	4.785453e-03	-1.196363e-04	-1.679919e-03	8.601712e-05	1.600706e-03	1.839979e-03	8.601712e-05	-8.601712e-05	7.128076e-04	4.072646e-03
25            	3.416053e-03	5.716055e-21	4.690134e-03	-1.172533e-04	-1.539895e-03	8.540132e-05	1.590773e-03	1.825280e-03	8.540132e-05	-8.540132e-05	8.051713e-04	3.884962e-03
26            	3.396710e-03	5.719381e-21	4.619287e-03	-1.154822e-04	-1.439307e-03	8.491775e-05	1.582873e-03	1.813837e-03	8.491775e-05	-8.491775e-05	8.703362e-04	3.748951e-03
27            	3.382563e-03	5.688613e-21	4.574653e-03	-1.143663e-04	-1.381763e-03	8.456408e-05	1.576915e-03	1.805648e-03	8.456408e-05	-8.456408e-05	9.055640e-04	3.669089e-03
28            	3.373053e-03	5.615838e-21	4.555309e-03	-1.138827e-04	-1.366829e-03	8.432632e-05	1.572644e-03	1.800409e-03	8.432632e-05	-8.432632e-05	9.108255e-04	3.644483e-03
29            	3.367271e-03	5.502525e-21	4.555534e-03	-1.138884e-04	-1.384294e-03	8.418177e-05	1.569747e-03	1.797524e-03	8.418177e-05	-8.418177e-05	8.934729e-04	3.662061e-03
30            	3.364989e-03	5.389183e-21	4.569155e-03	-1.142289e-04	-1.421659e-03	8.412472e-05	1.568266e-03	1.796723e-03	8.412472e-05	-8.412472e-05	8.629180e-04	3.706237e-03
31            	3.363292e-03	5.279917e-21	4.586751e-03	-1.146688e-04	-1.465024e-03	8.408231e-05	1.566977e-03	1.796315e-03	8.408231e-05	-8.408231e-05	8.283514e-04	3.758399e-03
32            	3.363420e-03	5.189537e-21	4.601135e-03	-1.150284e-04	-1.496532e-03	8.408551e-05	1.566682e-03	1.796739e-03	8.408551e-05	-8.408551e-05	8.040358e-04	3.797099e-03
33            	3.364868e-03	5.116566e-21	4.607769e-03	-1.151942e-04	-1.507766e-03	8.412171e-05	1.567240e-03	1.797628e-03	8.412171e-05	-8.412171e-05	7.961185e-04	3.811650e-03
34            	3.367308e-03	5.054550e-21	4.605130e-03	-1.151282e-04	-1.496351e-03	8.418270e-05	1.568526e-03	1.798782e-03	8.418270e-05	-8.418270e-05	8.062136e-04	3.798916e-03
35            	3.371331e-03	5.015256e-21	4.595662e-03	-1.148915e-04	-1.466507e-03	8.428328e-05	1.570774e-03	1.800557e-03	8.428328e-05	-8.428328e-05	8.313234e-04	3.764338e-03
36            	3.376454e-03	4.959578e-21	4.585919e-03	-1.146480e-04	-1.433577e-03	8.441136e-05	1.573579e-03	1.802875e-03	8.441136e-05	-8.441136e-05	8.593831e-04	3.726536e-03
37            	3.383157e-03	4.911051e-21	4.581636e-03	-1.145409e-04	-1.408832e-03	8.457893e-05	1.577038e-03	1.806119e-03	8.457893e-05	-8.457893e-05	8.819863e-04	3.699649e-03
38            	3.389432e-03	4.890367e-21	4.585147e-03	-1.146287e-04	-1.402057e-03	8.473579e-05	1.580087e-03	1.809344e-03	8.473579e-05	-8.473579e-05	8.905168e-04	3.694631e-03
39            	3.400162e-03	4.738388e-21	4.607586e-03	-1.151896e-04	-1.426206e-03	8.500404e-05	1.584891e-03	1.815271e-03	8.500404e-05	-8.500404e-05	8.775869e-04	3.729999e-03
40            	3.406509e-03	4.713555e-21	4.632841e-03	-1.158210e-04	-1.466153e-03	8.516273e-05	1.587434e-03	1.819076e-03	8.516273e-05	-8.516273e-05	8.502670e-04	3.782574e-03
41            	3.414093e-03	4.625484e-21	4.666252e-03	-1.166563e-04	-1.520909e-03	8.535233e-05	1.590390e-03	1.823703e-03	8.535233e-05	-8.535233e-05	8.122169e-04	3.854035e-03
42            	3.420263e-03	4.555431e-21	4.698723e-03	-1.174681e-04	-1.576638e-03	8.550658e-05	1.592664e-03	1.827600e-03	8.550658e-05	-8.550658e-05	7.727234e-04	3.926000e-03
43            	3.424652e-03	4.508987e-21	4.723556e-03	-1.180889e-04	-1.619724e-03	8.561631e-05	1.594237e-03	1.830415e-03	8.561631e-05	-8.561631e-05	7.420536e-04	3.981502e-03
44            	3.427562e-03	4.480387e-21	4.738309e-03	-1.184577e-04	-1.644369e-03	8.568906e-05	1.595323e-03	1.832239e-03	8.568906e-05	-8.568906e-05	7.247852e-04	4.013524e-03
45            	3.429619e-03	4.465349e-21	4.742173e-03	-1.185543e-04	-1.647487e-03	8.574048e-05	1.596255e-03	1.833364e-03	8.574048e-05	-8.574048e-05	7.235995e-04	4.018574e-03
46            	3.431146e-03	4.460541e-21	4.737436e-03	-1.184359e-04	-1.633438e-03	8.577866e-05	1.597137e-03	1.834009e-03	8.577866e-05	-8.577866e-05	7.352798e-04	4.002156e-03
47            	3.433230e-03	4.460849e-21	4.728152e-03	-1.182038e-04	-1.608608e-03	8.583076e-05	1.598411e-03	1.834819e-03	8.583076e-05	-8.583076e-05	7.554686e-04	3.972684e-03
48            	3.435409e-03	4.469961e-21	4.719482e-03	-1.179870e-04	-1.585120e-03	8.588524e-05	1.599718e-03	1.835692e-03	8.588524e-05	-8.588524e-05	7.746208e-04	3.944861e-03
49            	3.438596e-03	4.460486e-21	4.716278e-03	-1.179069e-04	-1.571414e-03	8.596489e-05	1.601391e-03	1.837205e-03	8.596489e-05	-8.596489e-05	7.867247e-04	3.929553e-03
50            	3.442324e-03	4.448624e-21	4.720676e-03	-1.180169e-04	-1.572976e-03	8.605811e-05	1.603145e-03	1.839179e-03	8.605811e-05	-8.605811e-05	7.873624e-04	3.933314e-03
51            	3.446958e-03	4.466178e-21	4.733932e-03	-1.183483e-04	-1.591519e-03	8.617395e-05	1.605131e-03	1.841827e-03	8.617395e-05	-8.617395e-05	7.754475e-04	3.958485e-03
52            	3.449125e-03	4.420355e-21	4.748742e-03	-1.187185e-04	-1.618758e-03	8.622812e-05	1.605844e-03	1.843281e-03	8.622812e-05	-8.622812e-05	7.556131e-04	3.993129e-03
53            	3.450661e-03	4.414907e-21	4.765615e-03	-1.191404e-04	-1.651734e-03	8.626652e-05	1.606190e-03	1.844471e-03	8.626652e-05	-8.626652e-05	7.310730e-04	4.034542e-03
54            	3.450558e-03	4.416675e-21	4.777533e-03	-1.194383e-04	-1.677528e-03	8.626395e-05	1.605841e-03	1.844717e-03	8.626395e-05	-8.626395e-05	7.112388e-04	4.066294e-03
55            	3.449389e-03	4.419314e-21	4.781880e-03	-1.195470e-04	-1.689366e-03	8.623472e-05	1.605147e-03	1.844241e-03	8.623472e-05	-8.623472e-05	7.015737e-04	4.080306e-03
56            	3.447791e-03	4.427282e-21	4.778791e-03	-1.194698e-04	-1.686156e-03	8.619478e-05	1.604426e-03	1.843365e-03	8.619478e-05	-8.619478e-05	7.032389e-04	4.075552e-03
57            	3.446135e-03	4.441383e-21	4.769532e-03	-1.192383e-04	-1.669866e-03	8.615338e-05	1.603829e-03	1.842306e-03	8.615338e-05	-8.615338e-05	7.149004e-04	4.054632e-03
58            	3.444756e-03	4.460964e-21	4.756990e-03	-1.189247e-04	-1.646006e-03	8.611889e-05	1.603453e-03	1.841303e-03	8.611889e-05	-8.611889e-05	7.324892e-04	4.024501e-03
59            	3.444081e-03	4.477960e-21	4.744734e-03	-1.186184e-04	-1.621331e-03	8.610202e-05	1.603422e-03	1.840659e-03	8.610202e-05	-8.610202e-05	7.510358e-04	3.993698e-03
60            	3.444190e-03	4.490726e-21	4.735964e-03	-1.183991e-04	-1.602538e-03	8.610474e-05	1.603696e-03	1.840494e-03	8.610474e-05	-8.610474e-05	7.654441e-04	3.970520e-03
61            	3.444717e-03	4.496436e-21	4.732008e-03	-1.183002e-04	-1.593207e-03	8.611791e-05	1.604058e-03	1.840658e-03	8.611791e-05	-8.611791e-05	7.727967e-04	3.959212e-03
62            	3.445585e-03	4.496150e-21	4.733623e-03	-1.183406e-04	-1.595108e-03	8.613962e-05	1.604452e-03	1.841133e-03	8.613962e-05	-8.613962e-05	7.717039e-04	3.961919e-03
63            	3.446631e-03	4.494729e-21	4.740633e-03	-1.185158e-04	-1.608167e-03	8.616578e-05	1.604800e-03	1.841831e-03	8.616578e-05	-8.616578e-05	7.621496e-04	3.978483e-03
64            	3.447339e-03	4.492826e-21	4.750330e-03	-1.187582e-04	-1.627605e-03	8.618347e-05	1.604911e-03	1.842428e-03	8.618347e-05	-8.618347e-05	7.475596e-04	4.002770e-03
65            	3.447507e-03	4.491109e-21	4.759752e-03	-1.189938e-04	-1.647511e-03	8.618768e-05	1.604760e-03	1.842747e-03	8.618768e-05	-8.618768e-05	7.323645e-04	4.027387e-03
66            	3.446427e-03	4.493455e-21	4.764870e-03	-1.191217e-04	-1.660779e-03	8.616067e-05	1.604092e-03	1.842335e-03	8.616067e-05	-8.616067e-05	7.216555e-04	4.043214e-03
67            	3.444867e-03	4.499134e-21	4.764207e-03	-1.191052e-04	-1.662580e-03	8.612169e-05	1.603329e-03	1.841539e-03	8.612169e-05	-8.612169e-05	7.195237e-04	4.044684e-03
68            	3.442965e-03	4.514543e-21	4.757974e-03	-1.189494e-04	-1.653151e-03	8.607413e-05	1.602533e-03	1.840432e-03	8.607413e-05	-8.607413e-05	7.258363e-04	4.032138e-03
69            	3.440975e-03	4.531990e-21	4.747701e-03	-1.186925e-04	-1.635341e-03	8.602439e-05	1.601795e-03	1.839180e-03	8.602439e-05	-8.602439e-05	7.385100e-04	4.009191e-03
70            	3.439796e-03	4.537978e-21	4.736449e-03	-1.184112e-04	-1.613770e-03	8.599489e-05	1.601487e-03	1.838309e-03	8.599489e-05	-8.599489e-05	7.544539e-04	3.981995e-03
71            	3.439650e-03	4.546754e-21	4.728085e-03	-1.182021e-04	-1.596247e-03	8.599126e-05	1.601623e-03	1.838027e-03	8.599126e-05	-8.599126e-05	7.677957e-04	3.960289e-03
72            	3.440032e-03	4.554174e-21	4.724161e-03	-1.181040e-04	-1.587137e-03	8.600080e-05	1.601912e-03	1.838120e-03	8.600080e-05	-8.600080e-05	7.749432e-04	3.949218e-03
73            	3.440687e-03	4.557281e-21	4.724300e-03	-1.181075e-04	-1.586152e-03	8.601718e-05	1.602236e-03	1.838451e-03	8.601718e-05	-8.601718e-05	7.759984e-04	3.948301e-03
74            	3.441432e-03	4.552095e-21	4.728974e-03	-1.182244e-04	-1.594751e-03	8.603580e-05	1.602492e-03	1.838940e-03	8.603580e-05	-8.603580e-05	7.697365e-04	3.959238e-03
75            	3.442203e-03	4.546507e-21	4.735975e-03	-1.183994e-04	-1.608166e-03	8.605507e-05	1.602702e-03	1.839501e-03	8.605507e-05	-8.605507e-05	7.598210e-04	3.976154e-03
76            	3.442590e-03	4.543191e-21	4.743209e-03	-1.185802e-04	-1.622808e-03	8.606475e-05	1.602715e-03	1.839875e-03	8.606475e-05	-8.606475e-05	7.487966e-04	3.994412e-03
77            	3.442672e-03	4.542744e-21	4.749080e-03	-1.187270e-04	-1.635112e-03	8.606681e-05	1.602609e-03	1.840063e-03	8.606681e-05	-8.606681e-05	7.394281e-04	4.009652e-03
78            	3.442075e-03	4.547397e-21	4.751607e-03	-1.187902e-04	-1.641645e-03	8.605188e-05	1.602247e-03	1.839828e-03	8.605188e-05	-8.605188e-05	7.341585e-04	4.017449e-03
79            	3.441104e-03	4.555461e-21	4.749929e-03	-1.187482e-04	-1.639919e-03	8.602761e-05	1.601804e-03	1.839300e-03	8.602761e-05	-8.602761e-05	7.350459e-04	4.014884e-03
80            	3.439381e-03	4.569962e-21	4.743125e-03	-1.185781e-04	-1.628893e-03	8.598453e-05	1.601112e-03	1.838269e-03	8.598453e-05	-8.598453e-05	7.426693e-04	4.000456e-03
81            	3.438544e-03	4.577905e-21	4.736076e-03	-1.184019e-04	-1.615507e-03	8.596361e-05	1.600870e-03	1.837674e-03	8.596361e-05	-8.596361e-05	7.525314e-04	3.983545e-03
82            	3.438127e-03	4.585880e-21	4.729337e-03	-1.182334e-04	-1.601936e-03	8.595318e-05	1.600830e-03	1.837297e-03	8.595318e-05	-8.595318e-05	7.627325e-04	3.966604e-03
83            	3.438324e-03	4.586498e-21	4.724999e-03	-1.181250e-04	-1.592249e-03	8.595809e-05	1.601037e-03	1.837287e-03	8.595809e-05	-8.595809e-05	7.702504e-04	3.954748e-03
84            	3.438832e-03	4.586691e-21	4.724112e-03	-1.181028e-04	-1.589337e-03	8.597080e-05	1.601313e-03	1.837519e-03	8.597080e-05	-8.597080e-05	7.727186e-04	3.951394e-03
85            	3.439565e-03	4.585053e-21	4.726396e-03	-1.181599e-04	-1.592741e-03	8.598913e-05	1.601623e-03	1.837943e-03	8.598913e-05	-8.598913e-05	7.704574e-04	3.955939e-03
86            	3.440310e-03	4.578752e-21	4.731731e-03	-1.182933e-04	-1.602671e-03	8.600775e-05	1.601862e-03	1.838448e-03	8.600775e-05	-8.600775e-05	7.631944e-04	3.968536e-03
87            	3.440874e-03	4.573806e-21	4.737935e-03	-1.184484e-04	-1.614772e-03	8.602185e-05	1.601989e-03	1.838885e-03	8.602185e-05	-8.602185e-05	7.541956e-04	3.983739e-03
88            	3.440935e-03	4.572242e-21	4.742947e-03	-1.185737e-04	-1.625320e-03	8.602338e-05	1.601894e-03	1.839041e-03	8.602338e-05	-8.602338e-05	7.461532e-04	3.996794e-03
89            	3.440681e-03	4.573575e-21	4.745839e-03	-1.186460e-04	-1.631967e-03	8.601702e-05	1.601694e-03	1.838986e-03	8.601702e-05	-8.601702e-05	7.409529e-04	4.004886e-03
90            	3.440130e-03	4.577591e-21	4.745870e-03	-1.186468e-04	-1.633085e-03	8.600326e-05	1.601418e-03	1.838712e-03	8.600326e-05	-8.600326e-05	7.398501e-04	4.006020e-03
91            	3.438970e-03	4.587766e-21	4.741930e-03	-1.185482e-04	-1.627021e-03	8.597425e-05	1.600937e-03	1.838033e-03	8.597425e-05	-8.597425e-05	7.439436e-04	3.997986e-03
92            	3.438337e-03	4.592732e-21	4.737113e-03	-1.184278e-04	-1.617989e-03	8.595843e-05	1.600741e-03	1.837596e-03	8.595843e-05	-8.595843e-05	7.505672e-04	3.986545e-03
93            	3.437850e-03	4.599656e-21	4.731600e-03	-1.182900e-04	-1.607185e-03	8.594625e-05	1.600635e-03	1.837215e-03	8.594625e-05	-8.594625e-05	7.586157e-04	3.972985e-03
94            	3.437790e-03	4.603069e-21	4.727386e-03	-1.181846e-04	-1.598309e-03	8.594474e-05	1.600710e-03	1.837079e-03	8.594474e-05	-8.594474e-05	7.653842e-04	3.962002e-03
95            	3.438069e-03	4.602843e-21	4.725626e-03	-1.181406e-04	-1.594009e-03	8.595172e-05	1.600894e-03	1.837175e-03	8.595172e-05	-8.595172e-05	7.688044e-04	3.956821e-03
96            	3.438573e-03	4.600547e-21	4.726412e-03	-1.181603e-04	-1.594702e-03	8.596432e-05	1.601126e-03	1.837447e-03	8.596432e-05	-8.596432e-05	7.685042e-04	3.957907e-03
97            	3.439432e-03	4.594042e-21	4.730480e-03	-1.182620e-04	-1.601651e-03	8.598579e-05	1.601454e-03	1.837978e-03	8.598579e-05	-8.598579e-05	7.635893e-04	3.966891e-03
98            	3.439813e-03	4.591002e-21	4.734644e-03	-1.183661e-04	-1.609782e-03	8.599532e-05	1.601540e-03	1.838273e-03	8.599532e-05	-8.599532e-05	7.575404e-04	3.977103e-03
99            	3.440047e-03	4.587575e-21	4.738907e-03	-1.184727e-04	-1.618416e-03	8.600118e-05	1.601551e-03	1.838496e-03	8.600118e-05	-8.600118e-05	7.510373e-04	3.987869e-03
100           	3.439896e-03	4.587232e-21	4.741742e-03	-1.185436e-04	-1.624773e-03	8.599740e-05	1.601405e-03	1.838492e-03	8.599740e-05	-8.599740e-05	7.460984e-04	3.995644e-03
101           	3.439556e-03	4.588762e-21	4.742676e-03	-1.185669e-04	-1.627443e-03	8.598890e-05	1.601211e-03	1.838345e-03	8.598890e-05	-8.598890e-05	7.438954e-04	3.998780e-03
102           	3.438752e-03	4.596051e-21	4.740798e-03	-1.185199e-04	-1.625080e-03	8.596879e-05	1.600856e-03	1.837896e-03	8.596879e-05	-8.596879e-05	7.453194e-04	3.995478e-03
103           	3.438307e-03	4.597348e-21	4.737824e-03	-1.184456e-04	-1.619616e-03	8.595766e-05	1.600708e-03	1.837599e-03	8.595766e-05	-8.595766e-05	7.492964e-04	3.988528e-03
104           	3.437841e-03	4.602910e-21	4.733340e-03	-1.183335e-04	-1.610989e-03	8.594603e-05	1.600587e-03	1.837254e-03	8.594603e-05	-8.594603e-05	7.556812e-04	3.977659e-03
105           	3.437745e-03	4.606499e-21	4.729812e-03	-1.182453e-04	-1.603648e-03	8.594362e-05	1.600627e-03	1.837118e-03	8.594362e-05	-8.594362e-05	7.612576e-04	3.968555e-03
106           	3.437870e-03	4.605968e-21	4.727697e-03	-1.181924e-04	-1.598874e-03	8.594676e-05	1.600743e-03	1.837128e-03	8.594676e-05	-8.594676e-05	7.649746e-04	3.962723e-03
107           	3.438188e-03	4.605664e-21	4.727355e-03	-1.181839e-04	-1.597516e-03	8.595470e-05	1.600910e-03	1.837278e-03	8.595470e-05	-8.595470e-05	7.661618e-04	3.961193e-03
108           	3.438844e-03	4.600400e-21	4.729642e-03	-1.182410e-04	-1.601069e-03	8.597110e-05	1.601181e-03	1.837663e-03	8.597110e-05	-8.597110e-05	7.637522e-04	3.965890e-03
109           	3.439184e-03	4.597998e-21	4.732482e-03	-1.183120e-04	-1.606461e-03	8.597960e-05	1.601280e-03	1.837904e-03	8.597960e-05	-8.597960e-05	7.597803e-04	3.972702e-03
110           	3.439493e-03	4.593944e-21	4.735972e-03	-1.183993e-04	-1.613295e-03	8.598732e-05	1.601347e-03	1.838146e-03	8.598732e-05	-8.598732e-05	7.546915e-04	3.981281e-03
111           	3.439498e-03	4.592230e-21	4.738743e-03	-1.184686e-04	-1.619203e-03	8.598744e-05	1.601280e-03	1.838217e-03	8.598744e-05	-8.598744e-05	7.501686e-04	3.988574e-03
112           	3.439334e-03	4.592570e-21	4.740173e-03	-1.185043e-04	-1.622576e-03	8.598334e-05	1.601163e-03	1.838171e-03	8.598334e-05	-8.598334e-05	7.475101e-04	3.992663e-03
113           	3.439030e-03	4.593947e-21	4.740027e-03	-1.185007e-04	-1.622855e-03	8.597574e-05	1.601014e-03	1.838015e-03	8.597574e-05	-8.597574e-05	7.471584e-04	3.992868e-03
114           	3.438415e-03	4.599096e-21	4.737663e-03	-1.184416e-04	-1.619059e-03	8.596037e-05	1.600766e-03	1.837649e-03	8.596037e-05	-8.596037e-05	7.497724e-04	3.987890e-03
115           	3.438113e-03	4.601261e-21	4.734942e-03	-1.183735e-04	-1.613850e-03	8.595282e-05	1.600683e-03	1.837430e-03	8.595282e-05	-8.595282e-05	7.536213e-04	3.981320e-03
116           	3.437917e-03	4.604163e-21	4.731782e-03	-1.182946e-04	-1.607501e-03	8.594791e-05	1.600664e-03	1.837253e-03	8.594791e-05	-8.594791e-05	7.583901e-04	3.973392e-03
117           	3.438006e-03	4.605503e-21	4.729875e-03	-1.182469e-04	-1.603244e-03	8.595016e-05	1.600756e-03	1.837250e-03	8.595016e-05	-8.595016e-05	7.616933e-04	3.968182e-03
118           	3.438181e-03	4.604712e-21	4.729123e-03	-1.182281e-04	-1.601292e-03	8.595454e-05	1.600863e-03	1.837319e-03	8.595454e-05	-8.595454e-05	7.632694e-04	3.965854e-03
119           	3.438639e-03	4.601637e-21	4.730016e-03	-1.182504e-04	-1.602261e-03	8.596598e-05	1.601069e-03	1.837570e-03	8.596598e-05	-8.596598e-05	7.627469e-04	3.967269e-03
120           	3.438893e-03	4.599921e-21	4.731760e-03	-1.182940e-04	-1.605493e-03	8.597232e-05	1.601152e-03	1.837740e-03	8.597232e-05	-8.597232e-05	7.603873e-04	3.971372e-03
121           	3.439226e-03	4.596098e-21	4.734606e-03	-1.183651e-04	-1.610886e-03	8.598066e-05	1.601248e-03	1.837978e-03	8.598066e-05	-8.598066e-05	7.564166e-04	3.978189e-03
122           	3.439261e-03	4.594095e-21	4.736834e-03	-1.184209e-04	-1.615592e-03	8.598153e-05	1.601210e-03	1.838051e-03	8.598153e-05	-8.598153e-05	7.528251e-04	3.984009e-03
123           	3.439199e-03	4.593515e-21	4.738280e-03	-1.184570e-04	-1.618808e-03	8.597998e-05	1.601143e-03	1.838057e-03	8.597998e-05	-8.597998e-05	7.503327e-04	3.987948e-03
124           	3.439043e-03	4.593892e-21	4.738814e-03	-1.184704e-04	-1.620254e-03	8.597608e-05	1.601051e-03	1.837992e-03	8.597608e-05	-8.597608e-05	7.491534e-04	3.989661e-03
125           	3.438660e-03	4.596616e-21	4.737864e-03	-1.184466e-04	-1.619012e-03	8.596651e-05	1.600883e-03	1.837777e-03	8.596651e-05	-8.596651e-05	7.499202e-04	3.987944e-03
126           	3.438457e-03	4.598078e-21	4.736276e-03	-1.184069e-04	-1.616015e-03	8.596142e-05	1.600821e-03	1.837635e-03	8.596142e-05	-8.596142e-05	7.521229e-04	3.984153e-03
127           	3.438201e-03	4.600910e-21	4.733858e-03	-1.183464e-04	-1.611377e-03	8.595504e-05	1.600754e-03	1.837447e-03	8.595504e-05	-8.595504e-05	7.555522e-04	3.978306e-03
128           	3.438199e-03	4.602473e-21	4.732043e-03	-1.183011e-04	-1.607499e-03	8.595497e-05	1.600798e-03	1.837401e-03	8.595497e-05	-8.595497e-05	7.585224e-04	3.973520e-03
129           	3.438260e-03	4.602673e-21	4.730870e-03	-1.182718e-04	-1.604868e-03	8.595650e-05	1.600858e-03	1.837402e-03	8.595650e-05	-8.595650e-05	7.605674e-04	3.970303e-03
130           	3.438544e-03	4.600711e-21	4.730796e-03	-1.182699e-04	-1.604129e-03	8.596360e-05	1.601002e-03	1.837542e-03	8.596360e-05	-8.596360e-05	7.612692e-04	3.969527e-03
131           	3.438756e-03	4.600336e-21	4.731601e-03	-1.182900e-04	-1.605426e-03	8.596890e-05	1.601088e-03	1.837668e-03	8.596890e-05	-8.596890e-05	7.603748e-04	3.971226e-03
132           	3.439068e-03	4.597245e-21	4.733578e-03	-1.183394e-04	-1.609008e-03	8.597669e-05	1.601194e-03	1.837873e-03	8.597669e-05	-8.597669e-05	7.577807e-04	3.975797e-03
133           	3.439178e-03	4.595231e-21	4.735449e-03	-1.183862e-04	-1.612791e-03	8.597945e-05	1.601203e-03	1.837975e-03	8.597945e-05	-8.597945e-05	7.549338e-04	3.980515e-03
134           	3.439104e-03	4.595535e-21	4.736974e-03	-1.184244e-04	-1.616212e-03	8.597759e-05	1.601127e-03	1.837976e-03	8.597759e-05	-8.597759e-05	7.522750e-04	3.984699e-03
135           	3.438998e-03	4.593858e-21	4.737718e-03	-1.184430e-04	-1.618021e-03	8.597494e-05	1.601056e-03	1.837942e-03	8.597494e-05	-8.597494e-05	7.508384e-04	3.986880e-03
136           	3.438876e-03	4.594732e-21	4.737661e-03	-1.184415e-04	-1.618138e-03	8.597190e-05	1.600997e-03	1.837880e-03	8.597190e-05	-8.597190e-05	7.506928e-04	3.986968e-03
137           	3.438607e-03	4.597087e-21	4.736483e-03	-1.184121e-04	-1.616167e-03	8.596517e-05	1.600891e-03	1.837715e-03	8.596517e-05	-8.596517e-05	7.520744e-04	3.984409e-03
138           	3.438438e-03	4.598638e-21	4.735041e-03	-1.183760e-04	-1.613429e-03	8.596095e-05	1.600843e-03	1.837595e-03	8.596095e-05	-8.596095e-05	7.540916e-04	3.980950e-03
139           	3.438337e-03	4.599569e-21	4.733254e-03	-1.183313e-04	-1.609812e-03	8.595842e-05	1.600837e-03	1.837500e-03	8.595842e-05	-8.595842e-05	7.568145e-04	3.976439e-03
140           	3.438382e-03	4.601150e-21	4.732118e-03	-1.183029e-04	-1.607289e-03	8.595955e-05	1.600888e-03	1.837494e-03	8.595955e-05	-8.595955e-05	7.587703e-04	3.973347e-03
141           	3.438468e-03	4.600815e-21	4.731613e-03	-1.182903e-04	-1.606037e-03	8.596171e-05	1.600944e-03	1.837525e-03	8.596171e-05	-8.596171e-05	7.597692e-04	3.971844e-03
142           	3.438706e-03	4.599274e-21	4.732002e-03	-1.183000e-04	-1.606380e-03	8.596766e-05	1.601053e-03	1.837653e-03	8.596766e-05	-8.596766e-05	7.596211e-04	3.972381e-03
143           	3.438846e-03	4.598301e-21	4.732910e-03	-1.183228e-04	-1.608048e-03	8.597116e-05	1.601100e-03	1.837746e-03	8.597116e-05	-8.597116e-05	7.584075e-04	3.974503e-03
144           	3.439032e-03	4.596542e-21	4.734484e-03	-1.183621e-04	-1.611028e-03	8.597581e-05	1.601154e-03	1.837878e-03	8.597581e-05	-8.597581e-05	7.562139e-04	3.978270e-03
145           	3.439089e-03	4.594729e-21	4.735860e-03	-1.183965e-04	-1.613860e-03	8.597722e-05	1.601148e-03	1.837941e-03	8.597722e-05	-8.597722e-05	7.540698e-04	3.981790e-03
146           	3.439048e-03	4.594451e-21	4.736763e-03	-1.184191e-04	-1.615878e-03	8.597619e-05	1.601105e-03	1.837943e-03	8.597619e-05	-8.597619e-05	7.525038e-04	3.984259e-03
147           	3.438950e-03	4.594631e-21	4.737106e-03	-1.184276e-04	-1.616805e-03	8.597375e-05	1.601047e-03	1.837903e-03	8.597375e-05	-8.597375e-05	7.517479e-04	3.985358e-03
148           	3.438716e-03	4.596449e-21	4.736570e-03	-1.184143e-04	-1.616142e-03	8.596791e-05	1.600944e-03	1.837773e-03	8.596791e-05	-8.596791e-05	7.521430e-04	3.984427e-03
149           	3.438599e-03	4.596999e-21	4.735673e-03	-1.183918e-04	-1.614455e-03	8.596497e-05	1.600908e-03	1.837691e-03	8.596497e-05	-8.596497e-05	7.533813e-04	3.982291e-03
150           	3.438462e-03	4.598288e-21	4.734290e-03	-1.183572e-04	-1.611781e-03	8.596155e-05	1.600874e-03	1.837588e-03	8.596155e-05	-8.596155e-05	7.553634e-04	3.978926e-03
151           	3.438460e-03	4.599586e-21	4.733229e-03	-1.183307e-04	-1.609516e-03	8.596149e-05	1.600899e-03	1.837561e-03	8.596149e-05	-8.596149e-05	7.570983e-04	3.976130e-03
152           	3.438502e-03	4.599655e-21	4.732565e-03	-1.183141e-04	-1.608010e-03	8.596254e-05	1.600937e-03	1.837565e-03	8.596254e-05	-8.596254e-05	7.582725e-04	3.974292e-03
153           	3.438653e-03	4.598613e-21	4.732457e-03	-1.183114e-04	-1.607468e-03	8.596634e-05	1.601015e-03	1.837638e-03	8.596634e-05	-8.596634e-05	7.587607e-04	3.973696e-03
154           	3.438766e-03	4.598561e-21	4.732847e-03	-1.183212e-04	-1.608077e-03	8.596915e-05	1.601062e-03	1.837704e-03	8.596915e-05	-8.596915e-05	7.583471e-04	3.974500e-03
155           	3.438918e-03	4.596902e-21	4.733914e-03	-1.183478e-04	-1.610049e-03	8.597295e-05	1.601111e-03	1.837807e-03	8.597295e-05	-8.597295e-05	7.569081e-04	3.977006e-03
156           	3.438994e-03	4.595734e-21	4.734946e-03	-1.183737e-04	-1.612101e-03	8.597485e-05	1.601123e-03	1.837871e-03	8.597485e-05	-8.597485e-05	7.553719e-04	3.979574e-03
157           	3.438964e-03	4.595972e-21	4.735852e-03	-1.183963e-04	-1.614104e-03	8.597409e-05	1.601086e-03	1.837878e-03	8.597409e-05	-8.597409e-05	7.538220e-04	3.982030e-03
158           	3.438909e-03	4.594878e-21	4.736320e-03	-1.184080e-04	-1.615218e-03	8.597273e-05	1.601047e-03	1.837863e-03	8.597273e-05	-8.597273e-05	7.529417e-04	3.983379e-03
159           	3.438846e-03	4.595290e-21	4.736349e-03	-1.184087e-04	-1.615403e-03	8.597115e-05	1.601014e-03	1.837832e-03	8.597115e-05	-8.597115e-05	7.527708e-04	3.983578e-03
160           	3.438683e-03	4.596631e-21	4.735732e-03	-1.183933e-04	-1.614419e-03	8.596707e-05	1.600948e-03	1.837735e-03	8.596707e-05	-8.596707e-05	7.534470e-04	3.982285e-03
161           	3.438591e-03	4.597507e-21	4.734921e-03	-1.183730e-04	-1.612869e-03	8.596477e-05	1.600922e-03	1.837668e-03	8.596477e-05	-8.596477e-05	7.545915e-04	3.980329e-03
162           	3.438527e-03	4.598029e-21	4.733898e-03	-1.183475e-04	-1.610811e-03	8.596318e-05	1.600916e-03	1.837611e-03	8.596318e-05	-8.596318e-05	7.561380e-04	3.977760e-03
163           	3.438547e-03	4.599014e-21	4.733234e-03	-1.183308e-04	-1.609349e-03	8.596368e-05	1.600943e-03	1.837604e-03	8.596368e-05	-8.596368e-05	7.572680e-04	3.975966e-03
164           	3.438593e-03	4.598852e-21	4.732920e-03	-1.183230e-04	-1.608584e-03	8.596483e-05	1.600974e-03	1.837620e-03	8.596483e-05	-8.596483e-05	7.578753e-04	3.975044e-03
165           	3.438725e-03	4.598027e-21	4.733101e-03	-1.183275e-04	-1.608702e-03	8.596813e-05	1.601035e-03	1.837690e-03	8.596813e-05	-8.596813e-05	7.578488e-04	3.975252e-03
166           	3.438805e-03	4.597524e-21	4.733591e-03	-1.183398e-04	-1.609593e-03	8.597012e-05	1.601063e-03	1.837742e-03	8.597012e-05	-8.597012e-05	7.572028e-04	3.976388e-03
167           	3.438914e-03	4.596484e-21	4.734475e-03	-1.183619e-04	-1.611257e-03	8.597284e-05	1.601095e-03	1.837819e-03	8.597284e-05	-8.597284e-05	7.559805e-04	3.978494e-03
168           	3.438950e-03	4.595480e-21	4.735265e-03	-1.183816e-04	-1.612877e-03	8.597374e-05	1.601093e-03	1.837856e-03	8.597374e-05	-8.597374e-05	7.547558e-04	3.980510e-03
169           	3.438926e-03	4.595421e-21	4.735793e-03	-1.183948e-04	-1.614057e-03	8.597314e-05	1.601068e-03	1.837858e-03	8.597314e-05	-8.597314e-05	7.538400e-04	3.981953e-03
170           	3.438874e-03	4.595387e-21	4.736015e-03	-1.184004e-04	-1.614634e-03	8.597184e-05	1.601036e-03	1.837837e-03	8.597184e-05	-8.597184e-05	7.533734e-04	3.982641e-03
171           	3.438750e-03	4.596222e-21	4.735752e-03	-1.183938e-04	-1.614325e-03	8.596875e-05	1.600981e-03	1.837769e-03	8.596875e-05	-8.596875e-05	7.535504e-04	3.982201e-03
172           	3.438683e-03	4.596699e-21	4.735262e-03	-1.183816e-04	-1.613411e-03	8.596707e-05	1.600960e-03	1.837723e-03	8.596707e-05	-8.596707e-05	7.542204e-04	3.981042e-03
173           	3.438598e-03	4.597535e-21	4.734478e-03	-1.183619e-04	-1.611909e-03	8.596495e-05	1.600937e-03	1.837661e-03	8.596495e-05	-8.596495e-05	7.553301e-04	3.979148e-03
174           	3.438593e-03	4.598236e-21	4.733864e-03	-1.183466e-04	-1.610605e-03	8.596482e-05	1.600950e-03	1.837643e-03	8.596482e-05	-8.596482e-05	7.563267e-04	3.977537e-03
175           	3.438613e-03	4.598335e-21	4.733465e-03	-1.183366e-04	-1.609711e-03	8.596532e-05	1.600970e-03	1.837643e-03	8.596532e-05	-8.596532e-05	7.570212e-04	3.976444e-03
176           	3.438695e-03	4.597809e-21	4.733377e-03	-1.183344e-04	-1.609355e-03	8.596737e-05	1.601013e-03	1.837682e-03	8.596737e-05	-8.596737e-05	7.573331e-04	3.976044e-03
177           	3.438758e-03	4.597774e-21	4.733575e-03	-1.183394e-04	-1.609652e-03	8.596895e-05	1.601040e-03	1.837718e-03	8.596895e-05	-8.596895e-05	7.571355e-04	3.976440e-03
178           	3.438846e-03	4.596828e-21	4.734166e-03	-1.183542e-04	-1.610737e-03	8.597115e-05	1.601069e-03	1.837777e-03	8.597115e-05	-8.597115e-05	7.563459e-04	3.977820e-03
179           	3.438891e-03	4.596182e-21	4.734750e-03	-1.183688e-04	-1.611894e-03	8.597227e-05	1.601077e-03	1.837814e-03	8.597227e-05	-8.597227e-05	7.554807e-04	3.979269e-03
180           	3.438877e-03	4.596273e-21	4.735276e-03	-1.183819e-04	-1.613049e-03	8.597192e-05	1.601057e-03	1.837820e-03	8.597192e-05	-8.597192e-05	7.545888e-04	3.980687e-03
181           	3.438847e-03	4.595666e-21	4.735556e-03	-1.183889e-04	-1.613710e-03	8.597118e-05	1.601035e-03	1.837813e-03	8.597118e-05	-8.597118e-05	7.540680e-04	3.981488e-03
182           	3.438782e-03	4.596070e-21	4.735545e-03	-1.183886e-04	-1.613820e-03	8.596956e-05	1.601002e-03	1.837780e-03	8.596956e-05	-8.596956e-05	7.539528e-04	3.981592e-03
183           	3.438733e-03	4.596382e-21	4.735306e-03	-1.183827e-04	-1.613407e-03	8.596833e-05	1.600984e-03	1.837749e-03	8.596833e-05	-8.596833e-05	7.542467e-04	3.981060e-03
184           	3.438655e-03	4.597015e-21	4.734764e-03	-1.183691e-04	-1.612408e-03	8.596638e-05	1.600959e-03	1.837697e-03	8.596638e-05	-8.596638e-05	7.549742e-04	3.979790e-03
185           	3.438626e-03	4.597734e-21	4.734249e-03	-1.183562e-04	-1.611364e-03	8.596566e-05	1.600957e-03	1.837669e-03	8.596566e-05	-8.596566e-05	7.557611e-04	3.978488e-03
186           	3.438648e-03	4.597652e-21	4.733839e-03	-1.183460e-04	-1.610439e-03	8.596620e-05	1.600978e-03	1.837670e-03	8.596620e-05	-8.596620e-05	7.564799e-04	3.977359e-03
187           	3.438676e-03	4.598065e-21	4.733646e-03	-1.183412e-04	-1.609969e-03	8.596691e-05	1.600997e-03	1.837679e-03	8.596691e-05	-8.596691e-05	7.568538e-04	3.976792e-03
188           	3.438739e-03	4.597620e-21	4.733731e-03	-1.183433e-04	-1.610022e-03	8.596847e-05	1.601026e-03	1.837713e-03	8.596847e-05	-8.596847e-05	7.568434e-04	3.976887e-03
189           	3.438779e-03	4.597274e-21	4.733988e-03	-1.183497e-04	-1.610493e-03	8.596949e-05	1.601040e-03	1.837739e-03	8.596949e-05	-8.596949e-05	7.565014e-04	3.977487e-03
190           	3.438840e-03	4.596795e-21	4.734480e-03	-1.183620e-04	-1.611419e-03	8.597101e-05	1.601058e-03	1.837782e-03	8.597101e-05	-8.597101e-05	7.558211e-04	3.978659e-03
191           	3.438862e-03	4.596108e-21	4.734932e-03	-1.183733e-04	-1.612344e-03	8.597154e-05	1.601058e-03	1.837804e-03	8.597154e-05	-8.597154e-05	7.551221e-04	3.979810e-03
192           	3.438835e-03	4.596235e-21	4.735254e-03	-1.183814e-04	-1.613089e-03	8.597087e-05	1.601036e-03	1.837799e-03	8.597087e-05	-8.597087e-05	7.545377e-04	3.980716e-03
193           	3.438808e-03	4.595932e-21	4.735386e-03	-1.183846e-04	-1.613426e-03	8.597019e-05	1.601019e-03	1.837788e-03	8.597019e-05	-8.597019e-05	7.542666e-04	3.981119e-03
194           	3.438748e-03	4.596410e-21	4.735245e-03	-1.183811e-04	-1.613247e-03	8.596869e-05	1.600993e-03	1.837755e-03	8.596869e-05	-8.596869e-05	7.543748e-04	3.980870e-03
195           	3.438712e-03	4.596748e-21	4.734973e-03	-1.183743e-04	-1.612738e-03	8.596779e-05	1.600982e-03	1.837730e-03	8.596779e-05	-8.596779e-05	7.547488e-04	3.980225e-03
196           	3.438665e-03	4.597067e-21	4.734528e-03	-1.183632e-04	-1.611881e-03	8.596663e-05	1.600970e-03	1.837696e-03	8.596663e-05	-8.596663e-05	7.553830e-04	3.979145e-03
197           	3.438661e-03	4.597633e-21	4.734175e-03	-1.183544e-04	-1.611133e-03	8.596652e-05	1.600976e-03	1.837685e-03	8.596652e-05	-8.596652e-05	7.559546e-04	3.978220e-03
198           	3.438672e-03	4.597696e-21	4.733947e-03	-1.183487e-04	-1.610623e-03	8.596680e-05	1.600987e-03	1.837685e-03	8.596680e-05	-8.596680e-05	7.563508e-04	3.977596e-03
199           	3.438697e-03	4.597651e-21	4.733862e-03	-1.183465e-04	-1.610392e-03	8.596742e-05	1.601002e-03	1.837695e-03	8.596742e-05	-8.596742e-05	7.565391e-04	3.977323e-03
200           	3.438757e-03	4.597217e-21	4.734012e-03	-1.183503e-04	-1.610589e-03	8.596892e-05	1.601028e-03	1.837729e-03	8.596892e-05	-8.596892e-05	7.564172e-04	3.977594e-03
201           	3.438789e-03	4.596972e-21	4.734263e-03	-1.183566e-04	-1.611063e-03	8.596973e-05	1.601038e-03	1.837751e-03	8.596973e-05	-8.596973e-05	7.560687e-04	3.978194e-03
202           	3.438828e-03	4.596616e-21	4.734645e-03	-1.183661e-04	-1.611799e-03	8.597069e-05	1.601048e-03	1.837780e-03	8.597069e-05	-8.597069e-05	7.555230e-04	3.979122e-03
203           	3.438829e-03	4.596257e-21	4.734936e-03	-1.183734e-04	-1.612420e-03	8.597072e-05	1.601041e-03	1.837788e-03	8.597072e-05	-8.597072e-05	7.550476e-04	3.979888e-03
204           	3.438817e-03	4.596244e-21	4.735115e-03	-1.183779e-04	-1.612827e-03	8.597041e-05	1.601030e-03	1.837786e-03	8.597041e-05	-8.597041e-05	7.547301e-04	3.980385e-03
205           	3.438774e-03	4.596534e-21	4.735136e-03	-1.183784e-04	-1.612960e-03	8.596935e-05	1.601009e-03	1.837765e-03	8.596935e-05	-8.596935e-05	7.546078e-04	3.980528e-03
206           	3.438745e-03	4.596550e-21	4.735019e-03	-1.183755e-04	-1.612769e-03	8.596861e-05	1.600997e-03	1.837748e-03	8.596861e-05	-8.596861e-05	7.547408e-04	3.980278e-03
207           	3.438701e-03	4.596998e-21	4.734724e-03	-1.183681e-04	-1.612228e-03	8.596753e-05	1.600982e-03	1.837719e-03	8.596753e-05	-8.596753e-05	7.551346e-04	3.979590e-03
208           	3.438681e-03	4.597320e-21	4.734438e-03	-1.183609e-04	-1.611656e-03	8.596701e-05	1.600979e-03	1.837701e-03	8.596701e-05	-8.596701e-05	7.555624e-04	3.978875e-03
209           	3.438690e-03	4.597253e-21	4.734190e-03	-1.183547e-04	-1.611106e-03	8.596725e-05	1.600990e-03	1.837700e-03	8.596725e-05	-8.596725e-05	7.559891e-04	3.978201e-03
210           	3.438706e-03	4.597541e-21	4.734064e-03	-1.183516e-04	-1.610804e-03	8.596764e-05	1.601001e-03	1.837704e-03	8.596764e-05	-8.596764e-05	7.562280e-04	3.977836e-03
211           	3.438724e-03	4.597416e-21	4.734061e-03	-1.183515e-04	-1.610763e-03	8.596809e-05	1.601010e-03	1.837713e-03	8.596809e-05	-8.596809e-05	7.562675e-04	3.977794e-03
212           	3.438769e-03	4.597033e-21	4.734238e-03	-1.183560e-04	-1.611049e-03	8.596923e-05	1.601029e-03	1.837741e-03	8.596923e-05	-8.596923e-05	7.560705e-04	3.978168e-03
213           	3.438794e-03	4.596785e-21	4.734467e-03	-1.183617e-04	-1.611486e-03	8.596986e-05	1.601036e-03	1.837759e-03	8.596986e-05	-8.596986e-05	7.557475e-04	3.978719e-03
214           	3.438812e-03	4.596636e-21	4.734750e-03	-1.183688e-04	-1.612058e-03	8.597029e-05	1.601037e-03	1.837775e-03	8.597029e-05	-8.597029e-05	7.553173e-04	3.979433e-03
215           	3.438806e-03	4.596365e-21	4.734933e-03	-1.183733e-04	-1.612461e-03	8.597015e-05	1.601030e-03	1.837776e-03	8.597015e-05	-8.597015e-05	7.550056e-04	3.979928e-03
216           	3.438793e-03	4.596409e-21	4.735018e-03	-1.183754e-04	-1.612668e-03	8.596982e-05	1.601021e-03	1.837772e-03	8.596982e-05	-8.596982e-05	7.548410e-04	3.980177e-03
217           	3.438756e-03	4.596642e-21	4.734962e-03	-1.183741e-04	-1.612625e-03	8.596889e-05	1.601004e-03	1.837752e-03	8.596889e-05	-8.596889e-05	7.548560e-04	3.980106e-03
218           	3.438734e-03	4.596787e-21	4.734822e-03	-1.183705e-04	-1.612369e-03	8.596834e-05	1.600996e-03	1.837737e-03	8.596834e-05	-8.596834e-05	7.550418e-04	3.979780e-03
219           	3.438704e-03	4.597066e-21	4.734574e-03	-1.183644e-04	-1.611901e-03	8.596760e-05	1.600988e-03	1.837716e-03	8.596760e-05	-8.596760e-05	7.553863e-04	3.979188e-03
220           	3.438695e-03	4.597346e-21	4.734355e-03	-1.183589e-04	-1.611451e-03	8.596736e-05	1.600988e-03	1.837706e-03	8.596736e-05	-8.596736e-05	7.557265e-04	3.978629e-03
221           	3.438701e-03	4.597391e-21	4.734210e-03	-1.183553e-04	-1.611128e-03	8.596751e-05	1.600995e-03	1.837706e-03	8.596751e-05	-8.596751e-05	7.559769e-04	3.978233e-03
222           	3.438716e-03	4.597359e-21	4.734152e-03	-1.183538e-04	-1.610975e-03	8.596789e-05	1.601004e-03	1.837712e-03	8.596789e-05	-8.596789e-05	7.561011e-04	3.978051e-03
223           	3.438752e-03	4.597071e-21	4.734231e-03	-1.183558e-04	-1.611069e-03	8.596880e-05	1.601020e-03	1.837732e-03	8.596880e-05	-8.596880e-05	7.560470e-04	3.978184e-03
224           	3.438771e-03	4.596986e-21	4.734370e-03	-1.183592e-04	-1.611328e-03	8.596926e-05	1.601026e-03	1.837745e-03	8.596926e-05	-8.596926e-05	7.558566e-04	3.978513e-03
225           	3.438793e-03	4.596771e-21	4.734588e-03	-1.183647e-04	-1.611748e-03	8.596983e-05	1.601032e-03	1.837761e-03	8.596983e-05	-8.596983e-05	7.555461e-04	3.979042e-03
226           	3.438794e-03	4.596562e-21	4.734758e-03	-1.183689e-04	-1.612109e-03	8.596985e-05	1.601028e-03	1.837766e-03	8.596985e-05	-8.596985e-05	7.552695e-04	3.979488e-03
227           	3.438788e-03	4.596540e-21	4.734867e-03	-1.183717e-04	-1.612355e-03	8.596970e-05	1.601022e-03	1.837766e-03	8.596970e-05	-8.596970e-05	7.550782e-04	3.979789e-03
228           	3.438765e-03	4.596699e-21	4.734888e-03	-1.183722e-04	-1.612449e-03	8.596912e-05	1.601010e-03	1.837755e-03	8.596912e-05	-8.596912e-05	7.549948e-04	3.979894e-03
229           	3.438747e-03	4.596699e-21	4.734830e-03	-1.183708e-04	-1.612361e-03	8.596867e-05	1.601003e-03	1.837744e-03	8.596867e-05	-8.596867e-05	7.550542e-04	3.979776e-03
230           	3.438723e-03	4.596960e-21	4.734664e-03	-1.183666e-04	-1.612055e-03	8.596807e-05	1.600995e-03	1.837728e-03	8.596807e-05	-8.596807e-05	7.552774e-04	3.979387e-03
231           	3.438711e-03	4.597141e-21	4.734501e-03	-1.183625e-04	-1.611730e-03	8.596776e-05	1.600993e-03	1.837718e-03	8.596776e-05	-8.596776e-05	7.555200e-04	3.978981e-03
232           	3.438715e-03	4.597102e-21	4.734356e-03	-1.183589e-04	-1.611411e-03	8.596788e-05	1.600999e-03	1.837716e-03	8.596788e-05	-8.596788e-05	7.557670e-04	3.978589e-03
233           	3.438724e-03	4.597274e-21	4.734281e-03	-1.183570e-04	-1.611232e-03	8.596809e-05	1.601005e-03	1.837719e-03	8.596809e-05	-8.596809e-05	7.559081e-04	3.978373e-03
234           	3.438742e-03	4.597162e-21	4.734286e-03	-1.183571e-04	-1.611205e-03	8.596854e-05	1.601014e-03	1.837728e-03	8.596854e-05	-8.596854e-05	7.559378e-04	3.978348e-03
235           	3.438755e-03	4.597074e-21	4.734353e-03	-1.183588e-04	-1.611323e-03	8.596887e-05	1.601019e-03	1.837736e-03	8.596887e-05	-8.596887e-05	7.558531e-04	3.978500e-03
236           	3.438776e-03	4.596899e-21	4.734504e-03	-1.183626e-04	-1.611602e-03	8.596941e-05	1.601026e-03	1.837751e-03	8.596941e-05	-8.596941e-05	7.556496e-04	3.978855e-03
237           	3.438784e-03	4.596698e-21	4.734648e-03	-1.183662e-04	-1.611893e-03	8.596961e-05	1.601026e-03	1.837758e-03	8.596961e-05	-8.596961e-05	7.554304e-04	3.979217e-03
238           	3.438778e-03	4.596723e-21	4.734761e-03	-1.183690e-04	-1.612150e-03	8.596946e-05	1.601020e-03	1.837758e-03	8.596946e-05	-8.596946e-05	7.552309e-04	3.979530e-03
239           	3.438770e-03	4.596607e-21	4.734814e-03	-1.183704e-04	-1.612279e-03	8.596926e-05	1.601015e-03	1.837755e-03	8.596926e-05	-8.596926e-05	7.551279e-04	3.979686e-03
240           	3.438753e-03	4.596733e-21	4.734789e-03	-1.183697e-04	-1.612262e-03	8.596882e-05	1.601007e-03	1.837746e-03	8.596882e-05	-8.596882e-05	7.551330e-04	3.979656e-03
241           	3.438741e-03	4.596831e-21	4.734716e-03	-1.183679e-04	-1.612128e-03	8.596853e-05	1.601003e-03	1.837739e-03	8.596853e-05	-8.596853e-05	7.552302e-04	3.979486e-03
242           	3.438725e-03	4.596962e-21	4.734578e-03	-1.183645e-04	-1.611868e-03	8.596811e-05	1.600998e-03	1.837727e-03	8.596811e-05	-8.596811e-05	7.554213e-04	3.979157e-03
243           	3.438719e-03	4.597153e-21	4.734453e-03	-1.183613e-04	-1.611611e-03	8.596797e-05	1.600998e-03	1.837721e-03	8.596797e-05	-8.596797e-05	7.556157e-04	3.978837e-03
244           	3.438722e-03	4.597163e-21	4.734367e-03	-1.183592e-04	-1.611419e-03	8.596806e-05	1.601002e-03	1.837720e-03	8.596806e-05	-8.596806e-05	7.557643e-04	3.978603e-03
245           	3.438730e-03	4.597175e-21	4.734329e-03	-1.183582e-04	-1.611322e-03	8.596826e-05	1.601007e-03	1.837723e-03	8.596826e-05	-8.596826e-05	7.558426e-04	3.978486e-03
246           	3.438749e-03	4.597049e-21	4.734367e-03	-1.183592e-04	-1.611363e-03	8.596874e-05	1.601016e-03	1.837734e-03	8.596874e-05	-8.596874e-05	7.558198e-04	3.978547e-03
247           	3.438760e-03	4.596971e-21	4.734442e-03	-1.183611e-04	-1.611504e-03	8.596900e-05	1.601019e-03	1.837741e-03	8.596900e-05	-8.596900e-05	7.557170e-04	3.978725e-03
248           	3.438774e-03	4.596850e-21	4.734567e-03	-1.183642e-04	-1.611741e-03	8.596935e-05	1.601023e-03	1.837751e-03	8.596935e-05	-8.596935e-05	7.555418e-04	3.979025e-03
249           	3.438775e-03	4.596723e-21	4.734665e-03	-1.183666e-04	-1.611950e-03	8.596938e-05	1.601021e-03	1.837754e-03	8.596938e-05	-8.596938e-05	7.553827e-04	3.979282e-03
250           	3.438772e-03	4.596706e-21	4.734729e-03	-1.183682e-04	-1.612092e-03	8.596931e-05	1.601018e-03	1.837754e-03	8.596931e-05	-8.596931e-05	7.552721e-04	3.979457e-03
251           	3.438765e-03	4.596722e-21	4.734753e-03	-1.183688e-04	-1.612158e-03	8.596913e-05	1.601014e-03	1.837752e-03	8.596913e-05	-8.596913e-05	7.552188e-04	3.979534e-03
252           	3.438748e-03	4.596865e-21	4.734712e-03	-1.183678e-04	-1.612105e-03	8.596870e-05	1.601006e-03	1.837742e-03	8.596870e-05	-8.596870e-05	7.552508e-04	3.979461e-03
253           	3.438739e-03	4.596908e-21	4.734642e-03	-1.183661e-04	-1.611975e-03	8.596847e-05	1.601003e-03	1.837736e-03	8.596847e-05	-8.596847e-05	7.553467e-04	3.979296e-03
254           	3.438728e-03	4.597008e-21	4.734537e-03	-1.183634e-04	-1.611770e-03	8.596821e-05	1.601001e-03	1.837728e-03	8.596821e-05	-8.596821e-05	7.554980e-04	3.979039e-03
255           	3.438728e-03	4.597107e-21	4.734456e-03	-1.183614e-04	-1.611598e-03	8.596820e-05	1.601003e-03	1.837725e-03	8.596820e-05	-8.596820e-05	7.556301e-04	3.978826e-03
256           	3.438732e-03	4.597098e-21	4.734406e-03	-1.183602e-04	-1.611485e-03	8.596829e-05	1.601006e-03	1.837726e-03	8.596829e-05	-8.596829e-05	7.557186e-04	3.978688e-03
257           	3.438743e-03	4.597038e-21	4.734400e-03	-1.183600e-04	-1.611446e-03	8.596858e-05	1.601012e-03	1.837732e-03	8.596858e-05	-8.596858e-05	7.557533e-04	3.978646e-03
258           	3.438751e-03	4.597030e-21	4.734431e-03	-1.183608e-04	-1.611498e-03	8.596878e-05	1.601015e-03	1.837736e-03	8.596878e-05	-8.596878e-05	7.557175e-04	3.978714e-03
259           	3.438763e-03	4.596906e-21	4.734512e-03	-1.183628e-04	-1.611647e-03	8.596908e-05	1.601019e-03	1.837744e-03	8.596908e-05	-8.596908e-05	7.556093e-04	3.978903e-03
260           	3.438769e-03	4.596817e-21	4.734591e-03	-1.183648e-04	-1.611805e-03	8.596923e-05	1.601020e-03	1.837749e-03	8.596923e-05	-8.596923e-05	7.554912e-04	3.979100e-03
261           	3.438767e-03	4.596837e-21	4.734661e-03	-1.183665e-04	-1.611958e-03	8.596916e-05	1.601017e-03	1.837750e-03	8.596916e-05	-8.596916e-05	7.553723e-04	3.979288e-03
262           	3.438762e-03	4.596754e-21	4.734696e-03	-1.183674e-04	-1.612043e-03	8.596906e-05	1.601014e-03	1.837749e-03	8.596906e-05	-8.596906e-05	7.553052e-04	3.979391e-03
263           	3.438757e-03	4.596788e-21	4.734698e-03	-1.183674e-04	-1.612056e-03	8.596893e-05	1.601011e-03	1.837746e-03	8.596893e-05	-8.596893e-05	7.552932e-04	3.979404e-03
264           	3.438745e-03	4.596894e-21	4.734649e-03	-1.183662e-04	-1.611978e-03	8.596862e-05	1.601006e-03	1.837739e-03	8.596862e-05	-8.596862e-05	7.553466e-04	3.979302e-03
265           	3.438738e-03	4.596962e-21	4.734586e-03	-1.183647e-04	-1.611858e-03	8.596844e-05	1.601004e-03	1.837733e-03	8.596844e-05	-8.596844e-05	7.554355e-04	3.979151e-03
266           	3.438733e-03	4.597003e-21	4.734507e-03	-1.183627e-04	-1.611699e-03	8.596832e-05	1.601004e-03	1.837729e-03	8.596832e-05	-8.596832e-05	7.555548e-04	3.978953e-03
267           	3.438734e-03	4.597080e-21	4.734456e-03	-1.183614e-04	-1.611586e-03	8.596835e-05	1.601006e-03	1.837729e-03	8.596835e-05	-8.596835e-05	7.556417e-04	3.978815e-03
268           	3.438738e-03	4.597068e-21	4.734432e-03	-1.183608e-04	-1.611528e-03	8.596844e-05	1.601008e-03	1.837730e-03	8.596844e-05	-8.596844e-05	7.556881e-04	3.978744e-03
269           	3.438748e-03	4.597005e-21	4.734447e-03	-1.183612e-04	-1.611538e-03	8.596870e-05	1.601013e-03	1.837735e-03	8.596870e-05	-8.596870e-05	7.556852e-04	3.978762e-03
270           	3.438754e-03	4.596965e-21	4.734485e-03	-1.183621e-04	-1.611608e-03	8.596885e-05	1.601015e-03	1.837739e-03	8.596885e-05	-8.596885e-05	7.556347e-04	3.978850e-03
271           	3.438762e-03	4.596888e-21	4.734553e-03	-1.183638e-04	-1.611737e-03	8.596906e-05	1.601017e-03	1.837745e-03	8.596906e-05	-8.596906e-05	7.555398e-04	3.979014e-03
272           	3.438765e-03	4.596810e-21	4.734614e-03	-1.183654e-04	-1.611862e-03	8.596913e-05	1.601017e-03	1.837748e-03	8.596913e-05	-8.596913e-05	7.554453e-04	3.979169e-03
273           	3.438763e-03	4.596797e-21	4.734655e-03	-1.183664e-04	-1.611952e-03	8.596908e-05	1.601015e-03	1.837748e-03	8.596908e-05	-8.596908e-05	7.553752e-04	3.979280e-03
274           	3.438759e-03	4.596805e-21	4.734672e-03	-1.183668e-04	-1.611996e-03	8.596898e-05	1.601013e-03	1.837746e-03	8.596898e-05	-8.596898e-05	7.553399e-04	3.979332e-03
275           	3.438749e-03	4.596885e-21	4.734650e-03	-1.183663e-04	-1.611971e-03	8.596873e-05	1.601008e-03	1.837741e-03	8.596873e-05	-8.596873e-05	7.553538e-04	3.979297e-03
276           	3.438744e-03	4.596907e-21	4.734612e-03	-1.183653e-04	-1.611900e-03	8.596860e-05	1.601007e-03	1.837737e-03	8.596860e-05	-8.596860e-05	7.554058e-04	3.979207e-03
277           	3.438738e-03	4.596967e-21	4.734552e-03	-1.183638e-04	-1.611784e-03	8.596844e-05	1.601005e-03	1.837733e-03	8.596844e-05	-8.596844e-05	7.554918e-04	3.979060e-03
278           	3.438737e-03	4.597026e-21	4.734505e-03	-1.183626e-04	-1.611684e-03	8.596843e-05	1.601006e-03	1.837731e-03	8.596843e-05	-8.596843e-05	7.555687e-04	3.978936e-03
279           	3.438739e-03	4.597032e-21	4.734474e-03	-1.183619e-04	-1.611615e-03	8.596848e-05	1.601008e-03	1.837731e-03	8.596848e-05	-8.596848e-05	7.556223e-04	3.978852e-03
280           	3.438745e-03	4.596989e-21	4.734467e-03	-1.183617e-04	-1.611588e-03	8.596864e-05	1.601011e-03	1.837734e-03	8.596864e-05	-8.596864e-05	7.556462e-04	3.978821e-03
281           	3.438750e-03	4.596990e-21	4.734483e-03	-1.183621e-04	-1.611611e-03	8.596876e-05	1.601013e-03	1.837737e-03	8.596876e-05	-8.596876e-05	7.556307e-04	3.978852e-03
282           	3.438757e-03	4.596917e-21	4.734529e-03	-1.183632e-04	-1.611695e-03	8.596893e-05	1.601015e-03	1.837742e-03	8.596893e-05	-8.596893e-05	7.555695e-04	3.978959e-03
283           	3.438760e-03	4.596867e-21	4.734574e-03	-1.183643e-04	-1.611784e-03	8.596901e-05	1.601016e-03	1.837745e-03	8.596901e-05	-8.596901e-05	7.555025e-04	3.979071e-03
284           	3.438759e-03	4.596877e-21	4.734614e-03	-1.183654e-04	-1.611874e-03	8.596898e-05	1.601014e-03	1.837745e-03	8.596898e-05	-8.596898e-05	7.554336e-04	3.979181e-03
285           	3.438757e-03	4.596828e-21	4.734636e-03	-1.183659e-04	-1.611924e-03	8.596893e-05	1.601013e-03	1.837744e-03	8.596893e-05	-8.596893e-05	7.553935e-04	3.979242e-03
286           	3.438752e-03	4.596860e-21	4.734635e-03	-1.183659e-04	-1.611933e-03	8.596880e-05	1.601010e-03	1.837742e-03	8.596880e-05	-8.596880e-05	7.553849e-04	3.979250e-03
287           	3.438748e-03	4.596885e-21	4.734616e-03	-1.183654e-04	-1.611900e-03	8.596870e-05	1.601009e-03	1.837739e-03	8.596870e-05	-8.596870e-05	7.554076e-04	3.979208e-03
288           	3.438742e-03	4.596936e-21	4.734573e-03	-1.183643e-04	-1.611820e-03	8.596855e-05	1.601007e-03	1.837735e-03	8.596855e-05	-8.596855e-05	7.554664e-04	3.979106e-03
289           	3.438740e-03	4.596991e-21	4.734533e-03	-1.183633e-04	-1.611739e-03	8.596850e-05	1.601007e-03	1.837733e-03	8.596850e-05	-8.596850e-05	7.555275e-04	3.979005e-03
290           	3.438740e-03	4.596999e-21	4.734503e-03	-1.183626e-04	-1.611673e-03	8.596851e-05	1.601008e-03	1.837733e-03	8.596851e-05	-8.596851e-05	7.555782e-04	3.978925e-03
291           	3.438743e-03	4.597006e-21	4.734487e-03	-1.183622e-04	-1.611635e-03	8.596857e-05	1.601009e-03	1.837733e-03	8.596857e-05	-8.596857e-05	7.556085e-04	3.978878e-03
292           	3.438748e-03	4.596969e-21	4.734494e-03	-1.183623e-04	-1.611638e-03	8.596871e-05	1.601012e-03	1.837737e-03	8.596871e-05	-8.596871e-05	7.556091e-04	3.978885e-03
293           	3.438752e-03	4.596951e-21	4.734515e-03	-1.183629e-04	-1.611675e-03	8.596880e-05	1.601013e-03	1.837739e-03	8.596880e-05	-8.596880e-05	7.555821e-04	3.978932e-03
294           	3.438757e-03	4.596907e-21	4.734553e-03	-1.183638e-04	-1.611748e-03	8.596892e-05	1.601015e-03	1.837742e-03	8.596892e-05	-8.596892e-05	7.555288e-04	3.979024e-03
295           	3.438758e-03	4.596861e-21	4.734588e-03	-1.183647e-04	-1.611820e-03	8.596896e-05	1.601015e-03	1.837744e-03	8.596896e-05	-8.596896e-05	7.554746e-04	3.979114e-03
296           	3.438757e-03	4.596859e-21	4.734612e-03	-1.183653e-04	-1.611873e-03	8.596894e-05	1.601013e-03	1.837744e-03	8.596894e-05	-8.596894e-05	7.554334e-04	3.979179e-03
297           	3.438755e-03	4.596856e-21	4.734623e-03	-1.183656e-04	-1.611900e-03	8.596888e-05	1.601012e-03	1.837743e-03	8.596888e-05	-8.596888e-05	7.554116e-04	3.979211e-03
298           	3.438750e-03	4.596893e-21	4.734612e-03	-1.183653e-04	-1.611889e-03	8.596875e-05	1.601010e-03	1.837740e-03	8.596875e-05	-8.596875e-05	7.554175e-04	3.979195e-03
299           	3.438747e-03	4.596911e-21	4.734592e-03	-1.183648e-04	-1.611850e-03	8.596867e-05	1.601009e-03	1.837738e-03	8.596867e-05	-8.596867e-05	7.554456e-04	3.979146e-03
300           	3.438743e-03	4.596949e-21	4.734557e-03	-1.183639e-04	-1.611785e-03	8.596858e-05	1.601008e-03	1.837735e-03	8.596858e-05	-8.596858e-05	7.554938e-04	3.979064e-03
301           	3.438743e-03	4.596981e-21	4.734530e-03	-1.183633e-04	-1.611727e-03	8.596857e-05	1.601008e-03	1.837735e-03	8.596857e-05	-8.596857e-05	7.555378e-04	3.978992e-03
302           	3.438743e-03	4.596986e-21	4.734512e-03	-1.183628e-04	-1.611688e-03	8.596859e-05	1.601009e-03	1.837735e-03	8.596859e-05	-8.596859e-05	7.555686e-04	3.978944e-03
303           	3.438745e-03	4.596982e-21	4.734505e-03	-1.183626e-04	-1.611669e-03	8.596863e-05	1.601010e-03	1.837735e-03	8.596863e-05	-8.596863e-05	7.555836e-04	3.978922e-03
304           	3.438750e-03	4.596943e-21	4.734517e-03	-1.183629e-04	-1.611683e-03	8.596875e-05	1.601012e-03	1.837738e-03	8.596875e-05	-8.596875e-05	7.555753e-04	3.978941e-03
305           	3.438753e-03	4.596931e-21	4.734536e-03	-1.183634e-04	-1.611719e-03	8.596882e-05	1.601013e-03	1.837740e-03	8.596882e-05	-8.596882e-05	7.555491e-04	3.978986e-03
306           	3.438756e-03	4.596903e-21	4.734565e-03	-1.183641e-04	-1.611775e-03	8.596889e-05	1.601014e-03	1.837742e-03	8.596889e-05	-8.596889e-05	7.555073e-04	3.979057e-03
307           	3.438756e-03	4.596876e-21	4.734587e-03	-1.183647e-04	-1.611823e-03	8.596889e-05	1.601013e-03	1.837743e-03	8.596889e-05	-8.596889e-05	7.554708e-04	3.979116e-03
308           	3.438755e-03	4.596874e-21	4.734601e-03	-1.183650e-04	-1.611854e-03	8.596887e-05	1.601012e-03	1.837742e-03	8.596887e-05	-8.596887e-05	7.554461e-04	3.979155e-03
309           	3.438752e-03	4.596896e-21	4.734603e-03	-1.183651e-04	-1.611865e-03	8.596879e-05	1.601011e-03	1.837741e-03	8.596879e-05	-8.596879e-05	7.554362e-04	3.979167e-03
310           	3.438749e-03	4.596897e-21	4.734595e-03	-1.183649e-04	-1.611852e-03	8.596873e-05	1.601010e-03	1.837740e-03	8.596873e-05	-8.596873e-05	7.554457e-04	3.979149e-03
311           	3.438746e-03	4.596931e-21	4.734572e-03	-1.183643e-04	-1.611811e-03	8.596865e-05	1.601009e-03	1.837737e-03	8.596865e-05	-8.596865e-05	7.554754e-04	3.979097e-03
312           	3.438744e-03	4.596955e-21	4.734550e-03	-1.183638e-04	-1.611767e-03	8.596861e-05	1.601008e-03	1.837736e-03	8.596861e-05	-8.596861e-05	7.555079e-04	3.979042e-03
313           	3.438745e-03	4.596951e-21	4.734531e-03	-1.183633e-04	-1.611725e-03	8.596863e-05	1.601009e-03	1.837736e-03	8.596863e-05	-8.596863e-05	7.555409e-04	3.978990e-03
314           	3.438746e-03	4.596973e-21	4.734521e-03	-1.183630e-04	-1.611701e-03	8.596865e-05	1.601010e-03	1.837736e-03	8.596865e-05	-8.596865e-05	7.555596e-04	3.978962e-03
315           	3.438748e-03	4.596964e-21	4.734520e-03	-1.183630e-04	-1.611697e-03	8.596869e-05	1.601011e-03	1.837737e-03	8.596869e-05	-8.596869e-05	7.555635e-04	3.978957e-03
316           	3.438751e-03	4.596935e-21	4.734534e-03	-1.183633e-04	-1.611718e-03	8.596878e-05	1.601012e-03	1.837739e-03	8.596878e-05	-8.596878e-05	7.555489e-04	3.978985e-03
317           	3.438753e-03	4.596916e-21	4.734551e-03	-1.183638e-04	-1.611751e-03	8.596882e-05	1.601013e-03	1.837740e-03	8.596882e-05	-8.596882e-05	7.555244e-04	3.979027e-03
318           	3.438754e-03	4.596904e-21	4.734573e-03	-1.183643e-04	-1.611795e-03	8.596886e-05	1.601013e-03	1.837741e-03	8.596886e-05	-8.596886e-05	7.554914e-04	3.979082e-03
319           	3.438754e-03	4.596883e-21	4.734587e-03	-1.183647e-04	-1.611826e-03	8.596885e-05	1.601012e-03	1.837742e-03	8.596885e-05	-8.596885e-05	7.554673e-04	3.979120e-03
320           	3.438753e-03	4.596886e-21	4.734594e-03	-1.183648e-04	-1.611843e-03	8.596882e-05	1.601012e-03	1.837741e-03	8.596882e-05	-8.596882e-05	7.554543e-04	3.979139e-03
321           	3.438750e-03	4.596904e-21	4.734590e-03	-1.183647e-04	-1.611840e-03	8.596875e-05	1.601010e-03	1.837740e-03	8.596875e-05	-8.596875e-05	7.554550e-04	3.979135e-03
322           	3.438748e-03	4.596915e-21	4.734579e-03	-1.183645e-04	-1.611821e-03	8.596871e-05	1.601010e-03	1.837739e-03	8.596871e-05	-8.596871e-05	7.554688e-04	3.979111e-03
323           	3.438746e-03	4.596936e-21	4.734561e-03	-1.183640e-04	-1.611785e-03	8.596865e-05	1.601009e-03	1.837737e-03	8.596865e-05	-8.596865e-05	7.554950e-04	3.979066e-03
324           	3.438745e-03	4.596958e-21	4.734544e-03	-1.183636e-04	-1.611751e-03	8.596864e-05	1.601009e-03	1.837736e-03	8.596864e-05	-8.596864e-05	7.555210e-04	3.979023e-03
325           	3.438746e-03	4.596959e-21	4.734533e-03	-1.183633e-04	-1.611726e-03	8.596865e-05	1.601010e-03	1.837736e-03	8.596865e-05	-8.596865e-05	7.555405e-04	3.978992e-03
326           	3.438747e-03	4.596959e-21	4.734528e-03	-1.183632e-04	-1.611714e-03	8.596868e-05	1.601010e-03	1.837737e-03	8.596868e-05	-8.596868e-05	7.555503e-04	3.978978e-03
327           	3.438750e-03	4.596941e-21	4.734534e-03	-1.183633e-04	-1.611720e-03	8.596874e-05	1.601012e-03	1.837738e-03	8.596874e-05	-8.596874e-05	7.555465e-04	3.978987e-03
328           	3.438751e-03	4.596931e-21	4.734544e-03	-1.183636e-04	-1.611740e-03	8.596878e-05	1.601012e-03	1.837739e-03	8.596878e-05	-8.596878e-05	7.555322e-04	3.979012e-03
329           	3.438753e-03	4.596913e-21	4.734561e-03	-1.183640e-04	-1.611772e-03	8.596882e-05	1.601012e-03	1.837740e-03	8.596882e-05	-8.596882e-05	7.555086e-04	3.979052e-03
330           	3.438753e-03	4.596898e-21	4.734574e-03	-1.183643e-04	-1.611799e-03	8.596883e-05	1.601012e-03	1.837741e-03	8.596883e-05	-8.596883e-05	7.554874e-04	3.979086e-03
331           	3.438753e-03	4.596896e-21	4.734582e-03	-1.183646e-04	-1.611819e-03	8.596882e-05	1.601012e-03	1.837741e-03	8.596882e-05	-8.596882e-05	7.554726e-04	3.979110e-03
332           	3.438751e-03	4.596907e-21	4.734584e-03	-1.183646e-04	-1.611826e-03	8.596877e-05	1.601011e-03	1.837740e-03	8.596877e-05	-8.596877e-05	7.554660e-04	3.979118e-03
333           	3.438750e-03	4.596908e-21	4.734580e-03	-1.183645e-04	-1.611820e-03	8.596874e-05	1.601010e-03	1.837739e-03	8.596874e-05	-8.596874e-05	7.554702e-04	3.979110e-03
334           	3.438748e-03	4.596928e-21	4.734567e-03	-1.183642e-04	-1.611797e-03	8.596869e-05	1.601010e-03	1.837738e-03	8.596869e-05	-8.596869e-05	7.554871e-04	3.979080e-03
335           	3.438747e-03	4.596942e-21	4.734555e-03	-1.183639e-04	-1.611772e-03	8.596867e-05	1.601009e-03	1.837737e-03	8.596867e-05	-8.596867e-05	7.555056e-04	3.979049e-03
336           	3.438747e-03	4.596940e-21	4.734544e-03	-1.183636e-04	-1.611747e-03	8.596867e-05	1.601010e-03	1.837737e-03	8.596867e-05	-8.596867e-05	7.555245e-04	3.979019e-03
337           	3.438748e-03	4.596953e-21	4.734538e-03	-1.183634e-04	-1.611733e-03	8.596869e-05	1.601010e-03	1.837737e-03	8.596869e-05	-8.596869e-05	7.555355e-04	3.979002e-03
338           	3.438749e-03	4.596944e-21	4.734538e-03	-1.183634e-04	-1.611731e-03	8.596873e-05	1.601011e-03	1.837738e-03	8.596873e-05	-8.596873e-05	7.555379e-04	3.979000e-03
339           	3.438750e-03	4.596937e-21	4.734543e-03	-1.183636e-04	-1.611740e-03	8.596875e-05	1.601011e-03	1.837739e-03	8.596875e-05	-8.596875e-05	7.555316e-04	3.979012e-03
340           	3.438752e-03	4.596923e-21	4.734555e-03	-1.183639e-04	-1.611762e-03	8.596879e-05	1.601012e-03	1.837740e-03	8.596879e-05	-8.596879e-05	7.555154e-04	3.979040e-03
341           	3.438752e-03	4.596908e-21	4.734566e-03	-1.183642e-04	-1.611784e-03	8.596881e-05	1.601012e-03	1.837740e-03	8.596881e-05	-8.596881e-05	7.554986e-04	3.979067e-03
342           	3.438752e-03	4.596906e-21	4.734574e-03	-1.183644e-04	-1.611803e-03	8.596880e-05	1.601012e-03	1.837740e-03	8.596880e-05	-8.596880e-05	7.554847e-04	3.979090e-03
343           	3.438752e-03	4.596904e-21	4.734579e-03	-1.183645e-04	-1.611813e-03	8.596879e-05	1.601011e-03	1.837740e-03	8.596879e-05	-8.596879e-05	7.554763e-04	3.979102e-03
344           	3.438750e-03	4.596914e-21	4.734577e-03	-1.183644e-04	-1.611812e-03	8.596875e-05	1.601011e-03	1.837739e-03	8.596875e-05	-8.596875e-05	7.554762e-04	3.979101e-03
345           	3.438749e-03	4.596919e-21	4.734571e-03	-1.183643e-04	-1.611802e-03	8.596873e-05	1.601010e-03	1.837739e-03	8.596873e-05	-8.596873e-05	7.554836e-04	3.979087e-03
346           	3.438748e-03	4.596931e-21	4.734560e-03	-1.183640e-04	-1.611782e-03	8.596869e-05	1.601010e-03	1.837738e-03	8.596869e-05	-8.596869e-05	7.554983e-04	3.979062e-03
347           	3.438747e-03	4.596943e-21	4.734551e-03	-1.183638e-04	-1.611762e-03	8.596868e-05	1.601010e-03	1.837737e-03	8.596868e-05	-8.596868e-05	7.555132e-04	3.979038e-03
348           	3.438748e-03	4.596944e-21	4.734544e-03	-1.183636e-04	-1.611748e-03	8.596869e-05	1.601010e-03	1.837737e-03	8.596869e-05	-8.596869e-05	7.555245e-04	3.979020e-03
349           	3.438748e-03	4.596945e-21	4.734541e-03	-1.183635e-04	-1.611740e-03	8.596870e-05	1.601011e-03	1.837738e-03	8.596870e-05	-8.596870e-05	7.555305e-04	3.979011e-03
350           	3.438750e-03	4.596935e-21	4.734544e-03	-1.183636e-04	-1.611743e-03	8.596874e-05	1.601011e-03	1.837738e-03	8.596874e-05	-8.596874e-05	7.555289e-04	3.979015e-03
351           	3.438750e-03	4.596930e-21	4.734550e-03	-1.183637e-04	-1.611754e-03	8.596876e-05	1.601011e-03	1.837739e-03	8.596876e-05	-8.596876e-05	7.555212e-04	3.979029e-03
352           	3.438751e-03	4.596919e-21	4.734559e-03	-1.183640e-04	-1.611772e-03	8.596879e-05	1.601012e-03	1.837740e-03	8.596879e-05	-8.596879e-05	7.555079e-04	3.979051e-03
353           	3.438752e-03	4.596911e-21	4.734567e-03	-1.183642e-04	-1.611788e-03	8.596879e-05	1.601012e-03	1.837740e-03	8.596879e-05	-8.596879e-05	7.554958e-04	3.979071e-03
354           	3.438751e-03	4.596909e-21	4.734572e-03	-1.183643e-04	-1.611799e-03	8.596878e-05	1.601011e-03	1.837740e-03	8.596878e-05	-8.596878e-05	7.554873e-04	3.979084e-03
355           	3.438751e-03	4.596910e-21	4.734574e-03	-1.183643e-04	-1.611804e-03	8.596877e-05	1.601011e-03	1.837740e-03	8.596877e-05	-8.596877e-05	7.554832e-04	3.979090e-03
356           	3.438750e-03	4.596921e-21	4.734571e-03	-1.183643e-04	-1.611800e-03	8.596874e-05	1.601011e-03	1.837739e-03	8.596874e-05	-8.596874e-05	7.554855e-04	3.979085e-03
357           	3.438749e-03	4.596924e-21	4.734565e-03	-1.183641e-04	-1.611790e-03	8.596872e-05	1.601010e-03	1.837739e-03	8.596872e-05	-8.596872e-05	7.554927e-04	3.979073e-03
358           	3.438748e-03	4.596932e-21	4.734557e-03	-1.183639e-04	-1.611774e-03	8.596870e-05	1.601010e-03	1.837738e-03	8.596870e-05	-8.596870e-05	7.555042e-04	3.979053e-03
359           	3.438748e-03	4.596939e-21	4.734551e-03	-1.183638e-04	-1.611761e-03	8.596870e-05	1.601010e-03	1.837738e-03	8.596870e-05	-8.596870e-05	7.555142e-04	3.979037e-03
360           	3.438748e-03	4.596940e-21	4.734547e-03	-1.183637e-04	-1.611753e-03	8.596871e-05	1.601010e-03	1.837738e-03	8.596871e-05	-8.596871e-05	7.555210e-04	3.979026e-03
361           	3.438749e-03	4.596934e-21	4.734547e-03	-1.183637e-04	-1.611750e-03	8.596873e-05	1.601011e-03	1.837738e-03	8.596873e-05	-8.596873e-05	7.555237e-04	3.979023e-03
362           	3.438750e-03	4.596934e-21	4.734549e-03	-1.183637e-04	-1.611753e-03	8.596874e-05	1.601011e-03	1.837739e-03	8.596874e-05	-8.596874e-05	7.555211e-04	3.979028e-03
363           	3.438751e-03	4.596924e-21	4.734555e-03	-1.183639e-04	-1.611765e-03	8.596877e-05	1.601011e-03	1.837739e-03	8.596877e-05	-8.596877e-05	7.555130e-04	3.979042e-03
364           	3.438751e-03	4.596918e-21	4.734561e-03	-1.183640e-04	-1.611777e-03	8.596878e-05	1.601012e-03	1.837740e-03	8.596878e-05	-8.596878e-05	7.555040e-04	3.979057e-03
365           	3.438751e-03	4.596919e-21	4.734567e-03	-1.183642e-04	-1.611788e-03	8.596877e-05	1.601011e-03	1.837740e-03	8.596877e-05	-8.596877e-05	7.554949e-04	3.979072e-03
366           	3.438751e-03	4.596913e-21	4.734569e-03	-1.183642e-04	-1.611795e-03	8.596877e-05	1.601011e-03	1.837740e-03	8.596877e-05	-8.596877e-05	7.554898e-04	3.979080e-03
367           	3.438750e-03	4.596915e-21	4.734569e-03	-1.183642e-04	-1.611796e-03	8.596876e-05	1.601011e-03	1.837739e-03	8.596876e-05	-8.596876e-05	7.554887e-04	3.979081e-03
368           	3.438749e-03	4.596923e-21	4.734566e-03	-1.183641e-04	-1.611790e-03	8.596873e-05	1.601010e-03	1.837739e-03	8.596873e-05	-8.596873e-05	7.554928e-04	3.979073e-03
369           	3.438749e-03	4.596928e-21	4.734561e-03	-1.183640e-04	-1.611781e-03	8.596872e-05	1.601010e-03	1.837738e-03	8.596872e-05	-8.596872e-05	7.554995e-04	3.979062e-03
370           	3.438748e-03	4.596932e-21	4.734555e-03	-1.183639e-04	-1.611769e-03	8.596871e-05	1.601010e-03	1.837738e-03	8.596871e-05	-8.596871e-05	7.555086e-04	3.979046e-03
371           	3.438748e-03	4.596937e-21	4.734551e-03	-1.183638e-04	-1.611760e-03	8.596871e-05	1.601010e-03	1.837738e-03	8.596871e-05	-8.596871e-05	7.555152e-04	3.979036e-03
372           	3.438749e-03	4.596936e-21	4.734549e-03	-1.183637e-04	-1.611756e-03	8.596872e-05	1.601011e-03	1.837738e-03	8.596872e-05	-8.596872e-05	7.555188e-04	3.979031e-03
373           	3.438750e-03	4.596932e-21	4.734550e-03	-1.183638e-04	-1.611757e-03	8.596874e-05	1.601011e-03	1.837739e-03	8.596874e-05	-8.596874e-05	7.555186e-04	3.979032e-03
374           	3.438750e-03	4.596929e-21	4.734553e-03	-1.183638e-04	-1.611762e-03	8.596875e-05	1.601011e-03	1.837739e-03	8.596875e-05	-8.596875e-05	7.555148e-04	3.979038e-03
375           	3.438751e-03	4.596923e-21	4.734558e-03	-1.183640e-04	-1.611772e-03	8.596877e-05	1.601011e-03	1.837739e-03	8.596877e-05	-8.596877e-05	7.555076e-04	3.979051e-03
376           	3.438751e-03	4.596917e-21	4.734563e-03	-1.183641e-04	-1.611781e-03	8.596877e-05	1.601011e-03	1.837739e-03	8.596877e-05	-8.596877e-05	7.555004e-04	3.979063e-03
377           	3.438751e-03	4.596917e-21	4.734566e-03	-1.183642e-04	-1.611788e-03	8.596877e-05	1.601011e-03	1.837739e-03	8.596877e-05	-8.596877e-05	7.554951e-04	3.979071e-03
378           	3.438750e-03	4.596916e-21	4.734567e-03	-1.183642e-04	-1.611791e-03	8.596876e-05	1.601011e-03	1.837739e-03	8.596876e-05	-8.596876e-05	7.554924e-04	3.979075e-03
379           	3.438750e-03	4.596921e-21	4.734566e-03	-1.183641e-04	-1.611790e-03	8.596874e-05	1.601011e-03	1.837739e-03	8.596874e-05	-8.596874e-05	7.554934e-04	3.979072e-03
380           	3.438749e-03	4.596924e-21	4.734563e-03	-1.183641e-04	-1.611784e-03	8.596873e-05	1.601011e-03	1.837739e-03	8.596873e-05	-8.596873e-05	7.554974e-04	3.979066e-03
381           	3.438749e-03	4.596929e-21	4.734558e-03	-1.183640e-04	-1.611775e-03	8.596872e-05	1.601010e-03	1.837738e-03	8.596872e-05	-8.596872e-05	7.555038e-04	3.979055e-03
382           	3.438749e-03	4.596933e-21	4.734555e-03	-1.183639e-04	-1.611768e-03	8.596872e-05	1.601010e-03	1.837738e-03	8.596872e-05	-8.596872e-05	7.555097e-04	3.979045e-03
383           	3.438749e-03	4.596934e-21	4.734552e-03	-1.183638e-04	-1.611762e-03	8.596872e-05	1.601011e-03	1.837738e-03	8.596872e-05	-8.596872e-05	7.555137e-04	3.979039e-03
384           	3.438749e-03	4.596931e-21	4.734552e-03	-1.183638e-04	-1.611760e-03	8.596873e-05	1.601011e-03	1.837738e-03	8.596873e-05	-8.596873e-05	7.555156e-04	3.979036e-03
385           	3.438750e-03	4.596931e-21	4.734553e-03	-1.183638e-04	-1.611762e-03	8.596874e-05	1.601011e-03	1.837739e-03	8.596874e-05	-8.596874e-05	7.555144e-04	3.979039e-03
386           	3.438750e-03	4.596925e-21	4.734557e-03	-1.183639e-04	-1.611769e-03	8.596876e-05	1.601011e-03	1.837739e-03	8.596876e-05	-8.596876e-05	7.555097e-04	3.979047e-03
