# Force coefficients
# dragDir     : (1.000000e+00 0.000000e+00 0.000000e+00)
# sideDir     : (0.000000e+00 0.000000e+00 -1.000000e+00)
# liftDir     : (0.000000e+00 1.000000e+00 0.000000e+00)
# rollAxis    : (1.000000e+00 0.000000e+00 0.000000e+00)
# pitchAxis   : (0.000000e+00 0.000000e+00 -1.000000e+00)
# yawAxis     : (0.000000e+00 1.000000e+00 0.000000e+00)
# magUInf     : 2.000000e-02
# lRef        : 1.000000e-01
# Aref        : 1.000000e-01
# CofR        : (0.000000e+00 0.000000e+00 0.000000e+00)
#
# Time        	Cd            	Cs            	Cl            	CmRoll        	CmPitch       	CmYaw         	Cd(f)         	Cd(r)         	Cs(f)         	Cs(r)         	Cl(f)         	Cl(r)         
1             	2.112093e-03	8.033336e-20	2.451139e-03	-6.127848e-05	-3.948764e-04	5.280232e-05	9.947680e-04	1.117325e-03	5.280232e-05	-5.280232e-05	8.306931e-04	1.620446e-03
2             	5.012532e-03	1.886349e-19	3.054740e-03	-7.636850e-05	4.473692e-03	1.253133e-04	2.429898e-03	2.582635e-03	1.253133e-04	-1.253133e-04	6.001062e-03	-2.946322e-03
3             	4.445864e-03	1.357042e-19	8.138201e-04	-2.034550e-05	7.683047e-03	1.111466e-04	2.202587e-03	2.243278e-03	1.111466e-04	-1.111466e-04	8.089957e-03	-7.276137e-03
4             	3.865044e-03	3.073004e-20	6.533704e-04	-1.633426e-05	6.710100e-03	9.662611e-05	1.916188e-03	1.948856e-03	9.662611e-05	-9.662611e-05	7.036785e-03	-6.383414e-03
5             	3.189247e-03	-1.566887e-20	7.414117e-04	-1.853529e-05	5.015333e-03	7.973118e-05	1.576088e-03	1.613159e-03	7.973118e-05	-7.973118e-05	5.386039e-03	-4.644627e-03
6             	2.766894e-03	-2.095232e-20	1.042086e-03	-2.605216e-05	3.481986e-03	6.917235e-05	1.357395e-03	1.409499e-03	6.917235e-05	-6.917235e-05	4.003029e-03	-2.960943e-03
7             	2.504988e-03	-1.315138e-20	8.120849e-04	-2.030212e-05	3.332466e-03	6.262471e-05	1.232192e-03	1.272796e-03	6.262471e-05	-6.262471e-05	3.738508e-03	-2.926423e-03
8             	2.593504e-03	-2.932243e-21	4.628281e-04	-1.157070e-05	4.188458e-03	6.483761e-05	1.285182e-03	1.308323e-03	6.483761e-05	-6.483761e-05	4.419872e-03	-3.957044e-03
9             	2.775272e-03	2.623288e-21	1.585588e-04	-3.963969e-06	5.159065e-03	6.938181e-05	1.383672e-03	1.391600e-03	6.938181e-05	-6.938181e-05	5.238344e-03	-5.079785e-03
10            	2.930986e-03	5.018641e-21	7.092743e-05	-1.773186e-06	5.674118e-03	7.327465e-05	1.463720e-03	1.467266e-03	7.327465e-05	-7.327465e-05	5.709582e-03	-5.638655e-03
11            	3.015953e-03	5.276693e-21	9.438338e-05	-2.359584e-06	5.845085e-03	7.539882e-05	1.505617e-03	1.510336e-03	7.539882e-05	-7.539882e-05	5.892276e-03	-5.797893e-03
12            	3.028751e-03	4.740130e-21	1.795515e-04	-4.488786e-06	5.744409e-03	7.571879e-05	1.509887e-03	1.518865e-03	7.571879e-05	-7.571879e-05	5.834185e-03	-5.654633e-03
13            	3.017825e-03	4.450568e-21	3.482529e-04	-8.706323e-06	5.425486e-03	7.544563e-05	1.500206e-03	1.517619e-03	7.544563e-05	-7.544563e-05	5.599612e-03	-5.251359e-03
14            	2.992113e-03	4.248390e-21	5.184054e-04	-1.296013e-05	5.068280e-03	7.480282e-05	1.483096e-03	1.509017e-03	7.480282e-05	-7.480282e-05	5.327483e-03	-4.809077e-03
15            	2.959553e-03	4.054638e-21	6.627682e-04	-1.656920e-05	4.741331e-03	7.398883e-05	1.463207e-03	1.496346e-03	7.398883e-05	-7.398883e-05	5.072715e-03	-4.409947e-03
16            	2.929388e-03	3.915007e-21	7.831648e-04	-1.957912e-05	4.461382e-03	7.323470e-05	1.445115e-03	1.484273e-03	7.323470e-05	-7.323470e-05	4.852964e-03	-4.069799e-03
17            	2.912835e-03	3.954834e-21	8.666812e-04	-2.166703e-05	4.276040e-03	7.282088e-05	1.434751e-03	1.478085e-03	7.282088e-05	-7.282088e-05	4.709381e-03	-3.842699e-03
18            	2.905279e-03	4.081981e-21	8.943014e-04	-2.235753e-05	4.214562e-03	7.263198e-05	1.430282e-03	1.474997e-03	7.263198e-05	-7.263198e-05	4.661713e-03	-3.767412e-03
19            	2.906623e-03	4.146604e-21	8.669562e-04	-2.167391e-05	4.276311e-03	7.266557e-05	1.431638e-03	1.474985e-03	7.266557e-05	-7.266557e-05	4.709789e-03	-3.842833e-03
20            	2.913812e-03	4.106599e-21	7.930458e-04	-1.982614e-05	4.439446e-03	7.284530e-05	1.437080e-03	1.476732e-03	7.284530e-05	-7.284530e-05	4.835969e-03	-4.042923e-03
21            	2.923523e-03	3.990288e-21	6.901653e-04	-1.725413e-05	4.663782e-03	7.308807e-05	1.444507e-03	1.479015e-03	7.308807e-05	-7.308807e-05	5.008865e-03	-4.318699e-03
22            	2.934426e-03	3.916112e-21	5.893085e-04	-1.473271e-05	4.886972e-03	7.336065e-05	1.452480e-03	1.481946e-03	7.336065e-05	-7.336065e-05	5.181627e-03	-4.592318e-03
23            	2.940081e-03	3.990287e-21	5.303835e-04	-1.325959e-05	5.018402e-03	7.350202e-05	1.456781e-03	1.483300e-03	7.350202e-05	-7.350202e-05	5.283594e-03	-4.753211e-03
24            	2.943422e-03	4.193476e-21	5.198755e-04	-1.299689e-05	5.049429e-03	7.358554e-05	1.458714e-03	1.484708e-03	7.358554e-05	-7.358554e-05	5.309366e-03	-4.789491e-03
25            	2.943874e-03	4.384302e-21	5.434780e-04	-1.358695e-05	5.006075e-03	7.359686e-05	1.458350e-03	1.485524e-03	7.359686e-05	-7.359686e-05	5.277814e-03	-4.734336e-03
26            	2.943525e-03	4.557487e-21	5.929605e-04	-1.482401e-05	4.909442e-03	7.358812e-05	1.456938e-03	1.486586e-03	7.358812e-05	-7.358812e-05	5.205922e-03	-4.612961e-03
27            	2.944636e-03	4.653857e-21	6.581584e-04	-1.645396e-05	4.784055e-03	7.361591e-05	1.455864e-03	1.488772e-03	7.361591e-05	-7.361591e-05	5.113135e-03	-4.454976e-03
28            	2.948425e-03	4.665387e-21	7.054931e-04	-1.763733e-05	4.697936e-03	7.371062e-05	1.456575e-03	1.491850e-03	7.371062e-05	-7.371062e-05	5.050683e-03	-4.345190e-03
29            	2.949414e-03	4.587565e-21	7.120538e-04	-1.780134e-05	4.685827e-03	7.373536e-05	1.456906e-03	1.492508e-03	7.373536e-05	-7.373536e-05	5.041854e-03	-4.329800e-03
30            	2.947586e-03	4.420842e-21	6.806954e-04	-1.701738e-05	4.742599e-03	7.368965e-05	1.456776e-03	1.490810e-03	7.368965e-05	-7.368965e-05	5.082947e-03	-4.402252e-03
31            	2.943303e-03	4.167549e-21	6.142472e-04	-1.535618e-05	4.863585e-03	7.358258e-05	1.456296e-03	1.487008e-03	7.358258e-05	-7.358258e-05	5.170709e-03	-4.556461e-03
32            	2.936470e-03	3.873789e-21	5.282914e-04	-1.320728e-05	5.018222e-03	7.341176e-05	1.455028e-03	1.481442e-03	7.341176e-05	-7.341176e-05	5.282367e-03	-4.754076e-03
33            	2.927321e-03	3.604977e-21	4.552421e-04	-1.138105e-05	5.143619e-03	7.318302e-05	1.452279e-03	1.475042e-03	7.318302e-05	-7.318302e-05	5.371240e-03	-4.915998e-03
34            	2.918460e-03	3.449975e-21	4.160854e-04	-1.040213e-05	5.203662e-03	7.296151e-05	1.448828e-03	1.469632e-03	7.296151e-05	-7.296151e-05	5.411705e-03	-4.995620e-03
35            	2.911330e-03	3.429117e-21	4.107486e-04	-1.026872e-05	5.200322e-03	7.278325e-05	1.445396e-03	1.465934e-03	7.278325e-05	-7.278325e-05	5.405696e-03	-4.994948e-03
36            	2.906259e-03	3.522631e-21	4.344191e-04	-1.086048e-05	5.143411e-03	7.265648e-05	1.442269e-03	1.463990e-03	7.265648e-05	-7.265648e-05	5.360621e-03	-4.926201e-03
37            	2.903591e-03	3.668147e-21	4.803479e-04	-1.200870e-05	5.047176e-03	7.258977e-05	1.439787e-03	1.463804e-03	7.258977e-05	-7.258977e-05	5.287350e-03	-4.807002e-03
38            	2.902997e-03	3.784486e-21	5.261458e-04	-1.315365e-05	4.954595e-03	7.257492e-05	1.438345e-03	1.464652e-03	7.257492e-05	-7.257492e-05	5.217668e-03	-4.691522e-03
39            	2.903847e-03	3.821330e-21	5.483632e-04	-1.370908e-05	4.910863e-03	7.259618e-05	1.438215e-03	1.465633e-03	7.259618e-05	-7.259618e-05	5.185045e-03	-4.636682e-03
40            	2.904291e-03	3.775325e-21	5.439543e-04	-1.359886e-05	4.918612e-03	7.260728e-05	1.438547e-03	1.465744e-03	7.260728e-05	-7.260728e-05	5.190590e-03	-4.646635e-03
41            	2.903105e-03	3.640447e-21	5.138744e-04	-1.284686e-05	4.973764e-03	7.257763e-05	1.438706e-03	1.464399e-03	7.257763e-05	-7.257763e-05	5.230701e-03	-4.716827e-03
42            	2.900609e-03	3.410995e-21	4.626267e-04	-1.156567e-05	5.068184e-03	7.251522e-05	1.438739e-03	1.461870e-03	7.251522e-05	-7.251522e-05	5.299498e-03	-4.836871e-03
43            	2.897731e-03	3.185622e-21	4.069895e-04	-1.017474e-05	5.170960e-03	7.244328e-05	1.438691e-03	1.459040e-03	7.244328e-05	-7.244328e-05	5.374455e-03	-4.967465e-03
44            	2.892992e-03	3.036543e-21	3.680570e-04	-9.201426e-06	5.237982e-03	7.232481e-05	1.437295e-03	1.455698e-03	7.232481e-05	-7.232481e-05	5.422010e-03	-5.053953e-03
45            	2.888586e-03	2.981951e-21	3.529658e-04	-8.824145e-06	5.259027e-03	7.221465e-05	1.435469e-03	1.453117e-03	7.221465e-05	-7.221465e-05	5.435510e-03	-5.082544e-03
46            	2.884827e-03	2.975994e-21	3.602805e-04	-9.007012e-06	5.236969e-03	7.212069e-05	1.433407e-03	1.451421e-03	7.212069e-05	-7.212069e-05	5.417109e-03	-5.056828e-03
47            	2.882389e-03	3.012861e-21	3.882672e-04	-9.706681e-06	5.176548e-03	7.205972e-05	1.431488e-03	1.450901e-03	7.205972e-05	-7.205972e-05	5.370682e-03	-4.982415e-03
48            	2.881680e-03	3.087059e-21	4.300661e-04	-1.075165e-05	5.092264e-03	7.204200e-05	1.430088e-03	1.451592e-03	7.204200e-05	-7.204200e-05	5.307297e-03	-4.877231e-03
49            	2.882515e-03	3.180857e-21	4.647790e-04	-1.161948e-05	5.024591e-03	7.206289e-05	1.429638e-03	1.452877e-03	7.206289e-05	-7.206289e-05	5.256981e-03	-4.792202e-03
50            	2.884080e-03	3.227063e-21	4.786484e-04	-1.196621e-05	4.999120e-03	7.210200e-05	1.430074e-03	1.454006e-03	7.210200e-05	-7.210200e-05	5.238444e-03	-4.759796e-03
51            	2.885379e-03	3.212078e-21	4.738906e-04	-1.184726e-05	5.009774e-03	7.213448e-05	1.430842e-03	1.454537e-03	7.213448e-05	-7.213448e-05	5.246719e-03	-4.772828e-03
52            	2.885743e-03	3.155525e-21	4.517389e-04	-1.129347e-05	5.053090e-03	7.214356e-05	1.431578e-03	1.454165e-03	7.214356e-05	-7.214356e-05	5.278959e-03	-4.827220e-03
53            	2.885610e-03	3.067267e-21	4.164359e-04	-1.041090e-05	5.121499e-03	7.214025e-05	1.432394e-03	1.453216e-03	7.214025e-05	-7.214025e-05	5.329717e-03	-4.913281e-03
54            	2.884200e-03	2.968767e-21	3.808132e-04	-9.520331e-06	5.188421e-03	7.210499e-05	1.432580e-03	1.451620e-03	7.210499e-05	-7.210499e-05	5.378828e-03	-4.998015e-03
55            	2.881496e-03	2.902487e-21	3.600542e-04	-9.001354e-06	5.223999e-03	7.203740e-05	1.431747e-03	1.449749e-03	7.203740e-05	-7.203740e-05	5.404026e-03	-5.043972e-03
56            	2.878806e-03	2.896098e-21	3.564143e-04	-8.910357e-06	5.225964e-03	7.197016e-05	1.430493e-03	1.448314e-03	7.197016e-05	-7.197016e-05	5.404171e-03	-5.047757e-03
57            	2.876644e-03	2.922028e-21	3.690066e-04	-9.225164e-06	5.196828e-03	7.191609e-05	1.429097e-03	1.447547e-03	7.191609e-05	-7.191609e-05	5.381331e-03	-5.012325e-03
58            	2.875768e-03	2.978094e-21	3.964738e-04	-9.911844e-06	5.140877e-03	7.189421e-05	1.427972e-03	1.447796e-03	7.189421e-05	-7.189421e-05	5.339113e-03	-4.942640e-03
59            	2.876435e-03	3.055936e-21	4.303097e-04	-1.075774e-05	5.075323e-03	7.191088e-05	1.427460e-03	1.448975e-03	7.191088e-05	-7.191088e-05	5.290478e-03	-4.860168e-03
60            	2.878352e-03	3.136594e-21	4.547269e-04	-1.136817e-05	5.030472e-03	7.195881e-05	1.427808e-03	1.450544e-03	7.195881e-05	-7.195881e-05	5.257836e-03	-4.803109e-03
61            	2.880296e-03	3.170210e-21	4.626772e-04	-1.156693e-05	5.017941e-03	7.200739e-05	1.428581e-03	1.451715e-03	7.200739e-05	-7.200739e-05	5.249280e-03	-4.786603e-03
62            	2.881650e-03	3.160605e-21	4.569234e-04	-1.142309e-05	5.031246e-03	7.204125e-05	1.429402e-03	1.452248e-03	7.204125e-05	-7.204125e-05	5.259708e-03	-4.802784e-03
63            	2.882035e-03	3.120532e-21	4.383775e-04	-1.095944e-05	5.068023e-03	7.205088e-05	1.430058e-03	1.451977e-03	7.205088e-05	-7.205088e-05	5.287212e-03	-4.848834e-03
64            	2.881930e-03	3.059722e-21	4.119678e-04	-1.029920e-05	5.119466e-03	7.204825e-05	1.430666e-03	1.451264e-03	7.204825e-05	-7.204825e-05	5.325450e-03	-4.913482e-03
65            	2.880758e-03	2.998442e-21	3.887897e-04	-9.719743e-06	5.162762e-03	7.201896e-05	1.430659e-03	1.450099e-03	7.201896e-05	-7.201896e-05	5.357157e-03	-4.968368e-03
66            	2.878867e-03	2.968948e-21	3.773264e-04	-9.433160e-06	5.181828e-03	7.197166e-05	1.430000e-03	1.448866e-03	7.197166e-05	-7.197166e-05	5.370492e-03	-4.993165e-03
67            	2.876985e-03	2.979162e-21	3.780657e-04	-9.451643e-06	5.176863e-03	7.192463e-05	1.429041e-03	1.447944e-03	7.192463e-05	-7.192463e-05	5.365896e-03	-4.987830e-03
68            	2.875700e-03	3.011687e-21	3.904973e-04	-9.762433e-06	5.149909e-03	7.189250e-05	1.428088e-03	1.447612e-03	7.189250e-05	-7.189250e-05	5.345158e-03	-4.954660e-03
69            	2.875366e-03	3.065008e-21	4.135019e-04	-1.033755e-05	5.104059e-03	7.188416e-05	1.427346e-03	1.448021e-03	7.188416e-05	-7.188416e-05	5.310810e-03	-4.897308e-03
70            	2.876425e-03	3.133894e-21	4.384155e-04	-1.096039e-05	5.057006e-03	7.191062e-05	1.427252e-03	1.449173e-03	7.191062e-05	-7.191062e-05	5.276213e-03	-4.837798e-03
71            	2.878081e-03	3.190796e-21	4.535668e-04	-1.133917e-05	5.030114e-03	7.195204e-05	1.427702e-03	1.450380e-03	7.195204e-05	-7.195204e-05	5.256898e-03	-4.803331e-03
72            	2.879480e-03	3.210696e-21	4.579950e-04	-1.144987e-05	5.023725e-03	7.198701e-05	1.428290e-03	1.451190e-03	7.198701e-05	-7.198701e-05	5.252723e-03	-4.794728e-03
73            	2.880282e-03	3.204079e-21	4.521847e-04	-1.130462e-05	5.036452e-03	7.200706e-05	1.428837e-03	1.451446e-03	7.200706e-05	-7.200706e-05	5.262545e-03	-4.810360e-03
74            	2.880678e-03	3.175148e-21	4.375533e-04	-1.093883e-05	5.065787e-03	7.201695e-05	1.429400e-03	1.451278e-03	7.201695e-05	-7.201695e-05	5.284564e-03	-4.847011e-03
75            	2.880675e-03	3.131949e-21	4.175222e-04	-1.043806e-05	5.105083e-03	7.201688e-05	1.429900e-03	1.450776e-03	7.201688e-05	-7.201688e-05	5.313845e-03	-4.896322e-03
76            	2.879501e-03	3.088667e-21	4.014296e-04	-1.003574e-05	5.134577e-03	7.198753e-05	1.429715e-03	1.449786e-03	7.198753e-05	-7.198753e-05	5.335292e-03	-4.933862e-03
77            	2.878060e-03	3.072914e-21	3.944458e-04	-9.861146e-06	5.145765e-03	7.195149e-05	1.429169e-03	1.448891e-03	7.195149e-05	-7.195149e-05	5.342987e-03	-4.948542e-03
78            	2.876744e-03	3.084358e-21	3.961080e-04	-9.902700e-06	5.140112e-03	7.191861e-05	1.428469e-03	1.448275e-03	7.191861e-05	-7.191861e-05	5.338166e-03	-4.942058e-03
79            	2.875973e-03	3.110394e-21	4.060361e-04	-1.015090e-05	5.119149e-03	7.189932e-05	1.427835e-03	1.448137e-03	7.189932e-05	-7.189932e-05	5.322167e-03	-4.916131e-03
80            	2.875901e-03	3.149220e-21	4.229401e-04	-1.057350e-05	5.085838e-03	7.189751e-05	1.427377e-03	1.448524e-03	7.189751e-05	-7.189751e-05	5.297308e-03	-4.874368e-03
81            	2.876482e-03	3.199467e-21	4.407104e-04	-1.101776e-05	5.052013e-03	7.191205e-05	1.427223e-03	1.449259e-03	7.191205e-05	-7.191205e-05	5.272368e-03	-4.831657e-03
82            	2.877774e-03	3.238558e-21	4.514654e-04	-1.128663e-05	5.033199e-03	7.194434e-05	1.427600e-03	1.450174e-03	7.194434e-05	-7.194434e-05	5.258932e-03	-4.807467e-03
83            	2.878847e-03	3.250575e-21	4.542553e-04	-1.135638e-05	5.029558e-03	7.197118e-05	1.428067e-03	1.450780e-03	7.197118e-05	-7.197118e-05	5.256686e-03	-4.802430e-03
84            	2.879431e-03	3.243069e-21	4.493935e-04	-1.123484e-05	5.040123e-03	7.198577e-05	1.428481e-03	1.450950e-03	7.198577e-05	-7.198577e-05	5.264820e-03	-4.815426e-03
85            	2.879685e-03	3.219046e-21	4.380460e-04	-1.095115e-05	5.062829e-03	7.199212e-05	1.428891e-03	1.450794e-03	7.199212e-05	-7.199212e-05	5.281852e-03	-4.843806e-03
86            	2.879651e-03	3.184780e-21	4.225341e-04	-1.056335e-05	5.093233e-03	7.199127e-05	1.429262e-03	1.450389e-03	7.199127e-05	-7.199127e-05	5.304500e-03	-4.881966e-03
87            	2.878514e-03	3.150804e-21	4.104937e-04	-1.026234e-05	5.114843e-03	7.196286e-05	1.428995e-03	1.449520e-03	7.196286e-05	-7.196286e-05	5.320090e-03	-4.909596e-03
88            	2.877381e-03	3.137916e-21	4.056073e-04	-1.014018e-05	5.122457e-03	7.193453e-05	1.428550e-03	1.448831e-03	7.193453e-05	-7.193453e-05	5.325261e-03	-4.919653e-03
89            	2.876343e-03	3.146131e-21	4.071156e-04	-1.017789e-05	5.117611e-03	7.190857e-05	1.427994e-03	1.448349e-03	7.190857e-05	-7.190857e-05	5.321169e-03	-4.914054e-03
90            	2.875799e-03	3.165213e-21	4.146032e-04	-1.036508e-05	5.101881e-03	7.189499e-05	1.427535e-03	1.448265e-03	7.189499e-05	-7.189499e-05	5.309182e-03	-4.894579e-03
91            	2.875695e-03	3.193778e-21	4.269965e-04	-1.067491e-05	5.077380e-03	7.189237e-05	1.427172e-03	1.448522e-03	7.189237e-05	-7.189237e-05	5.290878e-03	-4.863881e-03
92            	2.876178e-03	3.230750e-21	4.399363e-04	-1.099841e-05	5.052884e-03	7.190444e-05	1.427090e-03	1.449087e-03	7.190444e-05	-7.190444e-05	5.272852e-03	-4.832915e-03
93            	2.877226e-03	3.257560e-21	4.474878e-04	-1.118720e-05	5.039951e-03	7.193064e-05	1.427426e-03	1.449800e-03	7.193064e-05	-7.193064e-05	5.263695e-03	-4.816207e-03
94            	2.878016e-03	3.263819e-21	4.489090e-04	-1.122273e-05	5.038544e-03	7.195040e-05	1.427785e-03	1.450231e-03	7.195040e-05	-7.195040e-05	5.262999e-03	-4.814090e-03
95            	2.878514e-03	3.255894e-21	4.450271e-04	-1.112568e-05	5.047012e-03	7.196284e-05	1.428131e-03	1.450382e-03	7.196284e-05	-7.196284e-05	5.269525e-03	-4.824498e-03
96            	2.878558e-03	3.236169e-21	4.359160e-04	-1.089790e-05	5.064967e-03	7.196394e-05	1.428381e-03	1.450177e-03	7.196394e-05	-7.196394e-05	5.282925e-03	-4.847009e-03
97            	2.878452e-03	3.209970e-21	4.240357e-04	-1.060089e-05	5.088122e-03	7.196129e-05	1.428625e-03	1.449827e-03	7.196129e-05	-7.196129e-05	5.300140e-03	-4.876104e-03
98            	2.877558e-03	3.183092e-21	4.151755e-04	-1.037939e-05	5.103904e-03	7.193896e-05	1.428400e-03	1.449158e-03	7.193896e-05	-7.193896e-05	5.311491e-03	-4.896316e-03
99            	2.876716e-03	3.173241e-21	4.117760e-04	-1.029440e-05	5.109109e-03	7.191790e-05	1.428064e-03	1.448652e-03	7.191790e-05	-7.191790e-05	5.314997e-03	-4.903221e-03
100           	2.875949e-03	3.177485e-21	4.130859e-04	-1.032715e-05	5.105138e-03	7.189872e-05	1.427647e-03	1.448302e-03	7.189872e-05	-7.189872e-05	5.311681e-03	-4.898595e-03
101           	2.875421e-03	3.191522e-21	4.190792e-04	-1.047698e-05	5.092433e-03	7.188553e-05	1.427234e-03	1.448188e-03	7.188553e-05	-7.188553e-05	5.301972e-03	-4.882893e-03
102           	2.875542e-03	3.215312e-21	4.289440e-04	-1.072360e-05	5.073281e-03	7.188855e-05	1.427047e-03	1.448495e-03	7.188855e-05	-7.188855e-05	5.287753e-03	-4.858809e-03
103           	2.876012e-03	3.241172e-21	4.378859e-04	-1.094715e-05	5.056560e-03	7.190031e-05	1.427059e-03	1.448953e-03	7.190031e-05	-7.190031e-05	5.275503e-03	-4.837617e-03
104           	2.876564e-03	3.257796e-21	4.427159e-04	-1.106790e-05	5.048033e-03	7.191411e-05	1.427214e-03	1.449350e-03	7.191411e-05	-7.191411e-05	5.269391e-03	-4.826675e-03
105           	2.877040e-03	3.260691e-21	4.433329e-04	-1.108332e-05	5.047641e-03	7.192600e-05	1.427437e-03	1.449603e-03	7.192600e-05	-7.192600e-05	5.269308e-03	-4.825975e-03
106           	2.877456e-03	3.253869e-21	4.401388e-04	-1.100347e-05	5.054627e-03	7.193641e-05	1.427725e-03	1.449732e-03	7.193641e-05	-7.193641e-05	5.274697e-03	-4.834558e-03
107           	2.877534e-03	3.238158e-21	4.331181e-04	-1.082795e-05	5.068554e-03	7.193835e-05	1.427939e-03	1.449595e-03	7.193835e-05	-7.193835e-05	5.285113e-03	-4.851995e-03
108           	2.877493e-03	3.217604e-21	4.242353e-04	-1.060588e-05	5.085943e-03	7.193732e-05	1.428141e-03	1.449352e-03	7.193732e-05	-7.193732e-05	5.298060e-03	-4.873825e-03
109           	2.876856e-03	3.196793e-21	4.177989e-04	-1.044497e-05	5.097430e-03	7.192139e-05	1.427983e-03	1.448873e-03	7.192139e-05	-7.192139e-05	5.306330e-03	-4.888531e-03
110           	2.876252e-03	3.189383e-21	4.154346e-04	-1.038587e-05	5.101019e-03	7.190630e-05	1.427740e-03	1.448512e-03	7.190630e-05	-7.190630e-05	5.308737e-03	-4.893302e-03
111           	2.875714e-03	3.192262e-21	4.165669e-04	-1.041417e-05	5.097814e-03	7.189285e-05	1.427443e-03	1.448271e-03	7.189285e-05	-7.189285e-05	5.306097e-03	-4.889530e-03
112           	2.875332e-03	3.202922e-21	4.211234e-04	-1.052808e-05	5.088179e-03	7.188330e-05	1.427138e-03	1.448194e-03	7.188330e-05	-7.188330e-05	5.298741e-03	-4.877617e-03
113           	2.875367e-03	3.219958e-21	4.284027e-04	-1.071007e-05	5.073935e-03	7.188418e-05	1.426974e-03	1.448394e-03	7.188418e-05	-7.188418e-05	5.288136e-03	-4.859733e-03
114           	2.875703e-03	3.238229e-21	4.349528e-04	-1.087382e-05	5.061662e-03	7.189259e-05	1.426978e-03	1.448726e-03	7.189259e-05	-7.189259e-05	5.279138e-03	-4.844186e-03
115           	2.876072e-03	3.250134e-21	4.386298e-04	-1.096574e-05	5.055070e-03	7.190180e-05	1.427070e-03	1.449002e-03	7.190180e-05	-7.190180e-05	5.274384e-03	-4.835755e-03
116           	2.876517e-03	3.252532e-21	4.390315e-04	-1.097579e-05	5.055068e-03	7.191292e-05	1.427283e-03	1.449234e-03	7.191292e-05	-7.191292e-05	5.274583e-03	-4.835552e-03
117           	2.876901e-03	3.246730e-21	4.363618e-04	-1.090904e-05	5.060984e-03	7.192253e-05	1.427542e-03	1.449360e-03	7.192253e-05	-7.192253e-05	5.279165e-03	-4.842803e-03
118           	2.876996e-03	3.233795e-21	4.306209e-04	-1.076552e-05	5.072427e-03	7.192491e-05	1.427733e-03	1.449264e-03	7.192491e-05	-7.192491e-05	5.287737e-03	-4.857116e-03
119           	2.876846e-03	3.216740e-21	4.238330e-04	-1.059583e-05	5.085492e-03	7.192116e-05	1.427827e-03	1.449019e-03	7.192116e-05	-7.192116e-05	5.297408e-03	-4.873575e-03
120           	2.876337e-03	3.202022e-21	4.192430e-04	-1.048108e-05	5.093589e-03	7.190841e-05	1.427687e-03	1.448649e-03	7.190841e-05	-7.190841e-05	5.303210e-03	-4.883967e-03
121           	2.875883e-03	3.197199e-21	4.177312e-04	-1.044328e-05	5.095762e-03	7.189708e-05	1.427498e-03	1.448385e-03	7.189708e-05	-7.189708e-05	5.304627e-03	-4.886896e-03
122           	2.875502e-03	3.199896e-21	4.189072e-04	-1.047268e-05	5.092752e-03	7.188755e-05	1.427278e-03	1.448224e-03	7.188755e-05	-7.188755e-05	5.302206e-03	-4.883299e-03
123           	2.875239e-03	3.208399e-21	4.226366e-04	-1.056591e-05	5.084950e-03	7.188096e-05	1.427053e-03	1.448185e-03	7.188096e-05	-7.188096e-05	5.296268e-03	-4.873632e-03
124           	2.875290e-03	3.221574e-21	4.282743e-04	-1.070686e-05	5.073961e-03	7.188225e-05	1.426938e-03	1.448352e-03	7.188225e-05	-7.188225e-05	5.288098e-03	-4.859824e-03
125           	2.875585e-03	3.235177e-21	4.330942e-04	-1.082736e-05	5.065015e-03	7.188962e-05	1.426965e-03	1.448620e-03	7.188962e-05	-7.188962e-05	5.281562e-03	-4.848468e-03
126           	2.875933e-03	3.243099e-21	4.354476e-04	-1.088619e-05	5.061001e-03	7.189834e-05	1.427081e-03	1.448853e-03	7.189834e-05	-7.189834e-05	5.278724e-03	-4.843277e-03
127           	2.876212e-03	3.243590e-21	4.354569e-04	-1.088642e-05	5.061463e-03	7.190531e-05	1.427220e-03	1.448993e-03	7.190531e-05	-7.190531e-05	5.279191e-03	-4.843734e-03
128           	2.876430e-03	3.238797e-21	4.333214e-04	-1.083303e-05	5.066027e-03	7.191076e-05	1.427382e-03	1.449048e-03	7.191076e-05	-7.191076e-05	5.282688e-03	-4.849367e-03
129           	2.876498e-03	3.229290e-21	4.290279e-04	-1.072570e-05	5.074578e-03	7.191245e-05	1.427523e-03	1.448975e-03	7.191245e-05	-7.191245e-05	5.289092e-03	-4.860064e-03
130           	2.876394e-03	3.216984e-21	4.240501e-04	-1.060125e-05	5.084173e-03	7.190986e-05	1.427596e-03	1.448798e-03	7.190986e-05	-7.190986e-05	5.296198e-03	-4.872148e-03
131           	2.876026e-03	3.206182e-21	4.207823e-04	-1.051956e-05	5.089929e-03	7.190064e-05	1.427493e-03	1.448532e-03	7.190064e-05	-7.190064e-05	5.300320e-03	-4.879538e-03
132           	2.875704e-03	3.202833e-21	4.198080e-04	-1.049520e-05	5.091278e-03	7.189259e-05	1.427357e-03	1.448347e-03	7.189259e-05	-7.189259e-05	5.301182e-03	-4.881374e-03
133           	2.875459e-03	3.205034e-21	4.207406e-04	-1.051851e-05	5.088999e-03	7.188647e-05	1.427211e-03	1.448248e-03	7.188647e-05	-7.188647e-05	5.299369e-03	-4.878629e-03
134           	2.875243e-03	3.211286e-21	4.235148e-04	-1.058787e-05	5.083156e-03	7.188107e-05	1.427034e-03	1.448209e-03	7.188107e-05	-7.188107e-05	5.294914e-03	-4.871399e-03
135           	2.875292e-03	3.220818e-21	4.276255e-04	-1.069064e-05	5.075162e-03	7.188230e-05	1.426955e-03	1.448337e-03	7.188230e-05	-7.188230e-05	5.288975e-03	-4.861350e-03
136           	2.875479e-03	3.230468e-21	4.312002e-04	-1.078000e-05	5.068465e-03	7.188698e-05	1.426960e-03	1.448520e-03	7.188698e-05	-7.188698e-05	5.284065e-03	-4.852865e-03
137           	2.875730e-03	3.236687e-21	4.329995e-04	-1.082499e-05	5.065370e-03	7.189326e-05	1.427040e-03	1.448690e-03	7.189326e-05	-7.189326e-05	5.281869e-03	-4.848870e-03
138           	2.875952e-03	3.237246e-21	4.330564e-04	-1.082641e-05	5.065643e-03	7.189879e-05	1.427149e-03	1.448802e-03	7.189879e-05	-7.189879e-05	5.282171e-03	-4.849115e-03
139           	2.876143e-03	3.233798e-21	4.315346e-04	-1.078836e-05	5.068967e-03	7.190358e-05	1.427283e-03	1.448860e-03	7.190358e-05	-7.190358e-05	5.284734e-03	-4.853200e-03
140           	2.876225e-03	3.226819e-21	4.284033e-04	-1.071008e-05	5.075269e-03	7.190562e-05	1.427402e-03	1.448822e-03	7.190562e-05	-7.190562e-05	5.289471e-03	-4.861068e-03
141           	2.876157e-03	3.217732e-21	4.247483e-04	-1.061871e-05	5.082333e-03	7.190393e-05	1.427460e-03	1.448697e-03	7.190393e-05	-7.190393e-05	5.294707e-03	-4.869959e-03
142           	2.875904e-03	3.209770e-21	4.223160e-04	-1.055790e-05	5.086660e-03	7.189761e-05	1.427394e-03	1.448510e-03	7.189761e-05	-7.189761e-05	5.297818e-03	-4.875502e-03
143           	2.875667e-03	3.207179e-21	4.215541e-04	-1.053885e-05	5.087740e-03	7.189167e-05	1.427295e-03	1.448372e-03	7.189167e-05	-7.189167e-05	5.298517e-03	-4.876963e-03
144           	2.875478e-03	3.208746e-21	4.222089e-04	-1.055522e-05	5.086108e-03	7.188695e-05	1.427184e-03	1.448294e-03	7.188695e-05	-7.188695e-05	5.297213e-03	-4.875004e-03
145           	2.875311e-03	3.213419e-21	4.242463e-04	-1.060616e-05	5.081803e-03	7.188278e-05	1.427049e-03	1.448262e-03	7.188278e-05	-7.188278e-05	5.293927e-03	-4.869680e-03
146           	2.875337e-03	3.220644e-21	4.272933e-04	-1.068233e-05	5.075858e-03	7.188343e-05	1.426986e-03	1.448351e-03	7.188343e-05	-7.188343e-05	5.289505e-03	-4.862212e-03
147           	2.875427e-03	3.228018e-21	4.301094e-04	-1.075273e-05	5.070478e-03	7.188567e-05	1.426961e-03	1.448466e-03	7.188567e-05	-7.188567e-05	5.285533e-03	-4.855424e-03
148           	2.875677e-03	3.233402e-21	4.315500e-04	-1.078875e-05	5.068098e-03	7.189192e-05	1.427050e-03	1.448627e-03	7.189192e-05	-7.189192e-05	5.283873e-03	-4.852323e-03
149           	2.875872e-03	3.233789e-21	4.315558e-04	-1.078889e-05	5.068432e-03	7.189680e-05	1.427147e-03	1.448725e-03	7.189680e-05	-7.189680e-05	5.284209e-03	-4.852654e-03
150           	2.876021e-03	3.231087e-21	4.303653e-04	-1.075913e-05	5.071032e-03	7.190052e-05	1.427251e-03	1.448769e-03	7.190052e-05	-7.190052e-05	5.286215e-03	-4.855850e-03
151           	2.876066e-03	3.225708e-21	4.279720e-04	-1.069930e-05	5.075818e-03	7.190166e-05	1.427334e-03	1.448733e-03	7.190166e-05	-7.190166e-05	5.289804e-03	-4.861832e-03
152           	2.876001e-03	3.218892e-21	4.252340e-04	-1.063085e-05	5.081081e-03	7.190002e-05	1.427370e-03	1.448631e-03	7.190002e-05	-7.190002e-05	5.293698e-03	-4.868464e-03
153           	2.875807e-03	3.213059e-21	4.234323e-04	-1.058581e-05	5.084275e-03	7.189518e-05	1.427318e-03	1.448489e-03	7.189518e-05	-7.189518e-05	5.295991e-03	-4.872559e-03
154           	2.875631e-03	3.211228e-21	4.228781e-04	-1.057195e-05	5.085054e-03	7.189077e-05	1.427243e-03	1.448387e-03	7.189077e-05	-7.189077e-05	5.296493e-03	-4.873615e-03
155           	2.875494e-03	3.212456e-21	4.233837e-04	-1.058459e-05	5.083812e-03	7.188736e-05	1.427163e-03	1.448332e-03	7.188736e-05	-7.188736e-05	5.295504e-03	-4.872120e-03
156           	2.875374e-03	3.215977e-21	4.249224e-04	-1.062306e-05	5.080572e-03	7.188435e-05	1.427064e-03	1.448310e-03	7.188435e-05	-7.188435e-05	5.293033e-03	-4.868111e-03
157           	2.875397e-03	3.221398e-21	4.272165e-04	-1.068041e-05	5.076104e-03	7.188494e-05	1.427018e-03	1.448379e-03	7.188494e-05	-7.188494e-05	5.289712e-03	-4.862496e-03
158           	2.875500e-03	3.226845e-21	4.292293e-04	-1.073073e-05	5.072329e-03	7.188749e-05	1.427019e-03	1.448481e-03	7.188749e-05	-7.188749e-05	5.286943e-03	-4.857714e-03
159           	2.875646e-03	3.230424e-21	4.302525e-04	-1.075631e-05	5.070575e-03	7.189114e-05	1.427067e-03	1.448579e-03	7.189114e-05	-7.189114e-05	5.285701e-03	-4.855448e-03
160           	2.875774e-03	3.230765e-21	4.302927e-04	-1.075732e-05	5.070721e-03	7.189435e-05	1.427130e-03	1.448644e-03	7.189435e-05	-7.189435e-05	5.285867e-03	-4.855574e-03
161           	2.875885e-03	3.228862e-21	4.294563e-04	-1.073641e-05	5.072560e-03	7.189714e-05	1.427206e-03	1.448679e-03	7.189714e-05	-7.189714e-05	5.287288e-03	-4.857832e-03
162           	2.875939e-03	3.225070e-21	4.276898e-04	-1.069224e-05	5.076132e-03	7.189848e-05	1.427277e-03	1.448662e-03	7.189848e-05	-7.189848e-05	5.289976e-03	-4.862287e-03
163           	2.875896e-03	3.220018e-21	4.256542e-04	-1.064136e-05	5.080058e-03	7.189741e-05	1.427307e-03	1.448590e-03	7.189741e-05	-7.189741e-05	5.292885e-03	-4.867231e-03
164           	2.875759e-03	3.215583e-21	4.243335e-04	-1.060834e-05	5.082408e-03	7.189398e-05	1.427271e-03	1.448488e-03	7.189398e-05	-7.189398e-05	5.294575e-03	-4.870241e-03
165           	2.875631e-03	3.214204e-21	4.239364e-04	-1.059841e-05	5.082965e-03	7.189078e-05	1.427217e-03	1.448414e-03	7.189078e-05	-7.189078e-05	5.294933e-03	-4.870997e-03
166           	2.875529e-03	3.215112e-21	4.243178e-04	-1.060794e-05	5.082028e-03	7.188821e-05	1.427156e-03	1.448372e-03	7.188821e-05	-7.188821e-05	5.294187e-03	-4.869870e-03
167           	2.875435e-03	3.217698e-21	4.254598e-04	-1.063649e-05	5.079616e-03	7.188588e-05	1.427081e-03	1.448354e-03	7.188588e-05	-7.188588e-05	5.292346e-03	-4.866886e-03
168           	2.875450e-03	3.221670e-21	4.271600e-04	-1.067900e-05	5.076299e-03	7.188624e-05	1.427046e-03	1.448404e-03	7.188624e-05	-7.188624e-05	5.289879e-03	-4.862719e-03
169           	2.875504e-03	3.225765e-21	4.287113e-04	-1.071778e-05	5.073345e-03	7.188760e-05	1.427034e-03	1.448470e-03	7.188760e-05	-7.188760e-05	5.287701e-03	-4.858990e-03
170           	2.875645e-03	3.228675e-21	4.294923e-04	-1.073731e-05	5.072065e-03	7.189113e-05	1.427085e-03	1.448560e-03	7.189113e-05	-7.189113e-05	5.286811e-03	-4.857319e-03
171           	2.875755e-03	3.228829e-21	4.294806e-04	-1.073701e-05	5.072284e-03	7.189389e-05	1.427141e-03	1.448615e-03	7.189389e-05	-7.189389e-05	5.287024e-03	-4.857544e-03
172           	2.875846e-03	3.227272e-21	4.287826e-04	-1.071957e-05	5.073817e-03	7.189615e-05	1.427203e-03	1.448643e-03	7.189615e-05	-7.189615e-05	5.288208e-03	-4.859425e-03
173           	2.875860e-03	3.224220e-21	4.273901e-04	-1.068475e-05	5.076578e-03	7.189650e-05	1.427245e-03	1.448615e-03	7.189650e-05	-7.189650e-05	5.290273e-03	-4.862883e-03
174           	2.875812e-03	3.220327e-21	4.258655e-04	-1.064664e-05	5.079486e-03	7.189530e-05	1.427259e-03	1.448553e-03	7.189530e-05	-7.189530e-05	5.292419e-03	-4.866553e-03
175           	2.875707e-03	3.217143e-21	4.249332e-04	-1.062333e-05	5.081132e-03	7.189268e-05	1.427230e-03	1.448477e-03	7.189268e-05	-7.189268e-05	5.293599e-03	-4.868666e-03
176           	2.875614e-03	3.216334e-21	4.246954e-04	-1.061738e-05	5.081436e-03	7.189034e-05	1.427189e-03	1.448424e-03	7.189034e-05	-7.189034e-05	5.293784e-03	-4.869088e-03
177           	2.875542e-03	3.217178e-21	4.250418e-04	-1.062605e-05	5.080625e-03	7.188855e-05	1.427145e-03	1.448397e-03	7.188855e-05	-7.188855e-05	5.293146e-03	-4.868105e-03
178           	2.875479e-03	3.219270e-21	4.259549e-04	-1.064887e-05	5.078719e-03	7.188698e-05	1.427091e-03	1.448389e-03	7.188698e-05	-7.188698e-05	5.291696e-03	-4.865741e-03
179           	2.875500e-03	3.222367e-21	4.272498e-04	-1.068125e-05	5.076211e-03	7.188750e-05	1.427069e-03	1.448431e-03	7.188750e-05	-7.188750e-05	5.289836e-03	-4.862586e-03
180           	2.875561e-03	3.225338e-21	4.283305e-04	-1.070826e-05	5.074194e-03	7.188901e-05	1.427072e-03	1.448489e-03	7.188901e-05	-7.188901e-05	5.288359e-03	-4.860028e-03
181           	2.875648e-03	3.227105e-21	4.288387e-04	-1.072097e-05	5.073351e-03	7.189121e-05	1.427103e-03	1.448545e-03	7.189121e-05	-7.189121e-05	5.287771e-03	-4.858932e-03
182           	2.875723e-03	3.227110e-21	4.287981e-04	-1.071995e-05	5.073564e-03	7.189308e-05	1.427142e-03	1.448581e-03	7.189308e-05	-7.189308e-05	5.287963e-03	-4.859165e-03
183           	2.875789e-03	3.225898e-21	4.282493e-04	-1.070623e-05	5.074760e-03	7.189473e-05	1.427188e-03	1.448601e-03	7.189473e-05	-7.189473e-05	5.288884e-03	-4.860635e-03
184           	2.875800e-03	3.223596e-21	4.271972e-04	-1.067993e-05	5.076846e-03	7.189500e-05	1.427220e-03	1.448580e-03	7.189500e-05	-7.189500e-05	5.290445e-03	-4.863248e-03
185           	2.875765e-03	3.220697e-21	4.260717e-04	-1.065179e-05	5.078996e-03	7.189413e-05	1.427231e-03	1.448534e-03	7.189413e-05	-7.189413e-05	5.292031e-03	-4.865960e-03
186           	2.875682e-03	3.218404e-21	4.254010e-04	-1.063503e-05	5.080166e-03	7.189206e-05	1.427206e-03	1.448476e-03	7.189206e-05	-7.189206e-05	5.292866e-03	-4.867465e-03
187           	2.875610e-03	3.217871e-21	4.252503e-04	-1.063126e-05	5.080335e-03	7.189025e-05	1.427174e-03	1.448436e-03	7.189025e-05	-7.189025e-05	5.292961e-03	-4.867710e-03
188           	2.875547e-03	3.218548e-21	4.255398e-04	-1.063850e-05	5.079656e-03	7.188867e-05	1.427135e-03	1.448412e-03	7.188867e-05	-7.188867e-05	5.292426e-03	-4.866886e-03
189           	2.875520e-03	3.220279e-21	4.263064e-04	-1.065766e-05	5.078100e-03	7.188799e-05	1.427102e-03	1.448417e-03	7.188799e-05	-7.188799e-05	5.291253e-03	-4.864946e-03
190           	2.875531e-03	3.222707e-21	4.272874e-04	-1.068219e-05	5.076190e-03	7.188828e-05	1.427083e-03	1.448448e-03	7.188828e-05	-7.188828e-05	5.289834e-03	-4.862546e-03
191           	2.875575e-03	3.224937e-21	4.280653e-04	-1.070163e-05	5.074738e-03	7.188938e-05	1.427086e-03	1.448489e-03	7.188938e-05	-7.188938e-05	5.288770e-03	-4.860705e-03
192           	2.875641e-03	3.226141e-21	4.284034e-04	-1.071008e-05	5.074189e-03	7.189102e-05	1.427110e-03	1.448530e-03	7.189102e-05	-7.189102e-05	5.288391e-03	-4.859988e-03
193           	2.875698e-03	3.226043e-21	4.283311e-04	-1.070828e-05	5.074434e-03	7.189245e-05	1.427141e-03	1.448557e-03	7.189245e-05	-7.189245e-05	5.288599e-03	-4.860268e-03
194           	2.875750e-03	3.225032e-21	4.278751e-04	-1.069688e-05	5.075424e-03	7.189375e-05	1.427178e-03	1.448572e-03	7.189375e-05	-7.189375e-05	5.289361e-03	-4.861486e-03
195           	2.875758e-03	3.223194e-21	4.270558e-04	-1.067639e-05	5.077049e-03	7.189395e-05	1.427203e-03	1.448555e-03	7.189395e-05	-7.189395e-05	5.290577e-03	-4.863521e-03
196           	2.875730e-03	3.220965e-21	4.262259e-04	-1.065565e-05	5.078630e-03	7.189325e-05	1.427209e-03	1.448521e-03	7.189325e-05	-7.189325e-05	5.291743e-03	-4.865517e-03
197           	2.875668e-03	3.219325e-21	4.257571e-04	-1.064393e-05	5.079441e-03	7.189170e-05	1.427190e-03	1.448478e-03	7.189170e-05	-7.189170e-05	5.292320e-03	-4.866562e-03
198           	2.875615e-03	3.219022e-21	4.256734e-04	-1.064184e-05	5.079512e-03	7.189037e-05	1.427165e-03	1.448449e-03	7.189037e-05	-7.189037e-05	5.292349e-03	-4.866675e-03
199           	2.875569e-03	3.219605e-21	4.259191e-04	-1.064798e-05	5.078950e-03	7.188923e-05	1.427137e-03	1.448433e-03	7.188923e-05	-7.188923e-05	5.291910e-03	-4.865990e-03
200           	2.875550e-03	3.220966e-21	4.265176e-04	-1.066294e-05	5.077739e-03	7.188876e-05	1.427112e-03	1.448438e-03	7.188876e-05	-7.188876e-05	5.290998e-03	-4.864480e-03
201           	2.875561e-03	3.222800e-21	4.272557e-04	-1.068139e-05	5.076306e-03	7.188903e-05	1.427099e-03	1.448462e-03	7.188903e-05	-7.188903e-05	5.289934e-03	-4.862679e-03
202           	2.875596e-03	3.224421e-21	4.278164e-04	-1.069541e-05	5.075263e-03	7.188989e-05	1.427102e-03	1.448493e-03	7.188989e-05	-7.188989e-05	5.289172e-03	-4.861355e-03
203           	2.875643e-03	3.225226e-21	4.280454e-04	-1.070114e-05	5.074898e-03	7.189108e-05	1.427121e-03	1.448523e-03	7.189108e-05	-7.189108e-05	5.288920e-03	-4.860875e-03
204           	2.875684e-03	3.225086e-21	4.279685e-04	-1.069921e-05	5.075122e-03	7.189211e-05	1.427143e-03	1.448541e-03	7.189211e-05	-7.189211e-05	5.289107e-03	-4.861138e-03
205           	2.875722e-03	3.224276e-21	4.276040e-04	-1.069010e-05	5.075906e-03	7.189305e-05	1.427171e-03	1.448551e-03	7.189305e-05	-7.189305e-05	5.289708e-03	-4.862104e-03
206           	2.875722e-03	3.222865e-21	4.269947e-04	-1.067487e-05	5.077104e-03	7.189304e-05	1.427186e-03	1.448536e-03	7.189304e-05	-7.189304e-05	5.290601e-03	-4.863606e-03
207           	2.875706e-03	3.221292e-21	4.263878e-04	-1.065969e-05	5.078269e-03	7.189265e-05	1.427193e-03	1.448513e-03	7.189265e-05	-7.189265e-05	5.291463e-03	-4.865075e-03
208           	2.875660e-03	3.220071e-21	4.260472e-04	-1.065118e-05	5.078856e-03	7.189149e-05	1.427179e-03	1.448481e-03	7.189149e-05	-7.189149e-05	5.291880e-03	-4.865832e-03
209           	2.875619e-03	3.219874e-21	4.259959e-04	-1.064990e-05	5.078885e-03	7.189048e-05	1.427160e-03	1.448459e-03	7.189048e-05	-7.189048e-05	5.291883e-03	-4.865887e-03
210           	2.875584e-03	3.220334e-21	4.261888e-04	-1.065472e-05	5.078445e-03	7.188961e-05	1.427137e-03	1.448447e-03	7.188961e-05	-7.188961e-05	5.291539e-03	-4.865351e-03
211           	2.875569e-03	3.221357e-21	4.266522e-04	-1.066631e-05	5.077506e-03	7.188923e-05	1.427118e-03	1.448451e-03	7.188923e-05	-7.188923e-05	5.290832e-03	-4.864180e-03
212           	2.875580e-03	3.222747e-21	4.272052e-04	-1.068013e-05	5.076438e-03	7.188950e-05	1.427110e-03	1.448470e-03	7.188950e-05	-7.188950e-05	5.290041e-03	-4.862836e-03
213           	2.875607e-03	3.223948e-21	4.276033e-04	-1.069008e-05	5.075703e-03	7.189019e-05	1.427114e-03	1.448494e-03	7.189019e-05	-7.189019e-05	5.289505e-03	-4.861902e-03
214           	2.875640e-03	3.224490e-21	4.277595e-04	-1.069399e-05	5.075454e-03	7.189101e-05	1.427126e-03	1.448514e-03	7.189101e-05	-7.189101e-05	5.289334e-03	-4.861574e-03
215           	2.875672e-03	3.224365e-21	4.276956e-04	-1.069239e-05	5.075636e-03	7.189180e-05	1.427144e-03	1.448528e-03	7.189180e-05	-7.189180e-05	5.289484e-03	-4.861788e-03
216           	2.875701e-03	3.223747e-21	4.274167e-04	-1.068542e-05	5.076236e-03	7.189252e-05	1.427165e-03	1.448536e-03	7.189252e-05	-7.189252e-05	5.289945e-03	-4.862528e-03
217           	2.875702e-03	3.222703e-21	4.269609e-04	-1.067402e-05	5.077135e-03	7.189255e-05	1.427177e-03	1.448525e-03	7.189255e-05	-7.189255e-05	5.290616e-03	-4.863655e-03
218           	2.875689e-03	3.221553e-21	4.265141e-04	-1.066285e-05	5.077990e-03	7.189222e-05	1.427181e-03	1.448507e-03	7.189222e-05	-7.189222e-05	5.291247e-03	-4.864733e-03
219           	2.875653e-03	3.220661e-21	4.262684e-04	-1.065671e-05	5.078410e-03	7.189133e-05	1.427170e-03	1.448483e-03	7.189133e-05	-7.189133e-05	5.291544e-03	-4.865275e-03
220           	2.875622e-03	3.220527e-21	4.262367e-04	-1.065592e-05	5.078417e-03	7.189056e-05	1.427155e-03	1.448467e-03	7.189056e-05	-7.189056e-05	5.291536e-03	-4.865299e-03
221           	2.875596e-03	3.220878e-21	4.263858e-04	-1.065965e-05	5.078078e-03	7.188991e-05	1.427139e-03	1.448458e-03	7.188991e-05	-7.188991e-05	5.291271e-03	-4.864885e-03
222           	2.875585e-03	3.221645e-21	4.267349e-04	-1.066837e-05	5.077372e-03	7.188963e-05	1.427124e-03	1.448461e-03	7.188963e-05	-7.188963e-05	5.290739e-03	-4.864004e-03
223           	2.875595e-03	3.222680e-21	4.271452e-04	-1.067863e-05	5.076581e-03	7.188986e-05	1.427119e-03	1.448476e-03	7.188986e-05	-7.188986e-05	5.290154e-03	-4.863009e-03
224           	2.875615e-03	3.223559e-21	4.274354e-04	-1.068588e-05	5.076047e-03	7.189039e-05	1.427122e-03	1.448494e-03	7.189039e-05	-7.189039e-05	5.289765e-03	-4.862330e-03
225           	2.875640e-03	3.223940e-21	4.275459e-04	-1.068865e-05	5.075873e-03	7.189100e-05	1.427131e-03	1.448509e-03	7.189100e-05	-7.189100e-05	5.289646e-03	-4.862100e-03
226           	2.875663e-03	3.223834e-21	4.274935e-04	-1.068734e-05	5.076018e-03	7.189158e-05	1.427144e-03	1.448519e-03	7.189158e-05	-7.189158e-05	5.289765e-03	-4.862271e-03
227           	2.875685e-03	3.223364e-21	4.272820e-04	-1.068205e-05	5.076472e-03	7.189211e-05	1.427160e-03	1.448524e-03	7.189211e-05	-7.189211e-05	5.290113e-03	-4.862831e-03
228           	2.875684e-03	3.222572e-21	4.269399e-04	-1.067350e-05	5.077145e-03	7.189211e-05	1.427169e-03	1.448516e-03	7.189211e-05	-7.189211e-05	5.290615e-03	-4.863675e-03
229           	2.875674e-03	3.221702e-21	4.266123e-04	-1.066531e-05	5.077770e-03	7.189184e-05	1.427171e-03	1.448502e-03	7.189184e-05	-7.189184e-05	5.291076e-03	-4.864463e-03
230           	2.875648e-03	3.221066e-21	4.264354e-04	-1.066089e-05	5.078071e-03	7.189119e-05	1.427163e-03	1.448485e-03	7.189119e-05	-7.189119e-05	5.291288e-03	-4.864853e-03
231           	2.875625e-03	3.220984e-21	4.264160e-04	-1.066040e-05	5.078069e-03	7.189062e-05	1.427152e-03	1.448473e-03	7.189062e-05	-7.189062e-05	5.291277e-03	-4.864861e-03
232           	2.875606e-03	3.221259e-21	4.265313e-04	-1.066328e-05	5.077809e-03	7.189015e-05	1.427140e-03	1.448466e-03	7.189015e-05	-7.189015e-05	5.291074e-03	-4.864543e-03
233           	2.875598e-03	3.221840e-21	4.267938e-04	-1.066984e-05	5.077279e-03	7.188996e-05	1.427129e-03	1.448469e-03	7.188996e-05	-7.188996e-05	5.290676e-03	-4.863882e-03
234           	2.875606e-03	3.222616e-21	4.270977e-04	-1.067744e-05	5.076695e-03	7.189015e-05	1.427126e-03	1.448480e-03	7.189015e-05	-7.189015e-05	5.290243e-03	-4.863146e-03
235           	2.875622e-03	3.223263e-21	4.273094e-04	-1.068273e-05	5.076306e-03	7.189054e-05	1.427128e-03	1.448494e-03	7.189054e-05	-7.189054e-05	5.289961e-03	-4.862651e-03
236           	2.875640e-03	3.223535e-21	4.273877e-04	-1.068469e-05	5.076184e-03	7.189100e-05	1.427135e-03	1.448505e-03	7.189100e-05	-7.189100e-05	5.289878e-03	-4.862490e-03
237           	2.875656e-03	3.223444e-21	4.273451e-04	-1.068363e-05	5.076297e-03	7.189141e-05	1.427145e-03	1.448512e-03	7.189141e-05	-7.189141e-05	5.289970e-03	-4.862625e-03
238           	2.875672e-03	3.223087e-21	4.271854e-04	-1.067963e-05	5.076639e-03	7.189180e-05	1.427156e-03	1.448516e-03	7.189180e-05	-7.189180e-05	5.290232e-03	-4.863047e-03
239           	2.875672e-03	3.222505e-21	4.269314e-04	-1.067329e-05	5.077139e-03	7.189181e-05	1.427163e-03	1.448509e-03	7.189181e-05	-7.189181e-05	5.290605e-03	-4.863674e-03
240           	2.875664e-03	3.221877e-21	4.266903e-04	-1.066726e-05	5.077599e-03	7.189160e-05	1.427165e-03	1.448499e-03	7.189160e-05	-7.189160e-05	5.290944e-03	-4.864254e-03
241           	2.875645e-03	3.221412e-21	4.265620e-04	-1.066405e-05	5.077817e-03	7.189112e-05	1.427158e-03	1.448486e-03	7.189112e-05	-7.189112e-05	5.291098e-03	-4.864536e-03
242           	2.875628e-03	3.221356e-21	4.265506e-04	-1.066377e-05	5.077809e-03	7.189070e-05	1.427150e-03	1.448478e-03	7.189070e-05	-7.189070e-05	5.291085e-03	-4.864534e-03
243           	2.875613e-03	3.221564e-21	4.266425e-04	-1.066606e-05	5.077602e-03	7.189033e-05	1.427140e-03	1.448473e-03	7.189033e-05	-7.189033e-05	5.290923e-03	-4.864281e-03
244           	2.875609e-03	3.221999e-21	4.268432e-04	-1.067108e-05	5.077200e-03	7.189022e-05	1.427133e-03	1.448475e-03	7.189022e-05	-7.189022e-05	5.290621e-03	-4.863778e-03
245           	2.875615e-03	3.222576e-21	4.270670e-04	-1.067668e-05	5.076771e-03	7.189038e-05	1.427131e-03	1.448484e-03	7.189038e-05	-7.189038e-05	5.290305e-03	-4.863238e-03
246           	2.875628e-03	3.223041e-21	4.272175e-04	-1.068044e-05	5.076497e-03	7.189069e-05	1.427133e-03	1.448494e-03	7.189069e-05	-7.189069e-05	5.290106e-03	-4.862888e-03
247           	2.875641e-03	3.223222e-21	4.272695e-04	-1.068174e-05	5.076419e-03	7.189103e-05	1.427139e-03	1.448502e-03	7.189103e-05	-7.189103e-05	5.290054e-03	-4.862784e-03
248           	2.875653e-03	3.223141e-21	4.272323e-04	-1.068081e-05	5.076513e-03	7.189132e-05	1.427146e-03	1.448507e-03	7.189132e-05	-7.189132e-05	5.290129e-03	-4.862897e-03
249           	2.875664e-03	3.222868e-21	4.271090e-04	-1.067773e-05	5.076775e-03	7.189160e-05	1.427154e-03	1.448510e-03	7.189160e-05	-7.189160e-05	5.290330e-03	-4.863221e-03
250           	2.875663e-03	3.222434e-21	4.269192e-04	-1.067298e-05	5.077147e-03	7.189157e-05	1.427158e-03	1.448504e-03	7.189157e-05	-7.189157e-05	5.290606e-03	-4.863687e-03
251           	2.875655e-03	3.221979e-21	4.267478e-04	-1.066869e-05	5.077470e-03	7.189138e-05	1.427159e-03	1.448496e-03	7.189138e-05	-7.189138e-05	5.290844e-03	-4.864097e-03
252           	2.875642e-03	3.221672e-21	4.266600e-04	-1.066650e-05	5.077619e-03	7.189105e-05	1.427154e-03	1.448487e-03	7.189105e-05	-7.189105e-05	5.290949e-03	-4.864289e-03
253           	2.875630e-03	3.221643e-21	4.266552e-04	-1.066638e-05	5.077607e-03	7.189075e-05	1.427149e-03	1.448481e-03	7.189075e-05	-7.189075e-05	5.290935e-03	-4.864280e-03
254           	2.875619e-03	3.221802e-21	4.267263e-04	-1.066816e-05	5.077448e-03	7.189048e-05	1.427141e-03	1.448478e-03	7.189048e-05	-7.189048e-05	5.290811e-03	-4.864085e-03
255           	2.875616e-03	3.222126e-21	4.268759e-04	-1.067190e-05	5.077149e-03	7.189041e-05	1.427136e-03	1.448480e-03	7.189041e-05	-7.189041e-05	5.290587e-03	-4.863711e-03
256           	2.875621e-03	3.222552e-21	4.270458e-04	-1.067615e-05	5.076823e-03	7.189052e-05	1.427134e-03	1.448486e-03	7.189052e-05	-7.189052e-05	5.290346e-03	-4.863300e-03
257           	2.875632e-03	3.222917e-21	4.271541e-04	-1.067885e-05	5.076629e-03	7.189079e-05	1.427137e-03	1.448495e-03	7.189079e-05	-7.189079e-05	5.290206e-03	-4.863052e-03
258           	2.875642e-03	3.223027e-21	4.271856e-04	-1.067964e-05	5.076586e-03	7.189105e-05	1.427141e-03	1.448501e-03	7.189105e-05	-7.189105e-05	5.290178e-03	-4.862993e-03
259           	2.875650e-03	3.222946e-21	4.271514e-04	-1.067879e-05	5.076668e-03	7.189125e-05	1.427146e-03	1.448504e-03	7.189125e-05	-7.189125e-05	5.290243e-03	-4.863092e-03
260           	2.875658e-03	3.222723e-21	4.270531e-04	-1.067633e-05	5.076874e-03	7.189144e-05	1.427152e-03	1.448505e-03	7.189144e-05	-7.189144e-05	5.290401e-03	-4.863347e-03
261           	2.875656e-03	3.222381e-21	4.269094e-04	-1.067274e-05	5.077154e-03	7.189140e-05	1.427155e-03	1.448501e-03	7.189140e-05	-7.189140e-05	5.290608e-03	-4.863699e-03
262           	2.875650e-03	3.222044e-21	4.267856e-04	-1.066964e-05	5.077386e-03	7.189124e-05	1.427155e-03	1.448494e-03	7.189124e-05	-7.189124e-05	5.290779e-03	-4.863993e-03
263           	2.875640e-03	3.221832e-21	4.267252e-04	-1.066813e-05	5.077487e-03	7.189099e-05	1.427152e-03	1.448488e-03	7.189099e-05	-7.189099e-05	5.290849e-03	-4.864124e-03
264           	2.875631e-03	3.221822e-21	4.267266e-04	-1.066817e-05	5.077469e-03	7.189078e-05	1.427147e-03	1.448484e-03	7.189078e-05	-7.189078e-05	5.290832e-03	-4.864105e-03
265           	2.875623e-03	3.221950e-21	4.267849e-04	-1.066962e-05	5.077340e-03	7.189058e-05	1.427142e-03	1.448481e-03	7.189058e-05	-7.189058e-05	5.290733e-03	-4.863948e-03
266           	2.875622e-03	3.222201e-21	4.269003e-04	-1.067251e-05	5.077111e-03	7.189054e-05	1.427138e-03	1.448483e-03	7.189054e-05	-7.189054e-05	5.290561e-03	-4.863660e-03
267           	2.875625e-03	3.222520e-21	4.270252e-04	-1.067563e-05	5.076872e-03	7.189063e-05	1.427137e-03	1.448488e-03	7.189063e-05	-7.189063e-05	5.290384e-03	-4.863359e-03
268           	2.875633e-03	3.222776e-21	4.271022e-04	-1.067756e-05	5.076735e-03	7.189084e-05	1.427139e-03	1.448494e-03	7.189084e-05	-7.189084e-05	5.290286e-03	-4.863184e-03
269           	2.875641e-03	3.222848e-21	4.271221e-04	-1.067805e-05	5.076709e-03	7.189103e-05	1.427143e-03	1.448499e-03	7.189103e-05	-7.189103e-05	5.290270e-03	-4.863148e-03
270           	2.875648e-03	3.222782e-21	4.270931e-04	-1.067733e-05	5.076779e-03	7.189121e-05	1.427147e-03	1.448502e-03	7.189121e-05	-7.189121e-05	5.290325e-03	-4.863232e-03
271           	2.875652e-03	3.222602e-21	4.270107e-04	-1.067527e-05	5.076948e-03	7.189131e-05	1.427151e-03	1.448501e-03	7.189131e-05	-7.189131e-05	5.290453e-03	-4.863442e-03
272           	2.875652e-03	3.222341e-21	4.269012e-04	-1.067253e-05	5.077162e-03	7.189129e-05	1.427153e-03	1.448498e-03	7.189129e-05	-7.189129e-05	5.290612e-03	-4.863711e-03
273           	2.875647e-03	3.222087e-21	4.268121e-04	-1.067030e-05	5.077329e-03	7.189117e-05	1.427153e-03	1.448494e-03	7.189117e-05	-7.189117e-05	5.290735e-03	-4.863923e-03
274           	2.875639e-03	3.221944e-21	4.267723e-04	-1.066931e-05	5.077394e-03	7.189098e-05	1.427150e-03	1.448489e-03	7.189098e-05	-7.189098e-05	5.290780e-03	-4.864008e-03
275           	2.875633e-03	3.221951e-21	4.267784e-04	-1.066946e-05	5.077370e-03	7.189082e-05	1.427147e-03	1.448486e-03	7.189082e-05	-7.189082e-05	5.290759e-03	-4.863981e-03
276           	2.875627e-03	3.222059e-21	4.268274e-04	-1.067068e-05	5.077263e-03	7.189067e-05	1.427143e-03	1.448484e-03	7.189067e-05	-7.189067e-05	5.290676e-03	-4.863849e-03
277           	2.875626e-03	3.222261e-21	4.269175e-04	-1.067294e-05	5.077084e-03	7.189064e-05	1.427140e-03	1.448486e-03	7.189064e-05	-7.189064e-05	5.290542e-03	-4.863625e-03
278           	2.875629e-03	3.222508e-21	4.270104e-04	-1.067526e-05	5.076906e-03	7.189071e-05	1.427139e-03	1.448490e-03	7.189071e-05	-7.189071e-05	5.290411e-03	-4.863401e-03
279           	2.875635e-03	3.222694e-21	4.270643e-04	-1.067661e-05	5.076812e-03	7.189088e-05	1.427141e-03	1.448494e-03	7.189088e-05	-7.189088e-05	5.290344e-03	-4.863280e-03
280           	2.875641e-03	3.222735e-21	4.270752e-04	-1.067688e-05	5.076801e-03	7.189103e-05	1.427144e-03	1.448497e-03	7.189103e-05	-7.189103e-05	5.290339e-03	-4.863264e-03
281           	2.875646e-03	3.222673e-21	4.270492e-04	-1.067623e-05	5.076861e-03	7.189115e-05	1.427147e-03	1.448499e-03	7.189115e-05	-7.189115e-05	5.290386e-03	-4.863336e-03
282           	2.875649e-03	3.222525e-21	4.269836e-04	-1.067459e-05	5.076994e-03	7.189121e-05	1.427150e-03	1.448499e-03	7.189121e-05	-7.189121e-05	5.290486e-03	-4.863502e-03
283           	2.875647e-03	3.222321e-21	4.269013e-04	-1.067253e-05	5.077154e-03	7.189119e-05	1.427151e-03	1.448496e-03	7.189119e-05	-7.189119e-05	5.290605e-03	-4.863704e-03
284           	2.875644e-03	3.222137e-21	4.268377e-04	-1.067094e-05	5.077273e-03	7.189109e-05	1.427151e-03	1.448493e-03	7.189109e-05	-7.189109e-05	5.290692e-03	-4.863854e-03
285           	2.875638e-03	3.222043e-21	4.268110e-04	-1.067027e-05	5.077316e-03	7.189096e-05	1.427149e-03	1.448489e-03	7.189096e-05	-7.189096e-05	5.290721e-03	-4.863910e-03
286           	2.875634e-03	3.222056e-21	4.268185e-04	-1.067046e-05	5.077293e-03	7.189084e-05	1.427146e-03	1.448487e-03	7.189084e-05	-7.189084e-05	5.290702e-03	-4.863883e-03
287           	2.875629e-03	3.222143e-21	4.268581e-04	-1.067145e-05	5.077207e-03	7.189074e-05	1.427143e-03	1.448486e-03	7.189074e-05	-7.189074e-05	5.290636e-03	-4.863778e-03
288           	2.875629e-03	3.222299e-21	4.269273e-04	-1.067318e-05	5.077070e-03	7.189072e-05	1.427141e-03	1.448488e-03	7.189072e-05	-7.189072e-05	5.290534e-03	-4.863607e-03
289           	2.875631e-03	3.222485e-21	4.269956e-04	-1.067489e-05	5.076940e-03	7.189079e-05	1.427141e-03	1.448491e-03	7.189079e-05	-7.189079e-05	5.290438e-03	-4.863443e-03
290           	2.875637e-03	3.222617e-21	4.270334e-04	-1.067584e-05	5.076875e-03	7.189091e-05	1.427142e-03	1.448494e-03	7.189091e-05	-7.189091e-05	5.290392e-03	-4.863358e-03
291           	2.875641e-03	3.222638e-21	4.270393e-04	-1.067598e-05	5.076871e-03	7.189102e-05	1.427144e-03	1.448496e-03	7.189102e-05	-7.189102e-05	5.290391e-03	-4.863351e-03
292           	2.875645e-03	3.222587e-21	4.270177e-04	-1.067544e-05	5.076920e-03	7.189111e-05	1.427147e-03	1.448498e-03	7.189111e-05	-7.189111e-05	5.290429e-03	-4.863411e-03
293           	2.875646e-03	3.222471e-21	4.269668e-04	-1.067417e-05	5.077023e-03	7.189115e-05	1.427149e-03	1.448497e-03	7.189115e-05	-7.189115e-05	5.290506e-03	-4.863539e-03
294           	2.875645e-03	3.222316e-21	4.269052e-04	-1.067263e-05	5.077142e-03	7.189112e-05	1.427150e-03	1.448495e-03	7.189112e-05	-7.189112e-05	5.290594e-03	-4.863689e-03
295           	2.875642e-03	3.222182e-21	4.268592e-04	-1.067148e-05	5.077227e-03	7.189105e-05	1.427149e-03	1.448492e-03	7.189105e-05	-7.189105e-05	5.290657e-03	-4.863797e-03
296           	2.875638e-03	3.222118e-21	4.268410e-04	-1.067103e-05	5.077256e-03	7.189095e-05	1.427148e-03	1.448490e-03	7.189095e-05	-7.189095e-05	5.290676e-03	-4.863835e-03
297           	2.875635e-03	3.222133e-21	4.268484e-04	-1.067121e-05	5.077235e-03	7.189087e-05	1.427146e-03	1.448489e-03	7.189087e-05	-7.189087e-05	5.290660e-03	-4.863811e-03
298           	2.875632e-03	3.222203e-21	4.268795e-04	-1.067199e-05	5.077169e-03	7.189079e-05	1.427144e-03	1.448488e-03	7.189079e-05	-7.189079e-05	5.290608e-03	-4.863729e-03
299           	2.875631e-03	3.222320e-21	4.269306e-04	-1.067326e-05	5.077068e-03	7.189079e-05	1.427142e-03	1.448489e-03	7.189079e-05	-7.189079e-05	5.290533e-03	-4.863603e-03
300           	2.875633e-03	3.222448e-21	4.269805e-04	-1.067451e-05	5.076972e-03	7.189082e-05	1.427142e-03	1.448491e-03	7.189082e-05	-7.189082e-05	5.290463e-03	-4.863482e-03
301           	2.875637e-03	3.222548e-21	4.270081e-04	-1.067520e-05	5.076925e-03	7.189092e-05	1.427143e-03	1.448494e-03	7.189092e-05	-7.189092e-05	5.290429e-03	-4.863421e-03
302           	2.875640e-03	3.222564e-21	4.270117e-04	-1.067529e-05	5.076924e-03	7.189100e-05	1.427145e-03	1.448495e-03	7.189100e-05	-7.189100e-05	5.290430e-03	-4.863418e-03
303           	2.875643e-03	3.222525e-21	4.269950e-04	-1.067488e-05	5.076962e-03	7.189107e-05	1.427147e-03	1.448496e-03	7.189107e-05	-7.189107e-05	5.290459e-03	-4.863464e-03
304           	2.875644e-03	3.222440e-21	4.269560e-04	-1.067390e-05	5.077041e-03	7.189110e-05	1.427148e-03	1.448496e-03	7.189110e-05	-7.189110e-05	5.290519e-03	-4.863563e-03
305           	2.875643e-03	3.222324e-21	4.269100e-04	-1.067275e-05	5.077129e-03	7.189108e-05	1.427149e-03	1.448494e-03	7.189108e-05	-7.189108e-05	5.290584e-03	-4.863674e-03
306           	2.875641e-03	3.222226e-21	4.268774e-04	-1.067194e-05	5.077189e-03	7.189102e-05	1.427148e-03	1.448492e-03	7.189102e-05	-7.189102e-05	5.290628e-03	-4.863751e-03
307           	2.875638e-03	3.222183e-21	4.268650e-04	-1.067162e-05	5.077209e-03	7.189095e-05	1.427147e-03	1.448491e-03	7.189095e-05	-7.189095e-05	5.290641e-03	-4.863776e-03
308           	2.875636e-03	3.222196e-21	4.268709e-04	-1.067177e-05	5.077193e-03	7.189089e-05	1.427146e-03	1.448490e-03	7.189089e-05	-7.189089e-05	5.290628e-03	-4.863757e-03
309           	2.875633e-03	3.222249e-21	4.268945e-04	-1.067236e-05	5.077142e-03	7.189083e-05	1.427144e-03	1.448489e-03	7.189083e-05	-7.189083e-05	5.290589e-03	-4.863695e-03
310           	2.875633e-03	3.222336e-21	4.269327e-04	-1.067332e-05	5.077067e-03	7.189083e-05	1.427143e-03	1.448490e-03	7.189083e-05	-7.189083e-05	5.290533e-03	-4.863601e-03
311           	2.875634e-03	3.222432e-21	4.269694e-04	-1.067423e-05	5.076997e-03	7.189086e-05	1.427143e-03	1.448491e-03	7.189086e-05	-7.189086e-05	5.290481e-03	-4.863512e-03
312           	2.875637e-03	3.222503e-21	4.269893e-04	-1.067473e-05	5.076963e-03	7.189093e-05	1.427144e-03	1.448493e-03	7.189093e-05	-7.189093e-05	5.290457e-03	-4.863468e-03
313           	2.875640e-03	3.222513e-21	4.269915e-04	-1.067479e-05	5.076963e-03	7.189099e-05	1.427145e-03	1.448495e-03	7.189099e-05	-7.189099e-05	5.290459e-03	-4.863467e-03
314           	2.875642e-03	3.222483e-21	4.269787e-04	-1.067447e-05	5.076992e-03	7.189104e-05	1.427146e-03	1.448495e-03	7.189104e-05	-7.189104e-05	5.290481e-03	-4.863503e-03
315           	2.875643e-03	3.222418e-21	4.269493e-04	-1.067373e-05	5.077051e-03	7.189107e-05	1.427148e-03	1.448495e-03	7.189107e-05	-7.189107e-05	5.290526e-03	-4.863576e-03
316           	2.875642e-03	3.222332e-21	4.269153e-04	-1.067288e-05	5.077117e-03	7.189105e-05	1.427148e-03	1.448494e-03	7.189105e-05	-7.189105e-05	5.290574e-03	-4.863659e-03
317           	2.875640e-03	3.222259e-21	4.268915e-04	-1.067229e-05	5.077160e-03	7.189100e-05	1.427148e-03	1.448492e-03	7.189100e-05	-7.189100e-05	5.290606e-03	-4.863715e-03
318           	2.875638e-03	3.222229e-21	4.268827e-04	-1.067207e-05	5.077174e-03	7.189095e-05	1.427147e-03	1.448491e-03	7.189095e-05	-7.189095e-05	5.290615e-03	-4.863733e-03
319           	2.875636e-03	3.222239e-21	4.268875e-04	-1.067219e-05	5.077161e-03	7.189090e-05	1.427146e-03	1.448490e-03	7.189090e-05	-7.189090e-05	5.290605e-03	-4.863718e-03
320           	2.875634e-03	3.222279e-21	4.269053e-04	-1.067263e-05	5.077123e-03	7.189086e-05	1.427145e-03	1.448490e-03	7.189086e-05	-7.189086e-05	5.290576e-03	-4.863670e-03
321           	2.875634e-03	3.222344e-21	4.269337e-04	-1.067334e-05	5.077067e-03	7.189086e-05	1.427144e-03	1.448491e-03	7.189086e-05	-7.189086e-05	5.290534e-03	-4.863600e-03
322           	2.875635e-03	3.222414e-21	4.269607e-04	-1.067402e-05	5.077016e-03	7.189088e-05	1.427144e-03	1.448492e-03	7.189088e-05	-7.189088e-05	5.290496e-03	-4.863535e-03
323           	2.875637e-03	3.222466e-21	4.269751e-04	-1.067438e-05	5.076991e-03	7.189094e-05	1.427144e-03	1.448493e-03	7.189094e-05	-7.189094e-05	5.290479e-03	-4.863504e-03
324           	2.875639e-03	3.222473e-21	4.269764e-04	-1.067441e-05	5.076992e-03	7.189098e-05	1.427145e-03	1.448494e-03	7.189098e-05	-7.189098e-05	5.290480e-03	-4.863504e-03
325           	2.875641e-03	3.222450e-21	4.269662e-04	-1.067415e-05	5.077015e-03	7.189102e-05	1.427146e-03	1.448495e-03	7.189102e-05	-7.189102e-05	5.290498e-03	-4.863532e-03
326           	2.875641e-03	3.222401e-21	4.269438e-04	-1.067359e-05	5.077060e-03	7.189104e-05	1.427147e-03	1.448494e-03	7.189104e-05	-7.189104e-05	5.290532e-03	-4.863588e-03
327           	2.875641e-03	3.222336e-21	4.269187e-04	-1.067297e-05	5.077108e-03	7.189102e-05	1.427147e-03	1.448493e-03	7.189102e-05	-7.189102e-05	5.290567e-03	-4.863649e-03
328           	2.875639e-03	3.222284e-21	4.269018e-04	-1.067255e-05	5.077139e-03	7.189098e-05	1.427147e-03	1.448492e-03	7.189098e-05	-7.189098e-05	5.290590e-03	-4.863688e-03
329           	2.875638e-03	3.222264e-21	4.268960e-04	-1.067240e-05	5.077148e-03	7.189095e-05	1.427147e-03	1.448491e-03	7.189095e-05	-7.189095e-05	5.290596e-03	-4.863700e-03
330           	2.875637e-03	3.222273e-21	4.269001e-04	-1.067250e-05	5.077137e-03	7.189091e-05	1.427146e-03	1.448491e-03	7.189091e-05	-7.189091e-05	5.290587e-03	-4.863687e-03
331           	2.875635e-03	3.222303e-21	4.269139e-04	-1.067285e-05	5.077108e-03	7.189088e-05	1.427145e-03	1.448491e-03	7.189088e-05	-7.189088e-05	5.290565e-03	-4.863651e-03
332           	2.875635e-03	3.222352e-21	4.269351e-04	-1.067338e-05	5.077066e-03	7.189089e-05	1.427144e-03	1.448491e-03	7.189089e-05	-7.189089e-05	5.290534e-03	-4.863599e-03
333           	2.875636e-03	3.222403e-21	4.269543e-04	-1.067386e-05	5.077030e-03	7.189091e-05	1.427144e-03	1.448492e-03	7.189091e-05	-7.189091e-05	5.290507e-03	-4.863553e-03
334           	2.875638e-03	3.222437e-21	4.269641e-04	-1.067410e-05	5.077013e-03	7.189094e-05	1.427145e-03	1.448493e-03	7.189094e-05	-7.189094e-05	5.290495e-03	-4.863531e-03
335           	2.875639e-03	3.222441e-21	4.269647e-04	-1.067412e-05	5.077015e-03	7.189098e-05	1.427145e-03	1.448494e-03	7.189098e-05	-7.189098e-05	5.290497e-03	-4.863532e-03
336           	2.875640e-03	3.222423e-21	4.269568e-04	-1.067392e-05	5.077032e-03	7.189101e-05	1.427146e-03	1.448494e-03	7.189101e-05	-7.189101e-05	5.290511e-03	-4.863554e-03
337           	2.875641e-03	3.222387e-21	4.269400e-04	-1.067350e-05	5.077066e-03	7.189102e-05	1.427147e-03	1.448494e-03	7.189102e-05	-7.189102e-05	5.290536e-03	-4.863596e-03
338           	2.875640e-03	3.222339e-21	4.269210e-04	-1.067303e-05	5.077102e-03	7.189100e-05	1.427147e-03	1.448493e-03	7.189100e-05	-7.189100e-05	5.290563e-03	-4.863642e-03
339           	2.875639e-03	3.222298e-21	4.269089e-04	-1.067272e-05	5.077124e-03	7.189097e-05	1.427147e-03	1.448492e-03	7.189097e-05	-7.189097e-05	5.290578e-03	-4.863670e-03
340           	2.875638e-03	3.222286e-21	4.269053e-04	-1.067263e-05	5.077129e-03	7.189094e-05	1.427146e-03	1.448492e-03	7.189094e-05	-7.189094e-05	5.290582e-03	-4.863676e-03
341           	2.875637e-03	3.222295e-21	4.269091e-04	-1.067273e-05	5.077120e-03	7.189092e-05	1.427146e-03	1.448491e-03	7.189092e-05	-7.189092e-05	5.290574e-03	-4.863665e-03
342           	2.875636e-03	3.222320e-21	4.269201e-04	-1.067300e-05	5.077097e-03	7.189090e-05	1.427145e-03	1.448491e-03	7.189090e-05	-7.189090e-05	5.290557e-03	-4.863637e-03
343           	2.875636e-03	3.222358e-21	4.269362e-04	-1.067340e-05	5.077065e-03	7.189090e-05	1.427145e-03	1.448491e-03	7.189090e-05	-7.189090e-05	5.290534e-03	-4.863597e-03
344           	2.875637e-03	3.222396e-21	4.269501e-04	-1.067375e-05	5.077039e-03	7.189092e-05	1.427145e-03	1.448492e-03	7.189092e-05	-7.189092e-05	5.290514e-03	-4.863564e-03
345           	2.875638e-03	3.222420e-21	4.269568e-04	-1.067392e-05	5.077028e-03	7.189095e-05	1.427145e-03	1.448493e-03	7.189095e-05	-7.189095e-05	5.290507e-03	-4.863550e-03
346           	2.875639e-03	3.222421e-21	4.269567e-04	-1.067392e-05	5.077030e-03	7.189097e-05	1.427146e-03	1.448493e-03	7.189097e-05	-7.189097e-05	5.290508e-03	-4.863552e-03
347           	2.875640e-03	3.222407e-21	4.269502e-04	-1.067375e-05	5.077044e-03	7.189100e-05	1.427146e-03	1.448494e-03	7.189100e-05	-7.189100e-05	5.290520e-03	-4.863569e-03
348           	2.875640e-03	3.222379e-21	4.269373e-04	-1.067343e-05	5.077070e-03	7.189100e-05	1.427147e-03	1.448493e-03	7.189100e-05	-7.189100e-05	5.290539e-03	-4.863602e-03
349           	2.875640e-03	3.222343e-21	4.269233e-04	-1.067308e-05	5.077097e-03	7.189099e-05	1.427147e-03	1.448493e-03	7.189099e-05	-7.189099e-05	5.290559e-03	-4.863635e-03
350           	2.875639e-03	3.222314e-21	4.269146e-04	-1.067287e-05	5.077112e-03	7.189097e-05	1.427146e-03	1.448492e-03	7.189097e-05	-7.189097e-05	5.290570e-03	-4.863655e-03
351           	2.875638e-03	3.222306e-21	4.269124e-04	-1.067281e-05	5.077115e-03	7.189095e-05	1.427146e-03	1.448492e-03	7.189095e-05	-7.189095e-05	5.290571e-03	-4.863659e-03
352           	2.875637e-03	3.222313e-21	4.269156e-04	-1.067289e-05	5.077107e-03	7.189093e-05	1.427146e-03	1.448491e-03	7.189093e-05	-7.189093e-05	5.290565e-03	-4.863650e-03
353           	2.875637e-03	3.222334e-21	4.269249e-04	-1.067312e-05	5.077088e-03	7.189091e-05	1.427145e-03	1.448491e-03	7.189091e-05	-7.189091e-05	5.290551e-03	-4.863626e-03
354           	2.875637e-03	3.222363e-21	4.269371e-04	-1.067343e-05	5.077064e-03	7.189092e-05	1.427145e-03	1.448492e-03	7.189092e-05	-7.189092e-05	5.290533e-03	-4.863596e-03
355           	2.875637e-03	3.222391e-21	4.269471e-04	-1.067368e-05	5.077046e-03	7.189093e-05	1.427145e-03	1.448492e-03	7.189093e-05	-7.189093e-05	5.290519e-03	-4.863572e-03
356           	2.875638e-03	3.222407e-21	4.269516e-04	-1.067379e-05	5.077039e-03	7.189095e-05	1.427145e-03	1.448493e-03	7.189095e-05	-7.189095e-05	5.290514e-03	-4.863563e-03
357           	2.875639e-03	3.222407e-21	4.269509e-04	-1.067377e-05	5.077041e-03	7.189097e-05	1.427146e-03	1.448493e-03	7.189097e-05	-7.189097e-05	5.290517e-03	-4.863566e-03
358           	2.875639e-03	3.222394e-21	4.269454e-04	-1.067363e-05	5.077053e-03	7.189099e-05	1.427146e-03	1.448493e-03	7.189099e-05	-7.189099e-05	5.290526e-03	-4.863580e-03
359           	2.875640e-03	3.222372e-21	4.269353e-04	-1.067338e-05	5.077073e-03	7.189099e-05	1.427146e-03	1.448493e-03	7.189099e-05	-7.189099e-05	5.290541e-03	-4.863606e-03
360           	2.875639e-03	3.222344e-21	4.269249e-04	-1.067312e-05	5.077093e-03	7.189098e-05	1.427146e-03	1.448493e-03	7.189098e-05	-7.189098e-05	5.290556e-03	-4.863631e-03
361           	2.875638e-03	3.222323e-21	4.269189e-04	-1.067297e-05	5.077104e-03	7.189096e-05	1.427146e-03	1.448492e-03	7.189096e-05	-7.189096e-05	5.290563e-03	-4.863644e-03
362           	2.875638e-03	3.222319e-21	4.269177e-04	-1.067294e-05	5.077105e-03	7.189095e-05	1.427146e-03	1.448492e-03	7.189095e-05	-7.189095e-05	5.290564e-03	-4.863646e-03
363           	2.875637e-03	3.222326e-21	4.269206e-04	-1.067301e-05	5.077098e-03	7.189093e-05	1.427146e-03	1.448492e-03	7.189093e-05	-7.189093e-05	5.290558e-03	-4.863638e-03
364           	2.875637e-03	3.222342e-21	4.269279e-04	-1.067320e-05	5.077083e-03	7.189092e-05	1.427145e-03	1.448492e-03	7.189092e-05	-7.189092e-05	5.290547e-03	-4.863619e-03
365           	2.875637e-03	3.222365e-21	4.269371e-04	-1.067343e-05	5.077065e-03	7.189093e-05	1.427145e-03	1.448492e-03	7.189093e-05	-7.189093e-05	5.290534e-03	-4.863597e-03
366           	2.875638e-03	3.222386e-21	4.269442e-04	-1.067361e-05	5.077052e-03	7.189094e-05	1.427145e-03	1.448492e-03	7.189094e-05	-7.189094e-05	5.290524e-03	-4.863580e-03
367           	2.875638e-03	3.222396e-21	4.269472e-04	-1.067368e-05	5.077047e-03	7.189095e-05	1.427145e-03	1.448493e-03	7.189095e-05	-7.189095e-05	5.290521e-03	-4.863574e-03
368           	2.875639e-03	3.222395e-21	4.269464e-04	-1.067366e-05	5.077050e-03	7.189097e-05	1.427146e-03	1.448493e-03	7.189097e-05	-7.189097e-05	5.290523e-03	-4.863577e-03
369           	2.875639e-03	3.222385e-21	4.269420e-04	-1.067355e-05	5.077059e-03	7.189098e-05	1.427146e-03	1.448493e-03	7.189098e-05	-7.189098e-05	5.290530e-03	-4.863588e-03
370           	2.875639e-03	3.222368e-21	4.269342e-04	-1.067336e-05	5.077075e-03	7.189098e-05	1.427146e-03	1.448493e-03	7.189098e-05	-7.189098e-05	5.290542e-03	-4.863608e-03
371           	2.875639e-03	3.222347e-21	4.269266e-04	-1.067316e-05	5.077089e-03	7.189097e-05	1.427146e-03	1.448493e-03	7.189097e-05	-7.189097e-05	5.290553e-03	-4.863626e-03
372           	2.875638e-03	3.222332e-21	4.269223e-04	-1.067306e-05	5.077097e-03	7.189096e-05	1.427146e-03	1.448492e-03	7.189096e-05	-7.189096e-05	5.290558e-03	-4.863635e-03
373           	2.875638e-03	3.222330e-21	4.269217e-04	-1.067304e-05	5.077097e-03	7.189095e-05	1.427146e-03	1.448492e-03	7.189095e-05	-7.189095e-05	5.290558e-03	-4.863636e-03
374           	2.875637e-03	3.222335e-21	4.269241e-04	-1.067310e-05	5.077092e-03	7.189094e-05	1.427146e-03	1.448492e-03	7.189094e-05	-7.189094e-05	5.290554e-03	-4.863630e-03
375           	2.875637e-03	3.222348e-21	4.269298e-04	-1.067324e-05	5.077080e-03	7.189093e-05	1.427145e-03	1.448492e-03	7.189093e-05	-7.189093e-05	5.290545e-03	-4.863615e-03
376           	2.875637e-03	3.222366e-21	4.269367e-04	-1.067342e-05	5.077067e-03	7.189093e-05	1.427145e-03	1.448492e-03	7.189093e-05	-7.189093e-05	5.290535e-03	-4.863598e-03
377           	2.875638e-03	3.222381e-21	4.269418e-04	-1.067355e-05	5.077057e-03	7.189094e-05	1.427145e-03	1.448492e-03	7.189094e-05	-7.189094e-05	5.290528e-03	-4.863586e-03
378           	2.875638e-03	3.222388e-21	4.269439e-04	-1.067360e-05	5.077054e-03	7.189095e-05	1.427145e-03	1.448493e-03	7.189095e-05	-7.189095e-05	5.290526e-03	-4.863582e-03
379           	2.875639e-03	3.222386e-21	4.269430e-04	-1.067358e-05	5.077056e-03	7.189096e-05	1.427146e-03	1.448493e-03	7.189096e-05	-7.189096e-05	5.290528e-03	-4.863585e-03
380           	2.875639e-03	3.222378e-21	4.269395e-04	-1.067349e-05	5.077064e-03	7.189097e-05	1.427146e-03	1.448493e-03	7.189097e-05	-7.189097e-05	5.290533e-03	-4.863594e-03
381           	2.875639e-03	3.222365e-21	4.269338e-04	-1.067335e-05	5.077075e-03	7.189097e-05	1.427146e-03	1.448493e-03	7.189097e-05	-7.189097e-05	5.290542e-03	-4.863608e-03
382           	2.875639e-03	3.222351e-21	4.269282e-04	-1.067321e-05	5.077086e-03	7.189097e-05	1.427146e-03	1.448493e-03	7.189097e-05	-7.189097e-05	5.290550e-03	-4.863622e-03
383           	2.875638e-03	3.222340e-21	4.269252e-04	-1.067313e-05	5.077091e-03	7.189096e-05	1.427146e-03	1.448492e-03	7.189096e-05	-7.189096e-05	5.290554e-03	-4.863628e-03
384           	2.875638e-03	3.222338e-21	4.269247e-04	-1.067312e-05	5.077091e-03	7.189095e-05	1.427146e-03	1.448492e-03	7.189095e-05	-7.189095e-05	5.290553e-03	-4.863629e-03
385           	2.875638e-03	3.222342e-21	4.269266e-04	-1.067317e-05	5.077087e-03	7.189094e-05	1.427146e-03	1.448492e-03	7.189094e-05	-7.189094e-05	5.290550e-03	-4.863624e-03
386           	2.875637e-03	3.222352e-21	4.269310e-04	-1.067327e-05	5.077078e-03	7.189094e-05	1.427145e-03	1.448492e-03	7.189094e-05	-7.189094e-05	5.290544e-03	-4.863613e-03
387           	2.875638e-03	3.222365e-21	4.269361e-04	-1.067340e-05	5.077068e-03	7.189094e-05	1.427145e-03	1.448492e-03	7.189094e-05	-7.189094e-05	5.290536e-03	-4.863600e-03
388           	2.875638e-03	3.222376e-21	4.269398e-04	-1.067349e-05	5.077061e-03	7.189095e-05	1.427145e-03	1.448492e-03	7.189095e-05	-7.189095e-05	5.290531e-03	-4.863592e-03
389           	2.875638e-03	3.222381e-21	4.269412e-04	-1.067353e-05	5.077059e-03	7.189095e-05	1.427146e-03	1.448493e-03	7.189095e-05	-7.189095e-05	5.290530e-03	-4.863589e-03
390           	2.875638e-03	3.222379e-21	4.269405e-04	-1.067351e-05	5.077061e-03	7.189096e-05	1.427146e-03	1.448493e-03	7.189096e-05	-7.189096e-05	5.290531e-03	-4.863591e-03
391           	2.875639e-03	3.222373e-21	4.269379e-04	-1.067345e-05	5.077067e-03	7.189097e-05	1.427146e-03	1.448493e-03	7.189097e-05	-7.189097e-05	5.290536e-03	-4.863598e-03
392           	2.875639e-03	3.222363e-21	4.269336e-04	-1.067334e-05	5.077075e-03	7.189097e-05	1.427146e-03	1.448493e-03	7.189097e-05	-7.189097e-05	5.290542e-03	-4.863608e-03
393           	2.875639e-03	3.222353e-21	4.269295e-04	-1.067324e-05	5.077083e-03	7.189096e-05	1.427146e-03	1.448493e-03	7.189096e-05	-7.189096e-05	5.290548e-03	-4.863618e-03
394           	2.875638e-03	3.222345e-21	4.269273e-04	-1.067318e-05	5.077087e-03	7.189096e-05	1.427146e-03	1.448492e-03	7.189096e-05	-7.189096e-05	5.290550e-03	-4.863623e-03
395           	2.875638e-03	3.222344e-21	4.269270e-04	-1.067318e-05	5.077087e-03	7.189095e-05	1.427146e-03	1.448492e-03	7.189095e-05	-7.189095e-05	5.290550e-03	-4.863623e-03
396           	2.875638e-03	3.222347e-21	4.269284e-04	-1.067321e-05	5.077084e-03	7.189094e-05	1.427146e-03	1.448492e-03	7.189094e-05	-7.189094e-05	5.290548e-03	-4.863619e-03
397           	2.875638e-03	3.222354e-21	4.269317e-04	-1.067329e-05	5.077077e-03	7.189094e-05	1.427146e-03	1.448492e-03	7.189094e-05	-7.189094e-05	5.290543e-03	-4.863611e-03
398           	2.875638e-03	3.222364e-21	4.269355e-04	-1.067339e-05	5.077070e-03	7.189094e-05	1.427145e-03	1.448492e-03	7.189094e-05	-7.189094e-05	5.290537e-03	-4.863602e-03
399           	2.875638e-03	3.222372e-21	4.269382e-04	-1.067345e-05	5.077065e-03	7.189095e-05	1.427146e-03	1.448492e-03	7.189095e-05	-7.189095e-05	5.290534e-03	-4.863596e-03
400           	2.875638e-03	3.222375e-21	4.269392e-04	-1.067348e-05	5.077063e-03	7.189095e-05	1.427146e-03	1.448493e-03	7.189095e-05	-7.189095e-05	5.290533e-03	-4.863594e-03
401           	2.875638e-03	3.222374e-21	4.269387e-04	-1.067347e-05	5.077065e-03	7.189096e-05	1.427146e-03	1.448493e-03	7.189096e-05	-7.189096e-05	5.290534e-03	-4.863595e-03
402           	2.875639e-03	3.222370e-21	4.269367e-04	-1.067342e-05	5.077069e-03	7.189096e-05	1.427146e-03	1.448493e-03	7.189096e-05	-7.189096e-05	5.290537e-03	-4.863600e-03
403           	2.875639e-03	3.222363e-21	4.269335e-04	-1.067334e-05	5.077075e-03	7.189096e-05	1.427146e-03	1.448493e-03	7.189096e-05	-7.189096e-05	5.290542e-03	-4.863608e-03
404           	2.875638e-03	3.222355e-21	4.269305e-04	-1.067326e-05	5.077081e-03	7.189096e-05	1.427146e-03	1.448492e-03	7.189096e-05	-7.189096e-05	5.290546e-03	-4.863616e-03
405           	2.875638e-03	3.222349e-21	4.269288e-04	-1.067322e-05	5.077084e-03	7.189096e-05	1.427146e-03	1.448492e-03	7.189096e-05	-7.189096e-05	5.290548e-03	-4.863619e-03
406           	2.875638e-03	3.222348e-21	4.269287e-04	-1.067322e-05	5.077083e-03	7.189095e-05	1.427146e-03	1.448492e-03	7.189095e-05	-7.189095e-05	5.290548e-03	-4.863619e-03
407           	2.875638e-03	3.222351e-21	4.269298e-04	-1.067325e-05	5.077081e-03	7.189095e-05	1.427146e-03	1.448492e-03	7.189095e-05	-7.189095e-05	5.290546e-03	-4.863616e-03
408           	2.875638e-03	3.222356e-21	4.269323e-04	-1.067331e-05	5.077076e-03	7.189094e-05	1.427146e-03	1.448492e-03	7.189094e-05	-7.189094e-05	5.290542e-03	-4.863610e-03
409           	2.875638e-03	3.222363e-21	4.269352e-04	-1.067338e-05	5.077070e-03	7.189095e-05	1.427146e-03	1.448492e-03	7.189095e-05	-7.189095e-05	5.290538e-03	-4.863603e-03
410           	2.875638e-03	3.222369e-21	4.269370e-04	-1.067343e-05	5.077067e-03	7.189095e-05	1.427146e-03	1.448492e-03	7.189095e-05	-7.189095e-05	5.290536e-03	-4.863599e-03
411           	2.875638e-03	3.222371e-21	4.269377e-04	-1.067344e-05	5.077066e-03	7.189095e-05	1.427146e-03	1.448493e-03	7.189095e-05	-7.189095e-05	5.290535e-03	-4.863597e-03
412           	2.875638e-03	3.222370e-21	4.269372e-04	-1.067343e-05	5.077067e-03	7.189096e-05	1.427146e-03	1.448493e-03	7.189096e-05	-7.189096e-05	5.290536e-03	-4.863599e-03
413           	2.875638e-03	3.222367e-21	4.269357e-04	-1.067339e-05	5.077071e-03	7.189096e-05	1.427146e-03	1.448493e-03	7.189096e-05	-7.189096e-05	5.290538e-03	-4.863603e-03
414           	2.875638e-03	3.222362e-21	4.269333e-04	-1.067333e-05	5.077075e-03	7.189096e-05	1.427146e-03	1.448493e-03	7.189096e-05	-7.189096e-05	5.290542e-03	-4.863609e-03
415           	2.875638e-03	3.222356e-21	4.269312e-04	-1.067328e-05	5.077079e-03	7.189096e-05	1.427146e-03	1.448492e-03	7.189096e-05	-7.189096e-05	5.290545e-03	-4.863614e-03
416           	2.875638e-03	3.222352e-21	4.269301e-04	-1.067325e-05	5.077081e-03	7.189095e-05	1.427146e-03	1.448492e-03	7.189095e-05	-7.189095e-05	5.290546e-03	-4.863616e-03
417           	2.875638e-03	3.222352e-21	4.269300e-04	-1.067325e-05	5.077081e-03	7.189095e-05	1.427146e-03	1.448492e-03	7.189095e-05	-7.189095e-05	5.290546e-03	-4.863616e-03
