# Force coefficients
# dragDir     : (1.000000e+00 0.000000e+00 0.000000e+00)
# sideDir     : (0.000000e+00 0.000000e+00 -1.000000e+00)
# liftDir     : (0.000000e+00 1.000000e+00 0.000000e+00)
# rollAxis    : (1.000000e+00 0.000000e+00 0.000000e+00)
# pitchAxis   : (0.000000e+00 0.000000e+00 -1.000000e+00)
# yawAxis     : (0.000000e+00 1.000000e+00 0.000000e+00)
# magUInf     : 2.000000e-02
# lRef        : 1.000000e-01
# Aref        : 1.000000e-01
# CofR        : (0.000000e+00 0.000000e+00 0.000000e+00)
#
# Time        	Cd            	Cs            	Cl            	CmRoll        	CmPitch       	CmYaw         	Cd(f)         	Cd(r)         	Cs(f)         	Cs(r)         	Cl(f)         	Cl(r)         
1             	2.523416e-03	6.868753e-19	2.927807e-03	-7.319517e-05	-3.644702e-04	6.308540e-05	1.188513e-03	1.334903e-03	6.308540e-05	-6.308540e-05	1.099433e-03	1.828374e-03
2             	5.662479e-03	4.269087e-19	6.032220e-03	-1.508055e-04	8.117458e-04	1.415620e-04	2.680434e-03	2.982045e-03	1.415620e-04	-1.415620e-04	3.827856e-03	2.204364e-03
3             	4.542036e-03	-9.563612e-20	5.118106e-03	-1.279526e-04	5.227646e-04	1.135509e-04	2.143066e-03	2.398971e-03	1.135509e-04	-1.135509e-04	3.081818e-03	2.036288e-03
4             	3.533475e-03	-1.256338e-19	4.753080e-03	-1.188270e-04	-7.928436e-04	8.833686e-05	1.647910e-03	1.885564e-03	8.833686e-05	-8.833686e-05	1.583696e-03	3.169384e-03
5             	2.763504e-03	-5.716718e-20	4.546787e-03	-1.136697e-04	-2.098596e-03	6.908760e-05	1.268082e-03	1.495422e-03	6.908760e-05	-6.908760e-05	1.747979e-04	4.371989e-03
6             	2.461484e-03	-1.060561e-20	4.633846e-03	-1.158461e-04	-2.951676e-03	6.153710e-05	1.114896e-03	1.346588e-03	6.153710e-05	-6.153710e-05	-6.347532e-04	5.268599e-03
7             	2.462959e-03	4.552736e-20	4.793747e-03	-1.198437e-04	-3.292562e-03	6.157398e-05	1.111636e-03	1.351323e-03	6.157398e-05	-6.157398e-05	-8.956884e-04	5.689435e-03
8             	2.763243e-03	5.875257e-20	5.101534e-03	-1.275383e-04	-3.206907e-03	6.908109e-05	1.254083e-03	1.509160e-03	6.908109e-05	-6.908109e-05	-6.561405e-04	5.757674e-03
9             	3.123059e-03	5.783078e-20	5.491020e-03	-1.372755e-04	-3.122701e-03	7.807648e-05	1.424254e-03	1.698805e-03	7.807648e-05	-7.807648e-05	-3.771910e-04	5.868211e-03
10            	3.421580e-03	5.334312e-20	5.906657e-03	-1.476664e-04	-3.202894e-03	8.553950e-05	1.563124e-03	1.858456e-03	8.553950e-05	-8.553950e-05	-2.495654e-04	6.156222e-03
11            	3.614079e-03	4.797030e-20	6.274487e-03	-1.568622e-04	-3.420799e-03	9.035197e-05	1.650177e-03	1.963902e-03	9.035197e-05	-9.035197e-05	-2.835556e-04	6.558043e-03
12            	3.674323e-03	4.738650e-20	6.473862e-03	-1.618465e-04	-3.607859e-03	9.185808e-05	1.675315e-03	1.999008e-03	9.185808e-05	-9.185808e-05	-3.709282e-04	6.844790e-03
13            	3.695430e-03	4.628604e-20	6.650160e-03	-1.662540e-04	-3.858647e-03	9.238576e-05	1.681461e-03	2.013969e-03	9.238576e-05	-9.238576e-05	-5.335674e-04	7.183728e-03
14            	3.684889e-03	4.637829e-20	6.762646e-03	-1.690662e-04	-4.068278e-03	9.212224e-05	1.673379e-03	2.011511e-03	9.212224e-05	-9.212224e-05	-6.869550e-04	7.449601e-03
15            	3.653179e-03	4.669591e-20	6.815616e-03	-1.703904e-04	-4.219271e-03	9.132947e-05	1.656199e-03	1.996980e-03	9.132947e-05	-9.132947e-05	-8.114635e-04	7.627079e-03
16            	3.610328e-03	4.659152e-20	6.824423e-03	-1.706106e-04	-4.315614e-03	9.025820e-05	1.634554e-03	1.975775e-03	9.025820e-05	-9.025820e-05	-9.034021e-04	7.727825e-03
17            	3.565359e-03	4.649851e-20	6.801096e-03	-1.700274e-04	-4.357882e-03	8.913399e-05	1.612652e-03	1.952707e-03	8.913399e-05	-8.913399e-05	-9.573337e-04	7.758429e-03
18            	3.520647e-03	4.639208e-20	6.743665e-03	-1.685916e-04	-4.334759e-03	8.801618e-05	1.591732e-03	1.928915e-03	8.801618e-05	-8.801618e-05	-9.629263e-04	7.706591e-03
19            	3.475712e-03	4.617017e-20	6.641065e-03	-1.660266e-04	-4.225660e-03	8.689281e-05	1.571830e-03	1.903883e-03	8.689281e-05	-8.689281e-05	-9.051272e-04	7.546192e-03
20            	3.442480e-03	4.579088e-20	6.548833e-03	-1.637208e-04	-4.115622e-03	8.606200e-05	1.557519e-03	1.884961e-03	8.606200e-05	-8.606200e-05	-8.412061e-04	7.390039e-03
21            	3.397048e-03	4.449157e-20	6.405553e-03	-1.601388e-04	-3.935876e-03	8.492620e-05	1.538385e-03	1.858663e-03	8.492620e-05	-8.492620e-05	-7.330998e-04	7.138653e-03
22            	3.372013e-03	4.451514e-20	6.303379e-03	-1.575845e-04	-3.793947e-03	8.430033e-05	1.528422e-03	1.843591e-03	8.430033e-05	-8.430033e-05	-6.422580e-04	6.945637e-03
23            	3.336949e-03	4.349630e-20	6.179889e-03	-1.544972e-04	-3.634031e-03	8.342372e-05	1.513977e-03	1.822972e-03	8.342372e-05	-8.342372e-05	-5.440864e-04	6.723975e-03
24            	3.306664e-03	4.286278e-20	6.061990e-03	-1.515497e-04	-3.476314e-03	8.266659e-05	1.501782e-03	1.804882e-03	8.266659e-05	-8.266659e-05	-4.453188e-04	6.507309e-03
25            	3.279003e-03	4.235948e-20	5.951098e-03	-1.487774e-04	-3.328716e-03	8.197507e-05	1.490724e-03	1.788279e-03	8.197507e-05	-8.197507e-05	-3.531667e-04	6.304265e-03
26            	3.256280e-03	4.214212e-20	5.853389e-03	-1.463347e-04	-3.197018e-03	8.140700e-05	1.481805e-03	1.774475e-03	8.140700e-05	-8.140700e-05	-2.703236e-04	6.123713e-03
27            	3.235925e-03	4.185786e-20	5.763528e-03	-1.440882e-04	-3.075748e-03	8.089814e-05	1.473875e-03	1.762051e-03	8.089814e-05	-8.089814e-05	-1.939839e-04	5.957512e-03
28            	3.218553e-03	4.165633e-20	5.685217e-03	-1.421304e-04	-2.970099e-03	8.046384e-05	1.467146e-03	1.751407e-03	8.046384e-05	-8.046384e-05	-1.274900e-04	5.812707e-03
29            	3.205208e-03	4.154019e-20	5.620634e-03	-1.405158e-04	-2.882104e-03	8.013020e-05	1.462088e-03	1.743120e-03	8.013020e-05	-8.013020e-05	-7.178687e-05	5.692421e-03
30            	3.195468e-03	4.148606e-20	5.568797e-03	-1.392199e-04	-2.810365e-03	7.988670e-05	1.458514e-03	1.736954e-03	7.988670e-05	-7.988670e-05	-2.596623e-05	5.594763e-03
31            	3.189303e-03	4.160779e-20	5.528856e-03	-1.382214e-04	-2.753178e-03	7.973259e-05	1.456430e-03	1.732873e-03	7.973259e-05	-7.973259e-05	1.125043e-05	5.517605e-03
32            	3.186161e-03	4.172938e-20	5.499780e-03	-1.374945e-04	-2.709679e-03	7.965402e-05	1.455586e-03	1.730575e-03	7.965402e-05	-7.965402e-05	4.021121e-05	5.459569e-03
33            	3.186000e-03	4.192018e-20	5.482096e-03	-1.370524e-04	-2.681178e-03	7.964999e-05	1.455947e-03	1.730052e-03	7.964999e-05	-7.964999e-05	5.987007e-05	5.422226e-03
34            	3.188361e-03	4.209070e-20	5.475400e-03	-1.368850e-04	-2.668013e-03	7.970902e-05	1.457295e-03	1.731065e-03	7.970902e-05	-7.970902e-05	6.968706e-05	5.405713e-03
35            	3.192495e-03	4.220887e-20	5.477781e-03	-1.369445e-04	-2.668235e-03	7.981236e-05	1.459303e-03	1.733192e-03	7.981236e-05	-7.981236e-05	7.065539e-05	5.407126e-03
36            	3.197989e-03	4.239102e-20	5.488198e-03	-1.372050e-04	-2.680708e-03	7.994973e-05	1.461790e-03	1.736200e-03	7.994973e-05	-7.994973e-05	6.339096e-05	5.424807e-03
37            	3.204036e-03	4.279331e-20	5.505929e-03	-1.376482e-04	-2.705634e-03	8.010089e-05	1.464370e-03	1.739666e-03	8.010089e-05	-8.010089e-05	4.733052e-05	5.458598e-03
38            	3.210344e-03	4.276411e-20	5.524002e-03	-1.381000e-04	-2.729921e-03	8.025860e-05	1.467072e-03	1.743272e-03	8.025860e-05	-8.025860e-05	3.207982e-05	5.491922e-03
39            	3.218595e-03	4.299788e-20	5.546997e-03	-1.386749e-04	-2.759477e-03	8.046488e-05	1.470623e-03	1.747973e-03	8.046488e-05	-8.046488e-05	1.402164e-05	5.532976e-03
40            	3.228034e-03	4.341478e-20	5.578101e-03	-1.394525e-04	-2.801633e-03	8.070085e-05	1.474565e-03	1.753470e-03	8.070085e-05	-8.070085e-05	-1.258204e-05	5.590683e-03
41            	3.233649e-03	4.339475e-20	5.597507e-03	-1.399377e-04	-2.828367e-03	8.084121e-05	1.476887e-03	1.756762e-03	8.084121e-05	-8.084121e-05	-2.961364e-05	5.627121e-03
42            	3.241122e-03	4.362082e-20	5.620218e-03	-1.405055e-04	-2.857576e-03	8.102805e-05	1.480056e-03	1.761066e-03	8.102805e-05	-8.102805e-05	-4.746675e-05	5.667685e-03
43            	3.249064e-03	4.384057e-20	5.644863e-03	-1.411216e-04	-2.889345e-03	8.122660e-05	1.483410e-03	1.765654e-03	8.122660e-05	-8.122660e-05	-6.691321e-05	5.711776e-03
44            	3.257019e-03	4.405008e-20	5.669968e-03	-1.417492e-04	-2.921945e-03	8.142547e-05	1.486760e-03	1.770259e-03	8.142547e-05	-8.142547e-05	-8.696142e-05	5.756929e-03
45            	3.264395e-03	4.425948e-20	5.693906e-03	-1.423476e-04	-2.953293e-03	8.160988e-05	1.489850e-03	1.774545e-03	8.160988e-05	-8.160988e-05	-1.063404e-04	5.800246e-03
46            	3.270977e-03	4.441164e-20	5.715603e-03	-1.428901e-04	-2.981727e-03	8.177443e-05	1.492599e-03	1.778379e-03	8.177443e-05	-8.177443e-05	-1.239258e-04	5.839528e-03
47            	3.277021e-03	4.453684e-20	5.736349e-03	-1.434087e-04	-3.009378e-03	8.192551e-05	1.495102e-03	1.781919e-03	8.192551e-05	-8.192551e-05	-1.412038e-04	5.877553e-03
48            	3.282356e-03	4.463286e-20	5.755356e-03	-1.438839e-04	-3.035097e-03	8.205889e-05	1.497294e-03	1.785062e-03	8.205889e-05	-8.205889e-05	-1.574184e-04	5.912775e-03
49            	3.287211e-03	4.473712e-20	5.772624e-03	-1.443156e-04	-3.058310e-03	8.218028e-05	1.499290e-03	1.787921e-03	8.218028e-05	-8.218028e-05	-1.719982e-04	5.944622e-03
50            	3.291446e-03	4.482187e-20	5.787523e-03	-1.446881e-04	-3.078088e-03	8.228615e-05	1.501035e-03	1.790411e-03	8.228615e-05	-8.228615e-05	-1.843266e-04	5.971850e-03
51            	3.295041e-03	4.488857e-20	5.800045e-03	-1.450011e-04	-3.094497e-03	8.237603e-05	1.502520e-03	1.792522e-03	8.237603e-05	-8.237603e-05	-1.944751e-04	5.994520e-03
52            	3.298063e-03	4.493394e-20	5.810414e-03	-1.452604e-04	-3.107879e-03	8.245158e-05	1.503771e-03	1.794292e-03	8.245158e-05	-8.245158e-05	-2.026724e-04	6.013086e-03
53            	3.300387e-03	4.491220e-20	5.818645e-03	-1.454661e-04	-3.118562e-03	8.250968e-05	1.504728e-03	1.795660e-03	8.250968e-05	-8.250968e-05	-2.092397e-04	6.027885e-03
54            	3.301954e-03	4.491060e-20	5.824805e-03	-1.456201e-04	-3.126851e-03	8.254885e-05	1.505357e-03	1.796597e-03	8.254885e-05	-8.254885e-05	-2.144482e-04	6.039254e-03
55            	3.302991e-03	4.492030e-20	5.829341e-03	-1.457335e-04	-3.133155e-03	8.257477e-05	1.505762e-03	1.797229e-03	8.257477e-05	-8.257477e-05	-2.184843e-04	6.047825e-03
56            	3.303552e-03	4.492321e-20	5.832298e-03	-1.458075e-04	-3.137453e-03	8.258879e-05	1.505968e-03	1.797583e-03	8.258879e-05	-8.258879e-05	-2.213037e-04	6.053602e-03
57            	3.303729e-03	4.492186e-20	5.833819e-03	-1.458455e-04	-3.139802e-03	8.259323e-05	1.506019e-03	1.797710e-03	8.259323e-05	-8.259323e-05	-2.228921e-04	6.056711e-03
58            	3.303610e-03	4.493418e-20	5.834035e-03	-1.458509e-04	-3.140254e-03	8.259024e-05	1.505954e-03	1.797656e-03	8.259024e-05	-8.259024e-05	-2.232365e-04	6.057272e-03
59            	3.303292e-03	4.490204e-20	5.833050e-03	-1.458263e-04	-3.138780e-03	8.258231e-05	1.505820e-03	1.797472e-03	8.258231e-05	-8.258231e-05	-2.222545e-04	6.055305e-03
60            	3.302610e-03	4.488541e-20	5.830994e-03	-1.457749e-04	-3.135980e-03	8.256525e-05	1.505530e-03	1.797080e-03	8.256525e-05	-8.256525e-05	-2.204828e-04	6.051477e-03
61            	3.301731e-03	4.486569e-20	5.828101e-03	-1.457025e-04	-3.131962e-03	8.254328e-05	1.505163e-03	1.796568e-03	8.254328e-05	-8.254328e-05	-2.179116e-04	6.046013e-03
62            	3.300702e-03	4.484320e-20	5.824564e-03	-1.456141e-04	-3.127025e-03	8.251755e-05	1.504737e-03	1.795965e-03	8.251755e-05	-8.251755e-05	-2.147431e-04	6.039307e-03
63            	3.299558e-03	4.481784e-20	5.820468e-03	-1.455117e-04	-3.121257e-03	8.248895e-05	1.504267e-03	1.795291e-03	8.248895e-05	-8.248895e-05	-2.110227e-04	6.031491e-03
64            	3.298451e-03	4.479161e-20	5.816350e-03	-1.454088e-04	-3.115424e-03	8.246127e-05	1.503817e-03	1.794634e-03	8.246127e-05	-8.246127e-05	-2.072490e-04	6.023599e-03
65            	3.297356e-03	4.476488e-20	5.812295e-03	-1.453074e-04	-3.109718e-03	8.243390e-05	1.503371e-03	1.793985e-03	8.243390e-05	-8.243390e-05	-2.035706e-04	6.015865e-03
66            	3.296254e-03	4.473958e-20	5.808302e-03	-1.452076e-04	-3.104156e-03	8.240636e-05	1.502920e-03	1.793335e-03	8.240636e-05	-8.240636e-05	-2.000049e-04	6.008307e-03
67            	3.295132e-03	4.471352e-20	5.804344e-03	-1.451086e-04	-3.098697e-03	8.237829e-05	1.502457e-03	1.792674e-03	8.237829e-05	-8.237829e-05	-1.965250e-04	6.000869e-03
68            	3.294022e-03	4.469398e-20	5.800466e-03	-1.450117e-04	-3.093364e-03	8.235055e-05	1.501999e-03	1.792023e-03	8.235055e-05	-8.235055e-05	-1.931308e-04	5.993597e-03
69            	3.292894e-03	4.466895e-20	5.796543e-03	-1.449136e-04	-3.087969e-03	8.232234e-05	1.501533e-03	1.791360e-03	8.232234e-05	-8.232234e-05	-1.896978e-04	5.986241e-03
70            	3.291774e-03	4.464561e-20	5.792706e-03	-1.448176e-04	-3.082720e-03	8.229436e-05	1.501070e-03	1.790705e-03	8.229436e-05	-8.229436e-05	-1.863674e-04	5.979073e-03
71            	3.290710e-03	4.462372e-20	5.789060e-03	-1.447265e-04	-3.077728e-03	8.226776e-05	1.500629e-03	1.790082e-03	8.226776e-05	-8.226776e-05	-1.831975e-04	5.972258e-03
72            	3.289704e-03	4.460360e-20	5.785652e-03	-1.446413e-04	-3.073086e-03	8.224259e-05	1.500211e-03	1.789493e-03	8.224259e-05	-8.224259e-05	-1.802603e-04	5.965912e-03
73            	3.288770e-03	4.458574e-20	5.782526e-03	-1.445631e-04	-3.068851e-03	8.221924e-05	1.499822e-03	1.788948e-03	8.221924e-05	-8.221924e-05	-1.775885e-04	5.960114e-03
74            	3.287912e-03	4.457050e-20	5.779693e-03	-1.444923e-04	-3.065040e-03	8.219780e-05	1.499464e-03	1.788448e-03	8.219780e-05	-8.219780e-05	-1.751933e-04	5.954887e-03
75            	3.287149e-03	4.456788e-20	5.777177e-03	-1.444294e-04	-3.061653e-03	8.217874e-05	1.499145e-03	1.788004e-03	8.217874e-05	-8.217874e-05	-1.730651e-04	5.950242e-03
76            	3.286497e-03	4.456301e-20	5.774990e-03	-1.443747e-04	-3.058682e-03	8.216242e-05	1.498874e-03	1.787623e-03	8.216242e-05	-8.216242e-05	-1.711871e-04	5.946177e-03
77            	3.285948e-03	4.455745e-20	5.773123e-03	-1.443281e-04	-3.056116e-03	8.214869e-05	1.498646e-03	1.787302e-03	8.214869e-05	-8.214869e-05	-1.695540e-04	5.942677e-03
78            	3.285477e-03	4.455078e-20	5.771509e-03	-1.442877e-04	-3.053871e-03	8.213693e-05	1.498451e-03	1.787026e-03	8.213693e-05	-8.213693e-05	-1.681160e-04	5.939625e-03
79            	3.285069e-03	4.454269e-20	5.770106e-03	-1.442526e-04	-3.051898e-03	8.212673e-05	1.498282e-03	1.786787e-03	8.212673e-05	-8.212673e-05	-1.668455e-04	5.936951e-03
80            	3.284711e-03	4.453208e-20	5.768890e-03	-1.442223e-04	-3.050184e-03	8.211778e-05	1.498133e-03	1.786578e-03	8.211778e-05	-8.211778e-05	-1.657388e-04	5.934629e-03
81            	3.284401e-03	4.452967e-20	5.767852e-03	-1.441963e-04	-3.048715e-03	8.211001e-05	1.498004e-03	1.786397e-03	8.211001e-05	-8.211001e-05	-1.647894e-04	5.932641e-03
82            	3.284147e-03	4.452557e-20	5.767009e-03	-1.441752e-04	-3.047509e-03	8.210368e-05	1.497898e-03	1.786249e-03	8.210368e-05	-8.210368e-05	-1.640042e-04	5.931013e-03
83            	3.283937e-03	4.452169e-20	5.766334e-03	-1.441584e-04	-3.046546e-03	8.209842e-05	1.497810e-03	1.786127e-03	8.209842e-05	-8.209842e-05	-1.633785e-04	5.929713e-03
84            	3.283762e-03	4.451501e-20	5.765813e-03	-1.441453e-04	-3.045813e-03	8.209405e-05	1.497736e-03	1.786026e-03	8.209405e-05	-8.209405e-05	-1.629060e-04	5.928719e-03
85            	3.283607e-03	4.451546e-20	5.765408e-03	-1.441352e-04	-3.045267e-03	8.209019e-05	1.497669e-03	1.785939e-03	8.209019e-05	-8.209019e-05	-1.625632e-04	5.927971e-03
86            	3.283487e-03	4.451408e-20	5.765119e-03	-1.441280e-04	-3.044884e-03	8.208718e-05	1.497616e-03	1.785872e-03	8.208718e-05	-8.208718e-05	-1.623242e-04	5.927444e-03
87            	3.283431e-03	4.450915e-20	5.764957e-03	-1.441239e-04	-3.044619e-03	8.208579e-05	1.497592e-03	1.785840e-03	8.208579e-05	-8.208579e-05	-1.621402e-04	5.927097e-03
88            	3.283392e-03	4.450603e-20	5.764855e-03	-1.441214e-04	-3.044435e-03	8.208480e-05	1.497575e-03	1.785817e-03	8.208480e-05	-8.208480e-05	-1.620075e-04	5.926862e-03
89            	3.283356e-03	4.450328e-20	5.764797e-03	-1.441199e-04	-3.044328e-03	8.208389e-05	1.497558e-03	1.785798e-03	8.208389e-05	-8.208389e-05	-1.619301e-04	5.926727e-03
90            	3.283307e-03	4.450540e-20	5.764763e-03	-1.441191e-04	-3.044294e-03	8.208268e-05	1.497535e-03	1.785773e-03	8.208268e-05	-8.208268e-05	-1.619124e-04	5.926676e-03
91            	3.283271e-03	4.450545e-20	5.764766e-03	-1.441192e-04	-3.044311e-03	8.208179e-05	1.497517e-03	1.785755e-03	8.208179e-05	-8.208179e-05	-1.619276e-04	5.926694e-03
92            	3.283252e-03	4.450332e-20	5.764802e-03	-1.441201e-04	-3.044364e-03	8.208130e-05	1.497506e-03	1.785746e-03	8.208130e-05	-8.208130e-05	-1.619627e-04	5.926765e-03
93            	3.283242e-03	4.450254e-20	5.764860e-03	-1.441215e-04	-3.044448e-03	8.208106e-05	1.497500e-03	1.785743e-03	8.208106e-05	-8.208106e-05	-1.620181e-04	5.926879e-03
94            	3.283238e-03	4.450182e-20	5.764930e-03	-1.441233e-04	-3.044549e-03	8.208095e-05	1.497496e-03	1.785742e-03	8.208095e-05	-8.208095e-05	-1.620840e-04	5.927014e-03
95            	3.283239e-03	4.450113e-20	5.765005e-03	-1.441251e-04	-3.044655e-03	8.208096e-05	1.497494e-03	1.785744e-03	8.208096e-05	-8.208096e-05	-1.621529e-04	5.927158e-03
96            	3.283242e-03	4.450045e-20	5.765081e-03	-1.441270e-04	-3.044763e-03	8.208104e-05	1.497494e-03	1.785748e-03	8.208104e-05	-8.208104e-05	-1.622223e-04	5.927303e-03
97            	3.283246e-03	4.449976e-20	5.765154e-03	-1.441289e-04	-3.044867e-03	8.208115e-05	1.497494e-03	1.785752e-03	8.208115e-05	-8.208115e-05	-1.622898e-04	5.927444e-03
98            	3.283248e-03	4.449840e-20	5.765218e-03	-1.441305e-04	-3.044961e-03	8.208121e-05	1.497494e-03	1.785755e-03	8.208121e-05	-8.208121e-05	-1.623517e-04	5.927570e-03
99            	3.283253e-03	4.449718e-20	5.765280e-03	-1.441320e-04	-3.045051e-03	8.208132e-05	1.497494e-03	1.785758e-03	8.208132e-05	-8.208132e-05	-1.624107e-04	5.927690e-03
100           	3.283256e-03	4.449589e-20	5.765336e-03	-1.441334e-04	-3.045136e-03	8.208140e-05	1.497495e-03	1.785761e-03	8.208140e-05	-8.208140e-05	-1.624677e-04	5.927803e-03
101           	3.283258e-03	4.449509e-20	5.765384e-03	-1.441346e-04	-3.045211e-03	8.208144e-05	1.497494e-03	1.785763e-03	8.208144e-05	-8.208144e-05	-1.625194e-04	5.927903e-03
102           	3.283259e-03	4.449473e-20	5.765426e-03	-1.441356e-04	-3.045279e-03	8.208148e-05	1.497494e-03	1.785765e-03	8.208148e-05	-8.208148e-05	-1.625660e-04	5.927992e-03
103           	3.283262e-03	4.449457e-20	5.765465e-03	-1.441366e-04	-3.045341e-03	8.208155e-05	1.497494e-03	1.785768e-03	8.208155e-05	-8.208155e-05	-1.626083e-04	5.928073e-03
104           	3.283265e-03	4.449455e-20	5.765502e-03	-1.441375e-04	-3.045400e-03	8.208162e-05	1.497495e-03	1.785770e-03	8.208162e-05	-8.208162e-05	-1.626495e-04	5.928151e-03
105           	3.283269e-03	4.449477e-20	5.765538e-03	-1.441384e-04	-3.045459e-03	8.208173e-05	1.497496e-03	1.785773e-03	8.208173e-05	-8.208173e-05	-1.626898e-04	5.928228e-03
106           	3.283272e-03	4.449479e-20	5.765569e-03	-1.441392e-04	-3.045512e-03	8.208180e-05	1.497497e-03	1.785775e-03	8.208180e-05	-8.208180e-05	-1.627276e-04	5.928296e-03
107           	3.283274e-03	4.449464e-20	5.765597e-03	-1.441399e-04	-3.045563e-03	8.208185e-05	1.497497e-03	1.785777e-03	8.208185e-05	-8.208185e-05	-1.627643e-04	5.928362e-03
108           	3.283275e-03	4.449446e-20	5.765622e-03	-1.441406e-04	-3.045611e-03	8.208187e-05	1.497497e-03	1.785778e-03	8.208187e-05	-8.208187e-05	-1.627997e-04	5.928422e-03
109           	3.283276e-03	4.449439e-20	5.765645e-03	-1.441411e-04	-3.045655e-03	8.208191e-05	1.497497e-03	1.785779e-03	8.208191e-05	-8.208191e-05	-1.628323e-04	5.928477e-03
110           	3.283279e-03	4.449440e-20	5.765666e-03	-1.441417e-04	-3.045694e-03	8.208197e-05	1.497498e-03	1.785781e-03	8.208197e-05	-8.208197e-05	-1.628609e-04	5.928527e-03
111           	3.283283e-03	4.449446e-20	5.765685e-03	-1.441421e-04	-3.045728e-03	8.208206e-05	1.497499e-03	1.785783e-03	8.208206e-05	-8.208206e-05	-1.628858e-04	5.928571e-03
112           	3.283287e-03	4.449469e-20	5.765705e-03	-1.441426e-04	-3.045762e-03	8.208219e-05	1.497501e-03	1.785786e-03	8.208219e-05	-8.208219e-05	-1.629094e-04	5.928614e-03
113           	3.283293e-03	4.449488e-20	5.765726e-03	-1.441431e-04	-3.045796e-03	8.208233e-05	1.497504e-03	1.785790e-03	8.208233e-05	-8.208233e-05	-1.629335e-04	5.928659e-03
114           	3.283300e-03	4.449510e-20	5.765749e-03	-1.441437e-04	-3.045834e-03	8.208251e-05	1.497506e-03	1.785794e-03	8.208251e-05	-8.208251e-05	-1.629597e-04	5.928709e-03
115           	3.283308e-03	4.449535e-20	5.765775e-03	-1.441444e-04	-3.045876e-03	8.208270e-05	1.497510e-03	1.785798e-03	8.208270e-05	-8.208270e-05	-1.629889e-04	5.928764e-03
116           	3.283317e-03	4.449564e-20	5.765805e-03	-1.441451e-04	-3.045923e-03	8.208292e-05	1.497513e-03	1.785804e-03	8.208292e-05	-8.208292e-05	-1.630209e-04	5.928825e-03
117           	3.283327e-03	4.449596e-20	5.765836e-03	-1.441459e-04	-3.045973e-03	8.208316e-05	1.497517e-03	1.785809e-03	8.208316e-05	-8.208316e-05	-1.630553e-04	5.928892e-03
118           	3.283337e-03	4.449631e-20	5.765870e-03	-1.441468e-04	-3.046027e-03	8.208342e-05	1.497522e-03	1.785815e-03	8.208342e-05	-8.208342e-05	-1.630915e-04	5.928962e-03
119           	3.283348e-03	4.449667e-20	5.765906e-03	-1.441476e-04	-3.046081e-03	8.208369e-05	1.497526e-03	1.785822e-03	8.208369e-05	-8.208369e-05	-1.631282e-04	5.929034e-03
120           	3.283359e-03	4.449711e-20	5.765942e-03	-1.441486e-04	-3.046136e-03	8.208398e-05	1.497531e-03	1.785828e-03	8.208398e-05	-8.208398e-05	-1.631650e-04	5.929107e-03
121           	3.283372e-03	4.449755e-20	5.765980e-03	-1.441495e-04	-3.046192e-03	8.208430e-05	1.497536e-03	1.785835e-03	8.208430e-05	-8.208430e-05	-1.632019e-04	5.929182e-03
122           	3.283385e-03	4.449800e-20	5.766020e-03	-1.441505e-04	-3.046249e-03	8.208463e-05	1.497542e-03	1.785843e-03	8.208463e-05	-8.208463e-05	-1.632392e-04	5.929259e-03
123           	3.283400e-03	4.449846e-20	5.766062e-03	-1.441515e-04	-3.046309e-03	8.208499e-05	1.497548e-03	1.785851e-03	8.208499e-05	-8.208499e-05	-1.632777e-04	5.929339e-03
124           	3.283414e-03	4.449893e-20	5.766105e-03	-1.441526e-04	-3.046370e-03	8.208536e-05	1.497555e-03	1.785860e-03	8.208536e-05	-8.208536e-05	-1.633178e-04	5.929423e-03
125           	3.283430e-03	4.449940e-20	5.766151e-03	-1.441538e-04	-3.046435e-03	8.208574e-05	1.497561e-03	1.785869e-03	8.208574e-05	-8.208574e-05	-1.633594e-04	5.929511e-03
126           	3.283445e-03	4.449987e-20	5.766198e-03	-1.441550e-04	-3.046501e-03	8.208614e-05	1.497568e-03	1.785878e-03	8.208614e-05	-8.208614e-05	-1.634023e-04	5.929601e-03
127           	3.283461e-03	4.450034e-20	5.766247e-03	-1.441562e-04	-3.046569e-03	8.208653e-05	1.497575e-03	1.785887e-03	8.208653e-05	-8.208653e-05	-1.634457e-04	5.929692e-03
128           	3.283477e-03	4.450080e-20	5.766295e-03	-1.441574e-04	-3.046636e-03	8.208693e-05	1.497581e-03	1.785896e-03	8.208693e-05	-8.208693e-05	-1.634890e-04	5.929784e-03
129           	3.283493e-03	4.450126e-20	5.766342e-03	-1.441586e-04	-3.046702e-03	8.208733e-05	1.497588e-03	1.785905e-03	8.208733e-05	-8.208733e-05	-1.635309e-04	5.929873e-03
130           	3.283509e-03	4.450170e-20	5.766390e-03	-1.441597e-04	-3.046767e-03	8.208772e-05	1.497595e-03	1.785914e-03	8.208772e-05	-8.208772e-05	-1.635726e-04	5.929962e-03
131           	3.283524e-03	4.450213e-20	5.766435e-03	-1.441609e-04	-3.046829e-03	8.208810e-05	1.497601e-03	1.785923e-03	8.208810e-05	-8.208810e-05	-1.636119e-04	5.930047e-03
132           	3.283538e-03	4.450256e-20	5.766480e-03	-1.441620e-04	-3.046892e-03	8.208846e-05	1.497607e-03	1.785931e-03	8.208846e-05	-8.208846e-05	-1.636521e-04	5.930132e-03
133           	3.283553e-03	4.450296e-20	5.766524e-03	-1.441631e-04	-3.046952e-03	8.208882e-05	1.497613e-03	1.785940e-03	8.208882e-05	-8.208882e-05	-1.636904e-04	5.930214e-03
134           	3.283567e-03	4.450334e-20	5.766566e-03	-1.441642e-04	-3.047010e-03	8.208916e-05	1.497619e-03	1.785947e-03	8.208916e-05	-8.208916e-05	-1.637274e-04	5.930293e-03
135           	3.283580e-03	4.450370e-20	5.766607e-03	-1.441652e-04	-3.047066e-03	8.208950e-05	1.497625e-03	1.785955e-03	8.208950e-05	-8.208950e-05	-1.637630e-04	5.930370e-03
136           	3.283593e-03	4.450405e-20	5.766646e-03	-1.441661e-04	-3.047120e-03	8.208981e-05	1.497630e-03	1.785962e-03	8.208981e-05	-8.208981e-05	-1.637971e-04	5.930443e-03
137           	3.283605e-03	4.450437e-20	5.766683e-03	-1.441671e-04	-3.047171e-03	8.209011e-05	1.497635e-03	1.785969e-03	8.209011e-05	-8.209011e-05	-1.638294e-04	5.930512e-03
138           	3.283616e-03	4.450466e-20	5.766718e-03	-1.441679e-04	-3.047219e-03	8.209039e-05	1.497640e-03	1.785976e-03	8.209039e-05	-8.209039e-05	-1.638599e-04	5.930577e-03
139           	3.283626e-03	4.450493e-20	5.766750e-03	-1.441687e-04	-3.047263e-03	8.209065e-05	1.497644e-03	1.785982e-03	8.209065e-05	-8.209065e-05	-1.638882e-04	5.930638e-03
140           	3.283636e-03	4.450511e-20	5.766780e-03	-1.441695e-04	-3.047304e-03	8.209089e-05	1.497648e-03	1.785987e-03	8.209089e-05	-8.209089e-05	-1.639144e-04	5.930694e-03
141           	3.283644e-03	4.450537e-20	5.766806e-03	-1.441702e-04	-3.047341e-03	8.209110e-05	1.497652e-03	1.785992e-03	8.209110e-05	-8.209110e-05	-1.639383e-04	5.930745e-03
142           	3.283652e-03	4.450552e-20	5.766831e-03	-1.441708e-04	-3.047376e-03	8.209130e-05	1.497655e-03	1.785997e-03	8.209130e-05	-8.209130e-05	-1.639601e-04	5.930791e-03
143           	3.283659e-03	4.450575e-20	5.766853e-03	-1.441713e-04	-3.047406e-03	8.209147e-05	1.497658e-03	1.786001e-03	8.209147e-05	-8.209147e-05	-1.639799e-04	5.930833e-03
144           	3.283665e-03	4.450593e-20	5.766873e-03	-1.441718e-04	-3.047434e-03	8.209163e-05	1.497661e-03	1.786004e-03	8.209163e-05	-8.209163e-05	-1.639976e-04	5.930870e-03
145           	3.283671e-03	4.450610e-20	5.766890e-03	-1.441722e-04	-3.047458e-03	8.209177e-05	1.497663e-03	1.786008e-03	8.209177e-05	-8.209177e-05	-1.640135e-04	5.930903e-03
146           	3.283675e-03	4.450626e-20	5.766905e-03	-1.441726e-04	-3.047480e-03	8.209189e-05	1.497665e-03	1.786010e-03	8.209189e-05	-8.209189e-05	-1.640278e-04	5.930933e-03
147           	3.283680e-03	4.450641e-20	5.766919e-03	-1.441730e-04	-3.047500e-03	8.209200e-05	1.497667e-03	1.786013e-03	8.209200e-05	-8.209200e-05	-1.640403e-04	5.930959e-03
148           	3.283684e-03	4.450654e-20	5.766932e-03	-1.441733e-04	-3.047517e-03	8.209211e-05	1.497669e-03	1.786015e-03	8.209211e-05	-8.209211e-05	-1.640510e-04	5.930983e-03
149           	3.283688e-03	4.450665e-20	5.766942e-03	-1.441736e-04	-3.047531e-03	8.209221e-05	1.497671e-03	1.786018e-03	8.209221e-05	-8.209221e-05	-1.640602e-04	5.931003e-03
150           	3.283692e-03	4.450675e-20	5.766952e-03	-1.441738e-04	-3.047544e-03	8.209230e-05	1.497672e-03	1.786020e-03	8.209230e-05	-8.209230e-05	-1.640682e-04	5.931020e-03
151           	3.283695e-03	4.450678e-20	5.766960e-03	-1.441740e-04	-3.047555e-03	8.209238e-05	1.497674e-03	1.786022e-03	8.209238e-05	-8.209238e-05	-1.640752e-04	5.931036e-03
152           	3.283698e-03	4.450687e-20	5.766967e-03	-1.441742e-04	-3.047565e-03	8.209244e-05	1.497675e-03	1.786023e-03	8.209244e-05	-8.209244e-05	-1.640813e-04	5.931049e-03
153           	3.283700e-03	4.450690e-20	5.766973e-03	-1.441743e-04	-3.047573e-03	8.209249e-05	1.497676e-03	1.786024e-03	8.209249e-05	-8.209249e-05	-1.640867e-04	5.931060e-03
154           	3.283701e-03	4.450698e-20	5.766978e-03	-1.441745e-04	-3.047580e-03	8.209254e-05	1.497676e-03	1.786025e-03	8.209254e-05	-8.209254e-05	-1.640913e-04	5.931070e-03
155           	3.283703e-03	4.450703e-20	5.766982e-03	-1.441746e-04	-3.047586e-03	8.209257e-05	1.497677e-03	1.786026e-03	8.209257e-05	-8.209257e-05	-1.640951e-04	5.931077e-03
156           	3.283704e-03	4.450708e-20	5.766986e-03	-1.441746e-04	-3.047591e-03	8.209261e-05	1.497677e-03	1.786027e-03	8.209261e-05	-8.209261e-05	-1.640982e-04	5.931084e-03
157           	3.283705e-03	4.450713e-20	5.766988e-03	-1.441747e-04	-3.047595e-03	8.209263e-05	1.497678e-03	1.786027e-03	8.209263e-05	-8.209263e-05	-1.641006e-04	5.931089e-03
158           	3.283706e-03	4.450716e-20	5.766991e-03	-1.441748e-04	-3.047598e-03	8.209266e-05	1.497678e-03	1.786028e-03	8.209266e-05	-8.209266e-05	-1.641025e-04	5.931093e-03
159           	3.283707e-03	4.450720e-20	5.766992e-03	-1.441748e-04	-3.047600e-03	8.209268e-05	1.497679e-03	1.786028e-03	8.209268e-05	-8.209268e-05	-1.641040e-04	5.931096e-03
160           	3.283708e-03	4.450723e-20	5.766994e-03	-1.441748e-04	-3.047602e-03	8.209270e-05	1.497679e-03	1.786029e-03	8.209270e-05	-8.209270e-05	-1.641050e-04	5.931099e-03
161           	3.283709e-03	4.450725e-20	5.766995e-03	-1.441749e-04	-3.047603e-03	8.209271e-05	1.497679e-03	1.786029e-03	8.209271e-05	-8.209271e-05	-1.641058e-04	5.931101e-03
162           	3.283709e-03	4.450727e-20	5.766996e-03	-1.441749e-04	-3.047604e-03	8.209273e-05	1.497680e-03	1.786029e-03	8.209273e-05	-8.209273e-05	-1.641063e-04	5.931102e-03
163           	3.283710e-03	4.450729e-20	5.766996e-03	-1.441749e-04	-3.047605e-03	8.209274e-05	1.497680e-03	1.786030e-03	8.209274e-05	-8.209274e-05	-1.641067e-04	5.931103e-03
164           	3.283710e-03	4.450730e-20	5.766997e-03	-1.441749e-04	-3.047606e-03	8.209275e-05	1.497680e-03	1.786030e-03	8.209275e-05	-8.209275e-05	-1.641071e-04	5.931104e-03
165           	3.283710e-03	4.450731e-20	5.766997e-03	-1.441749e-04	-3.047606e-03	8.209276e-05	1.497680e-03	1.786030e-03	8.209276e-05	-8.209276e-05	-1.641073e-04	5.931105e-03
166           	3.283710e-03	4.450732e-20	5.766997e-03	-1.441749e-04	-3.047606e-03	8.209276e-05	1.497680e-03	1.786030e-03	8.209276e-05	-8.209276e-05	-1.641075e-04	5.931105e-03
167           	3.283711e-03	4.450733e-20	5.766997e-03	-1.441749e-04	-3.047606e-03	8.209276e-05	1.497680e-03	1.786030e-03	8.209276e-05	-8.209276e-05	-1.641075e-04	5.931105e-03
168           	3.283711e-03	4.450734e-20	5.766997e-03	-1.441749e-04	-3.047606e-03	8.209277e-05	1.497680e-03	1.786030e-03	8.209277e-05	-8.209277e-05	-1.641075e-04	5.931105e-03
169           	3.283711e-03	4.450735e-20	5.766997e-03	-1.441749e-04	-3.047606e-03	8.209277e-05	1.497680e-03	1.786030e-03	8.209277e-05	-8.209277e-05	-1.641073e-04	5.931104e-03
170           	3.283711e-03	4.450736e-20	5.766997e-03	-1.441749e-04	-3.047606e-03	8.209277e-05	1.497680e-03	1.786030e-03	8.209277e-05	-8.209277e-05	-1.641070e-04	5.931104e-03
171           	3.283711e-03	4.450737e-20	5.766997e-03	-1.441749e-04	-3.047605e-03	8.209277e-05	1.497680e-03	1.786030e-03	8.209277e-05	-8.209277e-05	-1.641067e-04	5.931103e-03
172           	3.283711e-03	4.450737e-20	5.766996e-03	-1.441749e-04	-3.047605e-03	8.209277e-05	1.497680e-03	1.786030e-03	8.209277e-05	-8.209277e-05	-1.641064e-04	5.931103e-03
173           	3.283711e-03	4.450737e-20	5.766996e-03	-1.441749e-04	-3.047604e-03	8.209277e-05	1.497680e-03	1.786030e-03	8.209277e-05	-8.209277e-05	-1.641060e-04	5.931102e-03
174           	3.283711e-03	4.450737e-20	5.766995e-03	-1.441749e-04	-3.047603e-03	8.209276e-05	1.497680e-03	1.786030e-03	8.209276e-05	-8.209276e-05	-1.641055e-04	5.931101e-03
