# Force coefficients
# dragDir     : (1.000000e+00 0.000000e+00 0.000000e+00)
# sideDir     : (0.000000e+00 0.000000e+00 -1.000000e+00)
# liftDir     : (0.000000e+00 1.000000e+00 0.000000e+00)
# rollAxis    : (1.000000e+00 0.000000e+00 0.000000e+00)
# pitchAxis   : (0.000000e+00 0.000000e+00 -1.000000e+00)
# yawAxis     : (0.000000e+00 1.000000e+00 0.000000e+00)
# magUInf     : 4.000000e-02
# lRef        : 1.000000e-01
# Aref        : 1.000000e-01
# CofR        : (0.000000e+00 0.000000e+00 0.000000e+00)
#
# Time        	Cd            	Cs            	Cl            	CmRoll        	CmPitch       	CmYaw         	Cd(f)         	Cd(r)         	Cs(f)         	Cs(r)         	Cl(f)         	Cl(r)         
1             	5.631710e-04	1.556198e-19	2.048016e-04	-5.120041e-06	7.271912e-04	1.407928e-05	2.764655e-04	2.867056e-04	1.407928e-05	-1.407928e-05	8.295920e-04	-6.247904e-04
2             	2.031018e-03	1.512170e-19	7.353742e-04	-1.838436e-05	2.674997e-03	5.077546e-05	9.971248e-04	1.033893e-03	5.077546e-05	-5.077546e-05	3.042684e-03	-2.307310e-03
3             	1.910499e-03	-4.704115e-20	8.390596e-04	-2.097649e-05	2.197501e-03	4.776247e-05	9.342728e-04	9.762258e-04	4.776247e-05	-4.776247e-05	2.617031e-03	-1.777971e-03
4             	1.461700e-03	-5.071792e-20	9.221468e-04	-2.305367e-05	1.083278e-03	3.654250e-05	7.077964e-04	7.539037e-04	3.654250e-05	-3.654250e-05	1.544351e-03	-6.222047e-04
5             	1.121246e-03	-2.451041e-20	8.357711e-04	-2.089428e-05	5.613952e-04	2.803115e-05	5.397286e-04	5.815172e-04	2.803115e-05	-2.803115e-05	9.792808e-04	-1.435097e-04
6             	9.963956e-04	-2.793819e-21	6.927167e-04	-1.731792e-05	6.256659e-04	2.490989e-05	4.808799e-04	5.155157e-04	2.490989e-05	-2.490989e-05	9.720242e-04	-2.793075e-04
7             	1.063934e-03	1.284903e-20	5.992004e-04	-1.498001e-05	9.849471e-04	2.659836e-05	5.169872e-04	5.469472e-04	2.659836e-05	-2.659836e-05	1.284547e-03	-6.853470e-04
8             	1.230898e-03	1.679176e-20	6.768503e-04	-1.692126e-05	1.167768e-03	3.077246e-05	5.985279e-04	6.323704e-04	3.077246e-05	-3.077246e-05	1.506194e-03	-8.293433e-04
9             	1.409207e-03	1.626369e-20	8.953374e-04	-2.238343e-05	1.066090e-03	3.523016e-05	6.822198e-04	7.269867e-04	3.523016e-05	-3.523016e-05	1.513758e-03	-6.184210e-04
10            	1.538106e-03	1.479374e-20	1.164163e-03	-2.910409e-05	7.542073e-04	3.845264e-05	7.399487e-04	7.981569e-04	3.845264e-05	-3.845264e-05	1.336289e-03	-1.721255e-04
11            	1.605788e-03	1.386258e-20	1.425291e-03	-3.563227e-05	3.375771e-04	4.014470e-05	7.672618e-04	8.385263e-04	4.014470e-05	-4.014470e-05	1.050222e-03	3.750682e-04
12            	1.629605e-03	1.258608e-20	1.646674e-03	-4.116686e-05	-8.112807e-05	4.074012e-05	7.736356e-04	8.559693e-04	4.074012e-05	-4.074012e-05	7.422091e-04	9.044652e-04
13            	1.640873e-03	1.282817e-20	1.820964e-03	-4.552410e-05	-4.211362e-04	4.102181e-05	7.749122e-04	8.659604e-04	4.102181e-05	-4.102181e-05	4.893457e-04	1.331618e-03
14            	1.644805e-03	1.311853e-20	1.954803e-03	-4.887008e-05	-6.893601e-04	4.112013e-05	7.735325e-04	8.712726e-04	4.112013e-05	-4.112013e-05	2.880416e-04	1.666762e-03
15            	1.647484e-03	1.347354e-20	2.064342e-03	-5.160854e-05	-9.090604e-04	4.118711e-05	7.721336e-04	8.753507e-04	4.118711e-05	-4.118711e-05	1.231105e-04	1.941231e-03
16            	1.647999e-03	1.365013e-20	2.156384e-03	-5.390961e-05	-1.097377e-03	4.119998e-05	7.700900e-04	8.779092e-04	4.119998e-05	-4.119998e-05	-1.918461e-05	2.175569e-03
17            	1.646759e-03	1.378940e-20	2.234197e-03	-5.585491e-05	-1.260166e-03	4.116899e-05	7.675248e-04	8.792347e-04	4.116899e-05	-4.116899e-05	-1.430675e-04	2.377264e-03
18            	1.645423e-03	1.408957e-20	2.301544e-03	-5.753860e-05	-1.401821e-03	4.113558e-05	7.651730e-04	8.802502e-04	4.113558e-05	-4.113558e-05	-2.510493e-04	2.552593e-03
19            	1.643813e-03	1.426795e-20	2.358177e-03	-5.895442e-05	-1.521832e-03	4.109532e-05	7.629520e-04	8.808609e-04	4.109532e-05	-4.109532e-05	-3.427432e-04	2.700920e-03
20            	1.641463e-03	1.431192e-20	2.404827e-03	-6.012067e-05	-1.622563e-03	4.103657e-05	7.606107e-04	8.808520e-04	4.103657e-05	-4.103657e-05	-4.201495e-04	2.824976e-03
21            	1.638315e-03	1.426736e-20	2.442651e-03	-6.106629e-05	-1.706529e-03	4.095788e-05	7.580914e-04	8.802239e-04	4.095788e-05	-4.095788e-05	-4.852032e-04	2.927855e-03
22            	1.634553e-03	1.416672e-20	2.472886e-03	-6.182215e-05	-1.775941e-03	4.086383e-05	7.554544e-04	8.790987e-04	4.086383e-05	-4.086383e-05	-5.394984e-04	3.012384e-03
23            	1.630515e-03	1.409634e-20	2.496462e-03	-6.241156e-05	-1.832057e-03	4.076286e-05	7.528457e-04	8.776689e-04	4.076286e-05	-4.076286e-05	-5.838262e-04	3.080289e-03
24            	1.626376e-03	1.401098e-20	2.514393e-03	-6.285982e-05	-1.876654e-03	4.065940e-05	7.503282e-04	8.760478e-04	4.065940e-05	-4.065940e-05	-6.194580e-04	3.133851e-03
25            	1.621989e-03	1.383970e-20	2.527794e-03	-6.319484e-05	-1.912397e-03	4.054972e-05	7.477996e-04	8.741893e-04	4.054972e-05	-4.054972e-05	-6.485002e-04	3.176294e-03
26            	1.617472e-03	1.373105e-20	2.536957e-03	-6.342391e-05	-1.939569e-03	4.043681e-05	7.453123e-04	8.721601e-04	4.043681e-05	-4.043681e-05	-6.710910e-04	3.208048e-03
27            	1.612992e-03	1.364460e-20	2.542474e-03	-6.356186e-05	-1.959047e-03	4.032479e-05	7.429340e-04	8.700577e-04	4.032479e-05	-4.032479e-05	-6.878094e-04	3.230284e-03
28            	1.608587e-03	1.356228e-20	2.544839e-03	-6.362097e-05	-1.971739e-03	4.021468e-05	7.406726e-04	8.679146e-04	4.021468e-05	-4.021468e-05	-6.993198e-04	3.244159e-03
29            	1.604584e-03	1.351338e-20	2.544569e-03	-6.361422e-05	-1.978048e-03	4.011461e-05	7.386780e-04	8.659065e-04	4.011461e-05	-4.011461e-05	-7.057639e-04	3.250333e-03
30            	1.600889e-03	1.343831e-20	2.542232e-03	-6.355581e-05	-1.979373e-03	4.002222e-05	7.368885e-04	8.640001e-04	4.002222e-05	-4.002222e-05	-7.082572e-04	3.250490e-03
31            	1.597471e-03	1.336427e-20	2.538304e-03	-6.345761e-05	-1.976788e-03	3.993677e-05	7.352779e-04	8.621931e-04	3.993677e-05	-3.993677e-05	-7.076353e-04	3.245940e-03
32            	1.594323e-03	1.329099e-20	2.533120e-03	-6.332799e-05	-1.971026e-03	3.985809e-05	7.338337e-04	8.604897e-04	3.985809e-05	-3.985809e-05	-7.044665e-04	3.237586e-03
33            	1.591367e-03	1.321856e-20	2.526931e-03	-6.317328e-05	-1.962800e-03	3.978418e-05	7.325103e-04	8.588569e-04	3.978418e-05	-3.978418e-05	-6.993348e-04	3.226266e-03
34            	1.588555e-03	1.317273e-20	2.519887e-03	-6.299719e-05	-1.952526e-03	3.971388e-05	7.312805e-04	8.572748e-04	3.971388e-05	-3.971388e-05	-6.925818e-04	3.212469e-03
35            	1.586026e-03	1.312554e-20	2.512349e-03	-6.280873e-05	-1.940697e-03	3.965064e-05	7.302042e-04	8.558216e-04	3.965064e-05	-3.965064e-05	-6.845229e-04	3.196872e-03
36            	1.583592e-03	1.304991e-20	2.504418e-03	-6.261045e-05	-1.927919e-03	3.958979e-05	7.291853e-04	8.544062e-04	3.958979e-05	-3.958979e-05	-6.757095e-04	3.180128e-03
37            	1.581201e-03	1.298047e-20	2.496182e-03	-6.240454e-05	-1.914454e-03	3.953001e-05	7.281958e-04	8.530048e-04	3.953001e-05	-3.953001e-05	-6.663632e-04	3.162545e-03
38            	1.578880e-03	1.291026e-20	2.487732e-03	-6.219329e-05	-1.900457e-03	3.947200e-05	7.272468e-04	8.516334e-04	3.947200e-05	-3.947200e-05	-6.565908e-04	3.144323e-03
39            	1.576591e-03	1.283915e-20	2.479104e-03	-6.197760e-05	-1.886073e-03	3.941477e-05	7.263179e-04	8.502731e-04	3.941477e-05	-3.941477e-05	-6.465211e-04	3.125625e-03
40            	1.574319e-03	1.275934e-20	2.470408e-03	-6.176020e-05	-1.871570e-03	3.935799e-05	7.253995e-04	8.489199e-04	3.935799e-05	-3.935799e-05	-6.363662e-04	3.106774e-03
41            	1.572036e-03	1.270020e-20	2.461606e-03	-6.154015e-05	-1.856927e-03	3.930090e-05	7.244778e-04	8.475581e-04	3.930090e-05	-3.930090e-05	-6.261240e-04	3.087730e-03
42            	1.569803e-03	1.262929e-20	2.452876e-03	-6.132191e-05	-1.842400e-03	3.924509e-05	7.235798e-04	8.462237e-04	3.924509e-05	-3.924509e-05	-6.159614e-04	3.068838e-03
43            	1.567593e-03	1.256792e-20	2.444217e-03	-6.110542e-05	-1.828041e-03	3.918984e-05	7.226913e-04	8.449021e-04	3.918984e-05	-3.918984e-05	-6.059325e-04	3.050149e-03
44            	1.565465e-03	1.252103e-20	2.435706e-03	-6.089264e-05	-1.813889e-03	3.913663e-05	7.218400e-04	8.436252e-04	3.913663e-05	-3.913663e-05	-5.960364e-04	3.031742e-03
45            	1.563453e-03	1.246164e-20	2.427399e-03	-6.068496e-05	-1.799989e-03	3.908632e-05	7.210414e-04	8.424113e-04	3.908632e-05	-3.908632e-05	-5.862901e-04	3.013689e-03
46            	1.561539e-03	1.241447e-20	2.419330e-03	-6.048325e-05	-1.786445e-03	3.903847e-05	7.202862e-04	8.412527e-04	3.903847e-05	-3.903847e-05	-5.767800e-04	2.996110e-03
47            	1.559790e-03	1.238080e-20	2.411605e-03	-6.029013e-05	-1.773340e-03	3.899476e-05	7.196051e-04	8.401854e-04	3.899476e-05	-3.899476e-05	-5.675370e-04	2.979142e-03
48            	1.558221e-03	1.234192e-20	2.404223e-03	-6.010558e-05	-1.760633e-03	3.895553e-05	7.190051e-04	8.392163e-04	3.895553e-05	-3.895553e-05	-5.585215e-04	2.962745e-03
49            	1.556794e-03	1.229807e-20	2.397247e-03	-5.993117e-05	-1.748535e-03	3.891984e-05	7.184657e-04	8.383280e-04	3.891984e-05	-3.891984e-05	-5.499120e-04	2.947159e-03
50            	1.555586e-03	1.227035e-20	2.390582e-03	-5.976454e-05	-1.736669e-03	3.888964e-05	7.180283e-04	8.375574e-04	3.888964e-05	-3.888964e-05	-5.413785e-04	2.931960e-03
51            	1.554592e-03	1.223767e-20	2.384177e-03	-5.960441e-05	-1.724929e-03	3.886480e-05	7.176916e-04	8.369005e-04	3.886480e-05	-3.886480e-05	-5.328411e-04	2.917018e-03
52            	1.553706e-03	1.221034e-20	2.378388e-03	-5.945969e-05	-1.714328e-03	3.884265e-05	7.173933e-04	8.363126e-04	3.884265e-05	-3.884265e-05	-5.251343e-04	2.903522e-03
53            	1.552854e-03	1.218382e-20	2.373043e-03	-5.932606e-05	-1.704627e-03	3.882135e-05	7.171009e-04	8.357530e-04	3.882135e-05	-3.882135e-05	-5.181061e-04	2.891149e-03
54            	1.552046e-03	1.215900e-20	2.368092e-03	-5.920229e-05	-1.695686e-03	3.880114e-05	7.168206e-04	8.352252e-04	3.880114e-05	-3.880114e-05	-5.116403e-04	2.879732e-03
55            	1.551284e-03	1.213160e-20	2.363500e-03	-5.908750e-05	-1.687422e-03	3.878211e-05	7.165546e-04	8.347296e-04	3.878211e-05	-3.878211e-05	-5.056716e-04	2.869171e-03
56            	1.550581e-03	1.211567e-20	2.359215e-03	-5.898038e-05	-1.679700e-03	3.876451e-05	7.163099e-04	8.342706e-04	3.876451e-05	-3.876451e-05	-5.000924e-04	2.859307e-03
57            	1.549955e-03	1.209315e-20	2.355328e-03	-5.888320e-05	-1.672679e-03	3.874888e-05	7.160943e-04	8.338607e-04	3.874888e-05	-3.874888e-05	-4.950148e-04	2.850343e-03
58            	1.549378e-03	1.208148e-20	2.351743e-03	-5.879358e-05	-1.666214e-03	3.873446e-05	7.158955e-04	8.334827e-04	3.873446e-05	-3.873446e-05	-4.903424e-04	2.842086e-03
59            	1.548869e-03	1.206734e-20	2.348530e-03	-5.871326e-05	-1.660416e-03	3.872172e-05	7.157211e-04	8.331476e-04	3.872172e-05	-3.872172e-05	-4.861509e-04	2.834681e-03
60            	1.548508e-03	1.205008e-20	2.345647e-03	-5.864117e-05	-1.655008e-03	3.871270e-05	7.156128e-04	8.328951e-04	3.871270e-05	-3.871270e-05	-4.821850e-04	2.827832e-03
61            	1.548216e-03	1.203591e-20	2.343046e-03	-5.857614e-05	-1.650075e-03	3.870540e-05	7.155319e-04	8.326842e-04	3.870540e-05	-3.870540e-05	-4.785523e-04	2.821598e-03
62            	1.547896e-03	1.202335e-20	2.340692e-03	-5.851731e-05	-1.645737e-03	3.869740e-05	7.154306e-04	8.324652e-04	3.869740e-05	-3.869740e-05	-4.753909e-04	2.816083e-03
63            	1.547552e-03	1.201252e-20	2.338535e-03	-5.846338e-05	-1.641866e-03	3.868881e-05	7.153129e-04	8.322396e-04	3.868881e-05	-3.868881e-05	-4.725984e-04	2.811134e-03
64            	1.547232e-03	1.200277e-20	2.336559e-03	-5.841397e-05	-1.638337e-03	3.868081e-05	7.152022e-04	8.320301e-04	3.868081e-05	-3.868081e-05	-4.700578e-04	2.806616e-03
65            	1.546934e-03	1.199460e-20	2.334758e-03	-5.836895e-05	-1.635138e-03	3.867335e-05	7.150981e-04	8.318360e-04	3.867335e-05	-3.867335e-05	-4.677594e-04	2.802517e-03
66            	1.546668e-03	1.199077e-20	2.333108e-03	-5.832771e-05	-1.632197e-03	3.866670e-05	7.150064e-04	8.316618e-04	3.866670e-05	-3.866670e-05	-4.656424e-04	2.798751e-03
67            	1.546439e-03	1.198529e-20	2.331646e-03	-5.829116e-05	-1.629583e-03	3.866098e-05	7.149285e-04	8.315108e-04	3.866098e-05	-3.866098e-05	-4.637597e-04	2.795406e-03
68            	1.546230e-03	1.197827e-20	2.330351e-03	-5.825876e-05	-1.627288e-03	3.865575e-05	7.148563e-04	8.313738e-04	3.865575e-05	-3.865575e-05	-4.621125e-04	2.792463e-03
69            	1.546037e-03	1.197350e-20	2.329191e-03	-5.822977e-05	-1.625251e-03	3.865093e-05	7.147888e-04	8.312483e-04	3.865093e-05	-3.865093e-05	-4.606554e-04	2.789846e-03
70            	1.545864e-03	1.196956e-20	2.328156e-03	-5.820389e-05	-1.623440e-03	3.864659e-05	7.147279e-04	8.311357e-04	3.864659e-05	-3.864659e-05	-4.593626e-04	2.787518e-03
71            	1.545708e-03	1.196626e-20	2.327234e-03	-5.818085e-05	-1.621836e-03	3.864271e-05	7.146733e-04	8.310350e-04	3.864271e-05	-3.864271e-05	-4.582186e-04	2.785453e-03
72            	1.545570e-03	1.196353e-20	2.326418e-03	-5.816044e-05	-1.620422e-03	3.863925e-05	7.146245e-04	8.309453e-04	3.863925e-05	-3.863925e-05	-4.572129e-04	2.783631e-03
73            	1.545427e-03	1.196307e-20	2.325689e-03	-5.814222e-05	-1.619202e-03	3.863568e-05	7.145713e-04	8.308558e-04	3.863568e-05	-3.863568e-05	-4.563573e-04	2.782046e-03
74            	1.545303e-03	1.196179e-20	2.325062e-03	-5.812656e-05	-1.618162e-03	3.863259e-05	7.145252e-04	8.307783e-04	3.863259e-05	-3.863259e-05	-4.556313e-04	2.780694e-03
75            	1.545215e-03	1.195961e-20	2.324521e-03	-5.811303e-05	-1.617235e-03	3.863037e-05	7.144945e-04	8.307205e-04	3.863037e-05	-3.863037e-05	-4.549747e-04	2.779496e-03
76            	1.545141e-03	1.195835e-20	2.324043e-03	-5.810108e-05	-1.616410e-03	3.862854e-05	7.144696e-04	8.306718e-04	3.862854e-05	-3.862854e-05	-4.543881e-04	2.778431e-03
77            	1.545082e-03	1.195765e-20	2.323630e-03	-5.809074e-05	-1.615693e-03	3.862704e-05	7.144501e-04	8.306316e-04	3.862704e-05	-3.862704e-05	-4.538778e-04	2.777507e-03
78            	1.545018e-03	1.195721e-20	2.323272e-03	-5.808180e-05	-1.615100e-03	3.862546e-05	7.144274e-04	8.305909e-04	3.862546e-05	-3.862546e-05	-4.534640e-04	2.776736e-03
79            	1.544967e-03	1.195721e-20	2.322969e-03	-5.807424e-05	-1.614601e-03	3.862418e-05	7.144093e-04	8.305578e-04	3.862418e-05	-3.862418e-05	-4.531159e-04	2.776085e-03
80            	1.544927e-03	1.195742e-20	2.322714e-03	-5.806784e-05	-1.614178e-03	3.862317e-05	7.143956e-04	8.305312e-04	3.862317e-05	-3.862317e-05	-4.528208e-04	2.775534e-03
81            	1.544897e-03	1.195785e-20	2.322500e-03	-5.806251e-05	-1.613823e-03	3.862243e-05	7.143860e-04	8.305111e-04	3.862243e-05	-3.862243e-05	-4.525726e-04	2.775073e-03
82            	1.544878e-03	1.195848e-20	2.322326e-03	-5.805816e-05	-1.613529e-03	3.862194e-05	7.143806e-04	8.304969e-04	3.862194e-05	-3.862194e-05	-4.523661e-04	2.774692e-03
83            	1.544868e-03	1.195929e-20	2.322188e-03	-5.805471e-05	-1.613292e-03	3.862169e-05	7.143791e-04	8.304886e-04	3.862169e-05	-3.862169e-05	-4.521979e-04	2.774386e-03
84            	1.544866e-03	1.196025e-20	2.322084e-03	-5.805210e-05	-1.613108e-03	3.862166e-05	7.143811e-04	8.304853e-04	3.862166e-05	-3.862166e-05	-4.520659e-04	2.774150e-03
85            	1.544873e-03	1.196135e-20	2.322011e-03	-5.805026e-05	-1.612973e-03	3.862181e-05	7.143860e-04	8.304866e-04	3.862181e-05	-3.862181e-05	-4.519676e-04	2.773978e-03
86            	1.544885e-03	1.196255e-20	2.321965e-03	-5.804913e-05	-1.612883e-03	3.862213e-05	7.143935e-04	8.304918e-04	3.862213e-05	-3.862213e-05	-4.519009e-04	2.773866e-03
87            	1.544903e-03	1.196384e-20	2.321945e-03	-5.804863e-05	-1.612836e-03	3.862259e-05	7.144031e-04	8.305003e-04	3.862259e-05	-3.862259e-05	-4.518631e-04	2.773808e-03
88            	1.544926e-03	1.196521e-20	2.321948e-03	-5.804870e-05	-1.612826e-03	3.862316e-05	7.144144e-04	8.305118e-04	3.862316e-05	-3.862316e-05	-4.518518e-04	2.773800e-03
89            	1.544953e-03	1.196663e-20	2.321971e-03	-5.804928e-05	-1.612850e-03	3.862382e-05	7.144272e-04	8.305258e-04	3.862382e-05	-3.862382e-05	-4.518644e-04	2.773836e-03
90            	1.544983e-03	1.196810e-20	2.322013e-03	-5.805033e-05	-1.612905e-03	3.862458e-05	7.144412e-04	8.305419e-04	3.862458e-05	-3.862458e-05	-4.518990e-04	2.773912e-03
91            	1.545016e-03	1.196961e-20	2.322071e-03	-5.805179e-05	-1.612989e-03	3.862540e-05	7.144563e-04	8.305599e-04	3.862540e-05	-3.862540e-05	-4.519534e-04	2.774025e-03
92            	1.545051e-03	1.197114e-20	2.322145e-03	-5.805362e-05	-1.613099e-03	3.862629e-05	7.144721e-04	8.305794e-04	3.862629e-05	-3.862629e-05	-4.520267e-04	2.774172e-03
93            	1.545088e-03	1.197247e-20	2.322232e-03	-5.805580e-05	-1.613234e-03	3.862721e-05	7.144883e-04	8.305999e-04	3.862721e-05	-3.862721e-05	-4.521180e-04	2.774350e-03
94            	1.545126e-03	1.197394e-20	2.322331e-03	-5.805827e-05	-1.613391e-03	3.862814e-05	7.145046e-04	8.306211e-04	3.862814e-05	-3.862814e-05	-4.522256e-04	2.774556e-03
95            	1.545163e-03	1.197543e-20	2.322439e-03	-5.806097e-05	-1.613567e-03	3.862908e-05	7.145207e-04	8.306426e-04	3.862908e-05	-3.862908e-05	-4.523472e-04	2.774786e-03
96            	1.545202e-03	1.197713e-20	2.322555e-03	-5.806388e-05	-1.613756e-03	3.863005e-05	7.145371e-04	8.306649e-04	3.863005e-05	-3.863005e-05	-4.524787e-04	2.775034e-03
97            	1.545241e-03	1.197876e-20	2.322679e-03	-5.806699e-05	-1.613961e-03	3.863103e-05	7.145536e-04	8.306876e-04	3.863103e-05	-3.863103e-05	-4.526212e-04	2.775301e-03
98            	1.545281e-03	1.198038e-20	2.322808e-03	-5.807021e-05	-1.614172e-03	3.863203e-05	7.145704e-04	8.307108e-04	3.863203e-05	-3.863203e-05	-4.527677e-04	2.775576e-03
99            	1.545321e-03	1.198199e-20	2.322944e-03	-5.807361e-05	-1.614398e-03	3.863303e-05	7.145869e-04	8.307342e-04	3.863303e-05	-3.863303e-05	-4.529255e-04	2.775870e-03
100           	1.545360e-03	1.198348e-20	2.323085e-03	-5.807712e-05	-1.614635e-03	3.863400e-05	7.146029e-04	8.307571e-04	3.863400e-05	-3.863400e-05	-4.530927e-04	2.776177e-03
101           	1.545399e-03	1.198498e-20	2.323227e-03	-5.808068e-05	-1.614874e-03	3.863498e-05	7.146189e-04	8.307803e-04	3.863498e-05	-3.863498e-05	-4.532603e-04	2.776487e-03
102           	1.545438e-03	1.198650e-20	2.323370e-03	-5.808426e-05	-1.615114e-03	3.863595e-05	7.146347e-04	8.308033e-04	3.863595e-05	-3.863595e-05	-4.534291e-04	2.776800e-03
103           	1.545477e-03	1.198796e-20	2.323515e-03	-5.808788e-05	-1.615356e-03	3.863693e-05	7.146507e-04	8.308265e-04	3.863693e-05	-3.863693e-05	-4.535984e-04	2.777114e-03
104           	1.545516e-03	1.198938e-20	2.323660e-03	-5.809151e-05	-1.615598e-03	3.863791e-05	7.146667e-04	8.308498e-04	3.863791e-05	-3.863791e-05	-4.537676e-04	2.777428e-03
105           	1.545556e-03	1.199076e-20	2.323805e-03	-5.809513e-05	-1.615838e-03	3.863890e-05	7.146828e-04	8.308731e-04	3.863890e-05	-3.863890e-05	-4.539350e-04	2.777740e-03
106           	1.545593e-03	1.199213e-20	2.323954e-03	-5.809886e-05	-1.616091e-03	3.863982e-05	7.146976e-04	8.308953e-04	3.863982e-05	-3.863982e-05	-4.541137e-04	2.778068e-03
107           	1.545627e-03	1.199340e-20	2.324101e-03	-5.810253e-05	-1.616344e-03	3.864068e-05	7.147110e-04	8.309160e-04	3.864068e-05	-3.864068e-05	-4.542937e-04	2.778395e-03
108           	1.545659e-03	1.199458e-20	2.324245e-03	-5.810612e-05	-1.616595e-03	3.864147e-05	7.147233e-04	8.309355e-04	3.864147e-05	-3.864147e-05	-4.544729e-04	2.778718e-03
109           	1.545691e-03	1.199553e-20	2.324383e-03	-5.810959e-05	-1.616834e-03	3.864227e-05	7.147358e-04	8.309549e-04	3.864227e-05	-3.864227e-05	-4.546421e-04	2.779026e-03
110           	1.545722e-03	1.199655e-20	2.324520e-03	-5.811299e-05	-1.617068e-03	3.864304e-05	7.147478e-04	8.309738e-04	3.864304e-05	-3.864304e-05	-4.548086e-04	2.779328e-03
111           	1.545751e-03	1.199752e-20	2.324652e-03	-5.811630e-05	-1.617297e-03	3.864378e-05	7.147592e-04	8.309918e-04	3.864378e-05	-3.864378e-05	-4.549715e-04	2.779623e-03
112           	1.545778e-03	1.199846e-20	2.324780e-03	-5.811949e-05	-1.617521e-03	3.864446e-05	7.147697e-04	8.310087e-04	3.864446e-05	-3.864446e-05	-4.551311e-04	2.779911e-03
113           	1.545801e-03	1.199930e-20	2.324899e-03	-5.812249e-05	-1.617735e-03	3.864504e-05	7.147782e-04	8.310232e-04	3.864504e-05	-3.864504e-05	-4.552855e-04	2.780185e-03
114           	1.545824e-03	1.200018e-20	2.325013e-03	-5.812532e-05	-1.617936e-03	3.864560e-05	7.147866e-04	8.310373e-04	3.864560e-05	-3.864560e-05	-4.554299e-04	2.780443e-03
115           	1.545847e-03	1.200111e-20	2.325121e-03	-5.812803e-05	-1.618125e-03	3.864617e-05	7.147954e-04	8.310515e-04	3.864617e-05	-3.864617e-05	-4.555645e-04	2.780686e-03
116           	1.545869e-03	1.200182e-20	2.325226e-03	-5.813065e-05	-1.618307e-03	3.864674e-05	7.148040e-04	8.310654e-04	3.864674e-05	-3.864674e-05	-4.556943e-04	2.780920e-03
117           	1.545891e-03	1.200263e-20	2.325326e-03	-5.813315e-05	-1.618481e-03	3.864727e-05	7.148122e-04	8.310785e-04	3.864727e-05	-3.864727e-05	-4.558181e-04	2.781144e-03
118           	1.545911e-03	1.200327e-20	2.325422e-03	-5.813555e-05	-1.618648e-03	3.864777e-05	7.148198e-04	8.310909e-04	3.864777e-05	-3.864777e-05	-4.559374e-04	2.781359e-03
119           	1.545929e-03	1.200392e-20	2.325512e-03	-5.813781e-05	-1.618807e-03	3.864823e-05	7.148268e-04	8.311025e-04	3.864823e-05	-3.864823e-05	-4.560507e-04	2.781563e-03
120           	1.545947e-03	1.200461e-20	2.325598e-03	-5.813996e-05	-1.618957e-03	3.864868e-05	7.148336e-04	8.311135e-04	3.864868e-05	-3.864868e-05	-4.561574e-04	2.781756e-03
121           	1.545965e-03	1.200519e-20	2.325683e-03	-5.814207e-05	-1.619104e-03	3.864912e-05	7.148403e-04	8.311244e-04	3.864912e-05	-3.864912e-05	-4.562622e-04	2.781945e-03
122           	1.545981e-03	1.200572e-20	2.325762e-03	-5.814406e-05	-1.619243e-03	3.864952e-05	7.148463e-04	8.311344e-04	3.864952e-05	-3.864952e-05	-4.563621e-04	2.782124e-03
123           	1.545995e-03	1.200628e-20	2.325836e-03	-5.814590e-05	-1.619373e-03	3.864988e-05	7.148517e-04	8.311435e-04	3.864988e-05	-3.864988e-05	-4.564552e-04	2.782291e-03
124           	1.546009e-03	1.200671e-20	2.325905e-03	-5.814763e-05	-1.619495e-03	3.865022e-05	7.148568e-04	8.311521e-04	3.865022e-05	-3.865022e-05	-4.565422e-04	2.782448e-03
125           	1.546022e-03	1.200721e-20	2.325970e-03	-5.814925e-05	-1.619608e-03	3.865055e-05	7.148617e-04	8.311602e-04	3.865055e-05	-3.865055e-05	-4.566228e-04	2.782593e-03
126           	1.546034e-03	1.200764e-20	2.326031e-03	-5.815078e-05	-1.619714e-03	3.865086e-05	7.148664e-04	8.311679e-04	3.865086e-05	-3.865086e-05	-4.566985e-04	2.782730e-03
127           	1.546046e-03	1.200798e-20	2.326088e-03	-5.815221e-05	-1.619815e-03	3.865114e-05	7.148707e-04	8.311751e-04	3.865114e-05	-3.865114e-05	-4.567703e-04	2.782859e-03
128           	1.546056e-03	1.200834e-20	2.326142e-03	-5.815355e-05	-1.619908e-03	3.865141e-05	7.148746e-04	8.311817e-04	3.865141e-05	-3.865141e-05	-4.568373e-04	2.782979e-03
129           	1.546066e-03	1.200873e-20	2.326192e-03	-5.815480e-05	-1.619995e-03	3.865166e-05	7.148784e-04	8.311880e-04	3.865166e-05	-3.865166e-05	-4.568994e-04	2.783091e-03
130           	1.546076e-03	1.200906e-20	2.326239e-03	-5.815597e-05	-1.620077e-03	3.865189e-05	7.148819e-04	8.311939e-04	3.865189e-05	-3.865189e-05	-4.569575e-04	2.783196e-03
131           	1.546083e-03	1.200936e-20	2.326283e-03	-5.815707e-05	-1.620158e-03	3.865207e-05	7.148842e-04	8.311984e-04	3.865207e-05	-3.865207e-05	-4.570165e-04	2.783299e-03
132           	1.546088e-03	1.200965e-20	2.326323e-03	-5.815808e-05	-1.620234e-03	3.865221e-05	7.148860e-04	8.312022e-04	3.865221e-05	-3.865221e-05	-4.570719e-04	2.783395e-03
133           	1.546094e-03	1.200993e-20	2.326361e-03	-5.815902e-05	-1.620302e-03	3.865236e-05	7.148881e-04	8.312061e-04	3.865236e-05	-3.865236e-05	-4.571214e-04	2.783482e-03
134           	1.546101e-03	1.201013e-20	2.326396e-03	-5.815990e-05	-1.620365e-03	3.865251e-05	7.148904e-04	8.312102e-04	3.865251e-05	-3.865251e-05	-4.571665e-04	2.783563e-03
135           	1.546107e-03	1.201035e-20	2.326429e-03	-5.816072e-05	-1.620422e-03	3.865267e-05	7.148927e-04	8.312141e-04	3.865267e-05	-3.865267e-05	-4.572080e-04	2.783637e-03
136           	1.546113e-03	1.201058e-20	2.326460e-03	-5.816149e-05	-1.620476e-03	3.865282e-05	7.148949e-04	8.312179e-04	3.865282e-05	-3.865282e-05	-4.572458e-04	2.783705e-03
137           	1.546119e-03	1.201073e-20	2.326488e-03	-5.816221e-05	-1.620525e-03	3.865297e-05	7.148972e-04	8.312216e-04	3.865297e-05	-3.865297e-05	-4.572810e-04	2.783769e-03
138           	1.546124e-03	1.201089e-20	2.326515e-03	-5.816287e-05	-1.620571e-03	3.865310e-05	7.148992e-04	8.312249e-04	3.865310e-05	-3.865310e-05	-4.573133e-04	2.783828e-03
139           	1.546129e-03	1.201107e-20	2.326539e-03	-5.816347e-05	-1.620612e-03	3.865323e-05	7.149011e-04	8.312280e-04	3.865323e-05	-3.865323e-05	-4.573426e-04	2.783881e-03
140           	1.546134e-03	1.201119e-20	2.326561e-03	-5.816403e-05	-1.620650e-03	3.865334e-05	7.149029e-04	8.312309e-04	3.865334e-05	-3.865334e-05	-4.573698e-04	2.783931e-03
141           	1.546138e-03	1.201131e-20	2.326582e-03	-5.816454e-05	-1.620685e-03	3.865345e-05	7.149044e-04	8.312335e-04	3.865345e-05	-3.865345e-05	-4.573943e-04	2.783976e-03
142           	1.546142e-03	1.201145e-20	2.326600e-03	-5.816501e-05	-1.620718e-03	3.865354e-05	7.149059e-04	8.312359e-04	3.865354e-05	-3.865354e-05	-4.574173e-04	2.784018e-03
143           	1.546145e-03	1.201156e-20	2.326618e-03	-5.816545e-05	-1.620748e-03	3.865363e-05	7.149072e-04	8.312380e-04	3.865363e-05	-3.865363e-05	-4.574386e-04	2.784056e-03
144           	1.546148e-03	1.201164e-20	2.326634e-03	-5.816585e-05	-1.620776e-03	3.865371e-05	7.149083e-04	8.312400e-04	3.865371e-05	-3.865371e-05	-4.574585e-04	2.784093e-03
145           	1.546151e-03	1.201174e-20	2.326649e-03	-5.816622e-05	-1.620801e-03	3.865378e-05	7.149093e-04	8.312418e-04	3.865378e-05	-3.865378e-05	-4.574767e-04	2.784125e-03
146           	1.546154e-03	1.201183e-20	2.326662e-03	-5.816656e-05	-1.620825e-03	3.865384e-05	7.149103e-04	8.312434e-04	3.865384e-05	-3.865384e-05	-4.574934e-04	2.784156e-03
147           	1.546156e-03	1.201189e-20	2.326675e-03	-5.816687e-05	-1.620846e-03	3.865390e-05	7.149112e-04	8.312449e-04	3.865390e-05	-3.865390e-05	-4.575089e-04	2.784184e-03
148           	1.546158e-03	1.201197e-20	2.326686e-03	-5.816716e-05	-1.620866e-03	3.865395e-05	7.149119e-04	8.312462e-04	3.865395e-05	-3.865395e-05	-4.575229e-04	2.784209e-03
149           	1.546160e-03	1.201203e-20	2.326697e-03	-5.816742e-05	-1.620884e-03	3.865400e-05	7.149127e-04	8.312475e-04	3.865400e-05	-3.865400e-05	-4.575357e-04	2.784232e-03
150           	1.546162e-03	1.201208e-20	2.326706e-03	-5.816766e-05	-1.620901e-03	3.865405e-05	7.149133e-04	8.312486e-04	3.865405e-05	-3.865405e-05	-4.575474e-04	2.784254e-03
151           	1.546164e-03	1.201212e-20	2.326715e-03	-5.816787e-05	-1.620916e-03	3.865409e-05	7.149139e-04	8.312497e-04	3.865409e-05	-3.865409e-05	-4.575581e-04	2.784273e-03
152           	1.546165e-03	1.201217e-20	2.326723e-03	-5.816807e-05	-1.620929e-03	3.865413e-05	7.149144e-04	8.312506e-04	3.865413e-05	-3.865413e-05	-4.575677e-04	2.784291e-03
153           	1.546166e-03	1.201221e-20	2.326730e-03	-5.816825e-05	-1.620941e-03	3.865416e-05	7.149149e-04	8.312514e-04	3.865416e-05	-3.865416e-05	-4.575764e-04	2.784306e-03
154           	1.546167e-03	1.201223e-20	2.326736e-03	-5.816841e-05	-1.620952e-03	3.865419e-05	7.149153e-04	8.312521e-04	3.865419e-05	-3.865419e-05	-4.575842e-04	2.784321e-03
155           	1.546168e-03	1.201226e-20	2.326742e-03	-5.816855e-05	-1.620962e-03	3.865421e-05	7.149157e-04	8.312528e-04	3.865421e-05	-3.865421e-05	-4.575912e-04	2.784333e-03
156           	1.546169e-03	1.201229e-20	2.326747e-03	-5.816868e-05	-1.620971e-03	3.865424e-05	7.149160e-04	8.312534e-04	3.865424e-05	-3.865424e-05	-4.575974e-04	2.784345e-03
157           	1.546170e-03	1.201231e-20	2.326752e-03	-5.816879e-05	-1.620979e-03	3.865425e-05	7.149163e-04	8.312538e-04	3.865425e-05	-3.865425e-05	-4.576031e-04	2.784355e-03
158           	1.546171e-03	1.201232e-20	2.326756e-03	-5.816889e-05	-1.620986e-03	3.865427e-05	7.149165e-04	8.312543e-04	3.865427e-05	-3.865427e-05	-4.576081e-04	2.784364e-03
159           	1.546171e-03	1.201234e-20	2.326759e-03	-5.816898e-05	-1.620992e-03	3.865428e-05	7.149167e-04	8.312546e-04	3.865428e-05	-3.865428e-05	-4.576125e-04	2.784372e-03
160           	1.546172e-03	1.201235e-20	2.326762e-03	-5.816906e-05	-1.620997e-03	3.865429e-05	7.149168e-04	8.312549e-04	3.865429e-05	-3.865429e-05	-4.576163e-04	2.784379e-03
161           	1.546172e-03	1.201235e-20	2.326765e-03	-5.816913e-05	-1.621002e-03	3.865431e-05	7.149170e-04	8.312552e-04	3.865431e-05	-3.865431e-05	-4.576193e-04	2.784384e-03
162           	1.546173e-03	1.201235e-20	2.326767e-03	-5.816918e-05	-1.621006e-03	3.865432e-05	7.149171e-04	8.312555e-04	3.865432e-05	-3.865432e-05	-4.576219e-04	2.784389e-03
163           	1.546173e-03	1.201236e-20	2.326769e-03	-5.816923e-05	-1.621009e-03	3.865433e-05	7.149173e-04	8.312557e-04	3.865433e-05	-3.865433e-05	-4.576240e-04	2.784393e-03
164           	1.546173e-03	1.201236e-20	2.326771e-03	-5.816927e-05	-1.621011e-03	3.865433e-05	7.149174e-04	8.312559e-04	3.865433e-05	-3.865433e-05	-4.576257e-04	2.784396e-03
165           	1.546174e-03	1.201236e-20	2.326772e-03	-5.816930e-05	-1.621013e-03	3.865434e-05	7.149175e-04	8.312561e-04	3.865434e-05	-3.865434e-05	-4.576271e-04	2.784399e-03
166           	1.546174e-03	1.201236e-20	2.326773e-03	-5.816933e-05	-1.621015e-03	3.865434e-05	7.149175e-04	8.312562e-04	3.865434e-05	-3.865434e-05	-4.576283e-04	2.784401e-03
167           	1.546174e-03	1.201235e-20	2.326774e-03	-5.816935e-05	-1.621016e-03	3.865435e-05	7.149176e-04	8.312563e-04	3.865435e-05	-3.865435e-05	-4.576292e-04	2.784403e-03
168           	1.546174e-03	1.201235e-20	2.326775e-03	-5.816937e-05	-1.621017e-03	3.865435e-05	7.149176e-04	8.312563e-04	3.865435e-05	-3.865435e-05	-4.576299e-04	2.784405e-03
169           	1.546174e-03	1.201234e-20	2.326775e-03	-5.816938e-05	-1.621018e-03	3.865435e-05	7.149175e-04	8.312563e-04	3.865435e-05	-3.865435e-05	-4.576304e-04	2.784405e-03
170           	1.546174e-03	1.201234e-20	2.326775e-03	-5.816938e-05	-1.621018e-03	3.865434e-05	7.149175e-04	8.312563e-04	3.865434e-05	-3.865434e-05	-4.576307e-04	2.784406e-03
171           	1.546174e-03	1.201233e-20	2.326775e-03	-5.816938e-05	-1.621019e-03	3.865434e-05	7.149175e-04	8.312562e-04	3.865434e-05	-3.865434e-05	-4.576309e-04	2.784406e-03
172           	1.546174e-03	1.201232e-20	2.326775e-03	-5.816938e-05	-1.621019e-03	3.865434e-05	7.149174e-04	8.312562e-04	3.865434e-05	-3.865434e-05	-4.576308e-04	2.784406e-03
173           	1.546173e-03	1.201231e-20	2.326775e-03	-5.816938e-05	-1.621018e-03	3.865434e-05	7.149173e-04	8.312561e-04	3.865434e-05	-3.865434e-05	-4.576307e-04	2.784406e-03
174           	1.546173e-03	1.201231e-20	2.326775e-03	-5.816937e-05	-1.621018e-03	3.865433e-05	7.149173e-04	8.312560e-04	3.865433e-05	-3.865433e-05	-4.576304e-04	2.784405e-03
175           	1.546173e-03	1.201230e-20	2.326775e-03	-5.816936e-05	-1.621017e-03	3.865433e-05	7.149172e-04	8.312559e-04	3.865433e-05	-3.865433e-05	-4.576299e-04	2.784404e-03
176           	1.546173e-03	1.201229e-20	2.326774e-03	-5.816935e-05	-1.621016e-03	3.865432e-05	7.149171e-04	8.312558e-04	3.865432e-05	-3.865432e-05	-4.576294e-04	2.784403e-03
177           	1.546173e-03	1.201228e-20	2.326774e-03	-5.816934e-05	-1.621016e-03	3.865432e-05	7.149170e-04	8.312557e-04	3.865432e-05	-3.865432e-05	-4.576288e-04	2.784402e-03
178           	1.546172e-03	1.201227e-20	2.326773e-03	-5.816932e-05	-1.621014e-03	3.865431e-05	7.149169e-04	8.312555e-04	3.865431e-05	-3.865431e-05	-4.576280e-04	2.784401e-03
179           	1.546172e-03	1.201226e-20	2.326772e-03	-5.816931e-05	-1.621013e-03	3.865431e-05	7.149168e-04	8.312554e-04	3.865431e-05	-3.865431e-05	-4.576272e-04	2.784399e-03
180           	1.546172e-03	1.201225e-20	2.326771e-03	-5.816929e-05	-1.621012e-03	3.865430e-05	7.149167e-04	8.312553e-04	3.865430e-05	-3.865430e-05	-4.576264e-04	2.784398e-03
181           	1.546172e-03	1.201224e-20	2.326771e-03	-5.816927e-05	-1.621011e-03	3.865429e-05	7.149166e-04	8.312551e-04	3.865429e-05	-3.865429e-05	-4.576255e-04	2.784396e-03
182           	1.546172e-03	1.201223e-20	2.326770e-03	-5.816925e-05	-1.621009e-03	3.865429e-05	7.149165e-04	8.312550e-04	3.865429e-05	-3.865429e-05	-4.576245e-04	2.784394e-03
183           	1.546171e-03	1.201222e-20	2.326769e-03	-5.816923e-05	-1.621008e-03	3.865428e-05	7.149164e-04	8.312549e-04	3.865428e-05	-3.865428e-05	-4.576235e-04	2.784393e-03
184           	1.546171e-03	1.201221e-20	2.326768e-03	-5.816920e-05	-1.621007e-03	3.865428e-05	7.149163e-04	8.312547e-04	3.865428e-05	-3.865428e-05	-4.576224e-04	2.784391e-03
185           	1.546171e-03	1.201220e-20	2.326767e-03	-5.816918e-05	-1.621005e-03	3.865427e-05	7.149162e-04	8.312546e-04	3.865427e-05	-3.865427e-05	-4.576213e-04	2.784389e-03
186           	1.546171e-03	1.201219e-20	2.326766e-03	-5.816916e-05	-1.621003e-03	3.865426e-05	7.149161e-04	8.312544e-04	3.865426e-05	-3.865426e-05	-4.576202e-04	2.784387e-03
187           	1.546170e-03	1.201218e-20	2.326765e-03	-5.816914e-05	-1.621002e-03	3.865426e-05	7.149160e-04	8.312543e-04	3.865426e-05	-3.865426e-05	-4.576191e-04	2.784384e-03
188           	1.546170e-03	1.201218e-20	2.326765e-03	-5.816911e-05	-1.621000e-03	3.865425e-05	7.149159e-04	8.312542e-04	3.865425e-05	-3.865425e-05	-4.576180e-04	2.784382e-03
189           	1.546170e-03	1.201217e-20	2.326764e-03	-5.816909e-05	-1.620999e-03	3.865425e-05	7.149159e-04	8.312540e-04	3.865425e-05	-3.865425e-05	-4.576168e-04	2.784380e-03
190           	1.546170e-03	1.201216e-20	2.326763e-03	-5.816907e-05	-1.620997e-03	3.865424e-05	7.149158e-04	8.312539e-04	3.865424e-05	-3.865424e-05	-4.576157e-04	2.784378e-03
191           	1.546169e-03	1.201215e-20	2.326762e-03	-5.816905e-05	-1.620996e-03	3.865424e-05	7.149157e-04	8.312538e-04	3.865424e-05	-3.865424e-05	-4.576146e-04	2.784376e-03
192           	1.546169e-03	1.201214e-20	2.326761e-03	-5.816902e-05	-1.620994e-03	3.865423e-05	7.149156e-04	8.312536e-04	3.865423e-05	-3.865423e-05	-4.576136e-04	2.784374e-03
193           	1.546169e-03	1.201213e-20	2.326760e-03	-5.816900e-05	-1.620993e-03	3.865423e-05	7.149155e-04	8.312535e-04	3.865423e-05	-3.865423e-05	-4.576125e-04	2.784373e-03
194           	1.546169e-03	1.201213e-20	2.326759e-03	-5.816898e-05	-1.620991e-03	3.865422e-05	7.149154e-04	8.312534e-04	3.865422e-05	-3.865422e-05	-4.576114e-04	2.784371e-03
195           	1.546169e-03	1.201212e-20	2.326758e-03	-5.816896e-05	-1.620990e-03	3.865422e-05	7.149154e-04	8.312533e-04	3.865422e-05	-3.865422e-05	-4.576104e-04	2.784369e-03
196           	1.546168e-03	1.201211e-20	2.326758e-03	-5.816894e-05	-1.620988e-03	3.865421e-05	7.149153e-04	8.312532e-04	3.865421e-05	-3.865421e-05	-4.576094e-04	2.784367e-03
197           	1.546168e-03	1.201211e-20	2.326757e-03	-5.816892e-05	-1.620987e-03	3.865421e-05	7.149152e-04	8.312531e-04	3.865421e-05	-3.865421e-05	-4.576084e-04	2.784365e-03
198           	1.546168e-03	1.201210e-20	2.326756e-03	-5.816890e-05	-1.620985e-03	3.865420e-05	7.149152e-04	8.312530e-04	3.865420e-05	-3.865420e-05	-4.576075e-04	2.784363e-03
199           	1.546168e-03	1.201209e-20	2.326755e-03	-5.816888e-05	-1.620984e-03	3.865420e-05	7.149151e-04	8.312529e-04	3.865420e-05	-3.865420e-05	-4.576066e-04	2.784362e-03
