# Force coefficients
# dragDir     : (1.000000e+00 0.000000e+00 0.000000e+00)
# sideDir     : (0.000000e+00 0.000000e+00 -1.000000e+00)
# liftDir     : (0.000000e+00 1.000000e+00 0.000000e+00)
# rollAxis    : (1.000000e+00 0.000000e+00 0.000000e+00)
# pitchAxis   : (0.000000e+00 0.000000e+00 -1.000000e+00)
# yawAxis     : (0.000000e+00 1.000000e+00 0.000000e+00)
# magUInf     : 2.000000e-02
# lRef        : 1.000000e-01
# Aref        : 1.000000e-01
# CofR        : (0.000000e+00 0.000000e+00 0.000000e+00)
#
# Time        	Cd            	Cs            	Cl            	CmRoll        	CmPitch       	CmYaw         	Cd(f)         	Cd(r)         	Cs(f)         	Cs(r)         	Cl(f)         	Cl(r)         
1             	2.110953e-03	4.297362e-20	2.402432e-03	-6.006081e-05	-7.845223e-04	5.277382e-05	9.954156e-04	1.115537e-03	5.277382e-05	-5.277382e-05	4.166938e-04	1.985738e-03
2             	4.947493e-03	2.324606e-19	3.017504e-03	-7.543760e-05	3.809952e-03	1.236873e-04	2.398309e-03	2.549184e-03	1.236873e-04	-1.236873e-04	5.318704e-03	-2.301200e-03
3             	4.427720e-03	1.993242e-19	7.651849e-04	-1.912962e-05	7.590750e-03	1.106930e-04	2.194730e-03	2.232990e-03	1.106930e-04	-1.106930e-04	7.973343e-03	-7.208158e-03
4             	3.760747e-03	5.683312e-20	4.020981e-04	-1.005245e-05	6.890886e-03	9.401866e-05	1.870321e-03	1.890426e-03	9.401866e-05	-9.401866e-05	7.091935e-03	-6.689837e-03
5             	3.073327e-03	-1.319710e-20	6.087700e-04	-1.521925e-05	4.892399e-03	7.683317e-05	1.521444e-03	1.551883e-03	7.683317e-05	-7.683317e-05	5.196784e-03	-4.588014e-03
6             	2.687818e-03	-2.491967e-20	1.054134e-03	-2.635336e-05	3.073699e-03	6.719546e-05	1.317556e-03	1.370263e-03	6.719546e-05	-6.719546e-05	3.600766e-03	-2.546631e-03
7             	2.392821e-03	-1.830426e-20	7.994415e-04	-1.998604e-05	2.959386e-03	5.982053e-05	1.176425e-03	1.216397e-03	5.982053e-05	-5.982053e-05	3.359107e-03	-2.559665e-03
8             	2.521696e-03	-5.301590e-21	4.790436e-04	-1.197609e-05	3.908065e-03	6.304241e-05	1.248872e-03	1.272824e-03	6.304241e-05	-6.304241e-05	4.147586e-03	-3.668543e-03
9             	2.740850e-03	4.026042e-21	1.359016e-04	-3.397540e-06	5.098927e-03	6.852124e-05	1.367027e-03	1.373822e-03	6.852124e-05	-6.852124e-05	5.166877e-03	-5.030976e-03
10            	2.906335e-03	6.790184e-21	1.469551e-05	-3.673878e-07	5.725561e-03	7.265837e-05	1.452800e-03	1.453535e-03	7.265837e-05	-7.265837e-05	5.732909e-03	-5.718213e-03
11            	2.967693e-03	6.981280e-21	-2.753556e-05	6.883891e-07	5.984767e-03	7.419232e-05	1.484535e-03	1.483158e-03	7.419232e-05	-7.419232e-05	5.970999e-03	-5.998535e-03
12            	2.985751e-03	5.758619e-21	9.141070e-05	-2.285268e-06	5.799624e-03	7.464377e-05	1.490590e-03	1.495161e-03	7.464377e-05	-7.464377e-05	5.845329e-03	-5.753919e-03
13            	2.978891e-03	5.016136e-21	2.704063e-04	-6.760158e-06	5.432102e-03	7.447228e-05	1.482686e-03	1.496206e-03	7.447228e-05	-7.447228e-05	5.567305e-03	-5.296899e-03
14            	2.949480e-03	4.912830e-21	4.466134e-04	-1.116533e-05	5.020049e-03	7.373700e-05	1.463575e-03	1.485905e-03	7.373700e-05	-7.373700e-05	5.243356e-03	-4.796742e-03
15            	2.908949e-03	5.000239e-21	6.064440e-04	-1.516110e-05	4.616911e-03	7.272373e-05	1.439314e-03	1.469636e-03	7.272373e-05	-7.272373e-05	4.920133e-03	-4.313689e-03
16            	2.874172e-03	5.125663e-21	7.217577e-04	-1.804394e-05	4.316050e-03	7.185430e-05	1.419042e-03	1.455130e-03	7.185430e-05	-7.185430e-05	4.676929e-03	-3.955171e-03
17            	2.852839e-03	5.332373e-21	7.823751e-04	-1.955938e-05	4.154946e-03	7.132097e-05	1.406860e-03	1.445979e-03	7.132097e-05	-7.132097e-05	4.546134e-03	-3.763758e-03
18            	2.844166e-03	5.551219e-21	7.949387e-04	-1.987347e-05	4.119429e-03	7.110416e-05	1.402210e-03	1.441957e-03	7.110416e-05	-7.110416e-05	4.516899e-03	-3.721960e-03
19            	2.846348e-03	5.774573e-21	7.591861e-04	-1.897965e-05	4.207195e-03	7.115869e-05	1.404194e-03	1.442154e-03	7.115869e-05	-7.115869e-05	4.586788e-03	-3.827602e-03
20            	2.857730e-03	5.961120e-21	6.801743e-04	-1.700436e-05	4.404997e-03	7.144326e-05	1.411861e-03	1.445870e-03	7.144326e-05	-7.144326e-05	4.745084e-03	-4.064910e-03
21            	2.874021e-03	6.218828e-21	5.955617e-04	-1.488904e-05	4.624107e-03	7.185053e-05	1.422121e-03	1.451900e-03	7.185053e-05	-7.185053e-05	4.921888e-03	-4.326326e-03
22            	2.889754e-03	6.464735e-21	5.344192e-04	-1.336048e-05	4.792097e-03	7.224384e-05	1.431516e-03	1.458237e-03	7.224384e-05	-7.224384e-05	5.059306e-03	-4.524887e-03
23            	2.901913e-03	6.622876e-21	5.007153e-04	-1.251788e-05	4.893447e-03	7.254783e-05	1.438439e-03	1.463474e-03	7.254783e-05	-7.254783e-05	5.143804e-03	-4.643089e-03
24            	2.912426e-03	6.775130e-21	4.953268e-04	-1.238317e-05	4.929329e-03	7.281065e-05	1.443830e-03	1.468596e-03	7.281065e-05	-7.281065e-05	5.176992e-03	-4.681665e-03
25            	2.920186e-03	6.986933e-21	5.237016e-04	-1.309254e-05	4.885576e-03	7.300464e-05	1.447000e-03	1.473185e-03	7.300464e-05	-7.300464e-05	5.147427e-03	-4.623725e-03
26            	2.923383e-03	7.276755e-21	5.753226e-04	-1.438306e-05	4.781461e-03	7.308458e-05	1.447309e-03	1.476075e-03	7.308458e-05	-7.308458e-05	5.069122e-03	-4.493800e-03
27            	2.923131e-03	7.547947e-21	6.220984e-04	-1.555246e-05	4.680002e-03	7.307828e-05	1.446013e-03	1.477118e-03	7.307828e-05	-7.307828e-05	4.991051e-03	-4.368952e-03
28            	2.922926e-03	7.650578e-21	6.525934e-04	-1.631484e-05	4.613318e-03	7.307315e-05	1.445148e-03	1.477778e-03	7.307315e-05	-7.307315e-05	4.939615e-03	-4.287022e-03
29            	2.924347e-03	7.666142e-21	6.600741e-04	-1.650185e-05	4.599426e-03	7.310867e-05	1.445672e-03	1.478675e-03	7.310867e-05	-7.310867e-05	4.929463e-03	-4.269388e-03
30            	2.925496e-03	7.589081e-21	6.342751e-04	-1.585688e-05	4.657086e-03	7.313741e-05	1.446891e-03	1.478605e-03	7.313741e-05	-7.313741e-05	4.974224e-03	-4.339949e-03
31            	2.924170e-03	7.390501e-21	5.711753e-04	-1.427938e-05	4.790835e-03	7.310424e-05	1.447805e-03	1.476364e-03	7.310424e-05	-7.310424e-05	5.076422e-03	-4.505247e-03
32            	2.917405e-03	7.065183e-21	5.015402e-04	-1.253850e-05	4.928367e-03	7.293513e-05	1.446164e-03	1.471241e-03	7.293513e-05	-7.293513e-05	5.179137e-03	-4.677597e-03
33            	2.909501e-03	6.794171e-21	4.518182e-04	-1.129546e-05	5.021085e-03	7.273752e-05	1.443455e-03	1.466046e-03	7.273752e-05	-7.273752e-05	5.246995e-03	-4.795176e-03
34            	2.902304e-03	6.632383e-21	4.242298e-04	-1.060575e-05	5.067192e-03	7.255759e-05	1.440546e-03	1.461758e-03	7.255759e-05	-7.255759e-05	5.279306e-03	-4.855077e-03
35            	2.895335e-03	6.581915e-21	4.180058e-04	-1.045014e-05	5.066936e-03	7.238337e-05	1.437217e-03	1.458118e-03	7.238337e-05	-7.238337e-05	5.275939e-03	-4.857933e-03
36            	2.889017e-03	6.652622e-21	4.355680e-04	-1.088920e-05	5.016020e-03	7.222541e-05	1.433619e-03	1.455397e-03	7.222541e-05	-7.222541e-05	5.233804e-03	-4.798236e-03
37            	2.884728e-03	6.819079e-21	4.718505e-04	-1.179626e-05	4.928116e-03	7.211820e-05	1.430568e-03	1.454160e-03	7.211820e-05	-7.211820e-05	5.164041e-03	-4.692190e-03
38            	2.884740e-03	6.990028e-21	5.059689e-04	-1.264922e-05	4.853148e-03	7.211851e-05	1.429721e-03	1.455019e-03	7.211851e-05	-7.211851e-05	5.106133e-03	-4.600164e-03
39            	2.886907e-03	7.083093e-21	5.231076e-04	-1.307769e-05	4.819029e-03	7.217268e-05	1.430376e-03	1.456531e-03	7.217268e-05	-7.217268e-05	5.080583e-03	-4.557476e-03
40            	2.889690e-03	7.091712e-21	5.217156e-04	-1.304289e-05	4.826366e-03	7.224225e-05	1.431802e-03	1.457888e-03	7.224225e-05	-7.224225e-05	5.087224e-03	-4.565508e-03
41            	2.892357e-03	7.032393e-21	4.981815e-04	-1.245454e-05	4.881740e-03	7.230892e-05	1.433724e-03	1.458633e-03	7.230892e-05	-7.230892e-05	5.130830e-03	-4.632649e-03
42            	2.892609e-03	6.887856e-21	4.549935e-04	-1.137484e-05	4.975272e-03	7.231524e-05	1.434930e-03	1.457680e-03	7.231524e-05	-7.231524e-05	5.202768e-03	-4.747775e-03
43            	2.889971e-03	6.681024e-21	4.113542e-04	-1.028386e-05	5.064319e-03	7.224927e-05	1.434701e-03	1.455269e-03	7.224927e-05	-7.224927e-05	5.269996e-03	-4.858642e-03
44            	2.886256e-03	6.502287e-21	3.831285e-04	-9.578211e-06	5.118158e-03	7.215640e-05	1.433550e-03	1.452706e-03	7.215640e-05	-7.215640e-05	5.309722e-03	-4.926594e-03
45            	2.882377e-03	6.398691e-21	3.720594e-04	-9.301485e-06	5.134396e-03	7.205942e-05	1.431887e-03	1.450490e-03	7.205942e-05	-7.205942e-05	5.320426e-03	-4.948366e-03
46            	2.878165e-03	6.367517e-21	3.778195e-04	-9.445488e-06	5.113191e-03	7.195411e-05	1.429637e-03	1.448528e-03	7.195411e-05	-7.195411e-05	5.302101e-03	-4.924282e-03
47            	2.874518e-03	6.398995e-21	4.020377e-04	-1.005094e-05	5.052792e-03	7.186295e-05	1.427208e-03	1.447310e-03	7.186295e-05	-7.186295e-05	5.253811e-03	-4.851773e-03
48            	2.872723e-03	6.497842e-21	4.333101e-04	-1.083275e-05	4.980498e-03	7.181807e-05	1.425529e-03	1.447194e-03	7.181807e-05	-7.181807e-05	5.197153e-03	-4.763843e-03
49            	2.872940e-03	6.596098e-21	4.560315e-04	-1.140079e-05	4.930646e-03	7.182349e-05	1.425069e-03	1.447871e-03	7.182349e-05	-7.182349e-05	5.158662e-03	-4.702630e-03
50            	2.874150e-03	6.638609e-21	4.657036e-04	-1.164259e-05	4.910945e-03	7.185375e-05	1.425432e-03	1.448718e-03	7.185375e-05	-7.185375e-05	5.143797e-03	-4.678093e-03
51            	2.875830e-03	6.621602e-21	4.607136e-04	-1.151784e-05	4.924089e-03	7.189576e-05	1.426397e-03	1.449433e-03	7.189576e-05	-7.189576e-05	5.154446e-03	-4.693733e-03
52            	2.877129e-03	6.566748e-21	4.396085e-04	-1.099021e-05	4.971728e-03	7.192822e-05	1.427574e-03	1.449555e-03	7.192822e-05	-7.192822e-05	5.191532e-03	-4.751924e-03
53            	2.877144e-03	6.476421e-21	4.088946e-04	-1.022236e-05	5.037899e-03	7.192861e-05	1.428350e-03	1.448795e-03	7.192861e-05	-7.192861e-05	5.242347e-03	-4.833452e-03
54            	2.875691e-03	6.363216e-21	3.831408e-04	-9.578519e-06	5.090684e-03	7.189226e-05	1.428267e-03	1.447424e-03	7.189226e-05	-7.189226e-05	5.282254e-03	-4.899113e-03
55            	2.873991e-03	6.291494e-21	3.692967e-04	-9.232417e-06	5.117395e-03	7.184978e-05	1.427763e-03	1.446228e-03	7.184978e-05	-7.184978e-05	5.302044e-03	-4.932747e-03
56            	2.872788e-03	6.277602e-21	3.697312e-04	-9.243280e-06	5.114057e-03	7.181970e-05	1.427151e-03	1.445637e-03	7.181970e-05	-7.181970e-05	5.298922e-03	-4.929191e-03
57            	2.870610e-03	6.339639e-21	3.805178e-04	-9.512945e-06	5.086196e-03	7.176525e-05	1.425792e-03	1.444818e-03	7.176525e-05	-7.176525e-05	5.276454e-03	-4.895937e-03
58            	2.868934e-03	6.403322e-21	4.052733e-04	-1.013183e-05	5.028818e-03	7.172336e-05	1.424335e-03	1.444599e-03	7.172336e-05	-7.172336e-05	5.231454e-03	-4.826181e-03
59            	2.869323e-03	6.520715e-21	4.299652e-04	-1.074913e-05	4.975535e-03	7.173308e-05	1.423912e-03	1.445411e-03	7.173308e-05	-7.173308e-05	5.190517e-03	-4.760552e-03
60            	2.869564e-03	6.603668e-21	4.481373e-04	-1.120343e-05	4.936002e-03	7.173911e-05	1.423579e-03	1.445986e-03	7.173911e-05	-7.173911e-05	5.160071e-03	-4.711933e-03
61            	2.871957e-03	6.664121e-21	4.531030e-04	-1.132758e-05	4.929362e-03	7.179892e-05	1.424651e-03	1.447306e-03	7.179892e-05	-7.179892e-05	5.155913e-03	-4.702810e-03
62            	2.873628e-03	6.655508e-21	4.448303e-04	-1.112076e-05	4.950127e-03	7.184069e-05	1.425693e-03	1.447935e-03	7.184069e-05	-7.184069e-05	5.172542e-03	-4.727712e-03
63            	2.874872e-03	6.614464e-21	4.255700e-04	-1.063925e-05	4.994089e-03	7.187181e-05	1.426797e-03	1.448075e-03	7.187181e-05	-7.187181e-05	5.206874e-03	-4.781304e-03
64            	2.874874e-03	6.533493e-21	4.043422e-04	-1.010856e-05	5.039976e-03	7.187186e-05	1.427329e-03	1.447546e-03	7.187186e-05	-7.187186e-05	5.242147e-03	-4.837805e-03
65            	2.874649e-03	6.461608e-21	3.871614e-04	-9.679036e-06	5.076793e-03	7.186623e-05	1.427645e-03	1.447004e-03	7.186623e-05	-7.186623e-05	5.270373e-03	-4.883212e-03
66            	2.872767e-03	6.403228e-21	3.820808e-04	-9.552019e-06	5.084142e-03	7.181918e-05	1.426832e-03	1.445936e-03	7.181918e-05	-7.181918e-05	5.275182e-03	-4.893101e-03
67            	2.871282e-03	6.406103e-21	3.866192e-04	-9.665481e-06	5.071389e-03	7.178206e-05	1.425976e-03	1.445307e-03	7.178206e-05	-7.178206e-05	5.264699e-03	-4.878079e-03
68            	2.869973e-03	6.441707e-21	4.019738e-04	-1.004935e-05	5.035427e-03	7.174933e-05	1.424937e-03	1.445036e-03	7.174933e-05	-7.174933e-05	5.236414e-03	-4.834440e-03
69            	2.869829e-03	6.523567e-21	4.224490e-04	-1.056122e-05	4.990623e-03	7.174572e-05	1.424353e-03	1.445476e-03	7.174572e-05	-7.174572e-05	5.201848e-03	-4.779399e-03
70            	2.870214e-03	6.604055e-21	4.413995e-04	-1.103499e-05	4.950167e-03	7.175535e-05	1.424072e-03	1.446142e-03	7.175535e-05	-7.175535e-05	5.170867e-03	-4.729467e-03
71            	2.871856e-03	6.668542e-21	4.487785e-04	-1.121946e-05	4.937130e-03	7.179640e-05	1.424709e-03	1.447148e-03	7.179640e-05	-7.179640e-05	5.161519e-03	-4.712741e-03
72            	2.872807e-03	6.678157e-21	4.487649e-04	-1.121912e-05	4.938740e-03	7.182018e-05	1.425185e-03	1.447623e-03	7.182018e-05	-7.182018e-05	5.163122e-03	-4.714357e-03
73            	2.873840e-03	6.669171e-21	4.400051e-04	-1.100013e-05	4.959599e-03	7.184601e-05	1.425920e-03	1.447920e-03	7.184601e-05	-7.184601e-05	5.179602e-03	-4.739597e-03
74            	2.874111e-03	6.627545e-21	4.242848e-04	-1.060712e-05	4.994117e-03	7.185276e-05	1.426448e-03	1.447662e-03	7.185276e-05	-7.185276e-05	5.206259e-03	-4.781974e-03
75            	2.873547e-03	6.571222e-21	4.107424e-04	-1.026856e-05	5.022431e-03	7.183868e-05	1.426505e-03	1.447042e-03	7.183868e-05	-7.183868e-05	5.227802e-03	-4.817060e-03
76            	2.873486e-03	6.538051e-21	4.015695e-04	-1.003924e-05	5.042355e-03	7.183716e-05	1.426704e-03	1.446782e-03	7.183716e-05	-7.183716e-05	5.243139e-03	-4.841570e-03
77            	2.872234e-03	6.516005e-21	3.997286e-04	-9.993214e-06	5.044001e-03	7.180585e-05	1.426124e-03	1.446110e-03	7.180585e-05	-7.180585e-05	5.243865e-03	-4.844137e-03
78            	2.871159e-03	6.525851e-21	4.055582e-04	-1.013896e-05	5.029314e-03	7.177899e-05	1.425441e-03	1.445719e-03	7.177899e-05	-7.177899e-05	5.232093e-03	-4.826535e-03
79            	2.870579e-03	6.563727e-21	4.186745e-04	-1.046686e-05	4.999709e-03	7.176448e-05	1.424823e-03	1.445757e-03	7.176448e-05	-7.176448e-05	5.209047e-03	-4.790372e-03
80            	2.870641e-03	6.627725e-21	4.355632e-04	-1.088908e-05	4.963349e-03	7.176602e-05	1.424431e-03	1.446209e-03	7.176602e-05	-7.176602e-05	5.181130e-03	-4.745567e-03
81            	2.871626e-03	6.692122e-21	4.437323e-04	-1.109331e-05	4.947437e-03	7.179064e-05	1.424720e-03	1.446906e-03	7.179064e-05	-7.179064e-05	5.169303e-03	-4.725571e-03
82            	2.871866e-03	6.706270e-21	4.475186e-04	-1.118796e-05	4.939489e-03	7.179665e-05	1.424745e-03	1.447121e-03	7.179665e-05	-7.179665e-05	5.163248e-03	-4.715729e-03
83            	2.872929e-03	6.713419e-21	4.462645e-04	-1.115661e-05	4.944149e-03	7.182322e-05	1.425308e-03	1.447621e-03	7.182322e-05	-7.182322e-05	5.167281e-03	-4.721017e-03
84            	2.873805e-03	6.700294e-21	4.373560e-04	-1.093390e-05	4.965092e-03	7.184512e-05	1.425969e-03	1.447836e-03	7.184512e-05	-7.184512e-05	5.183770e-03	-4.746414e-03
85            	2.873739e-03	6.657944e-21	4.224611e-04	-1.056153e-05	4.997128e-03	7.184349e-05	1.426308e-03	1.447431e-03	7.184349e-05	-7.184349e-05	5.208359e-03	-4.785898e-03
86            	2.872910e-03	6.603719e-21	4.148312e-04	-1.037078e-05	5.012146e-03	7.182276e-05	1.426084e-03	1.446826e-03	7.182276e-05	-7.182276e-05	5.219562e-03	-4.804731e-03
87            	2.873021e-03	6.592332e-21	4.106688e-04	-1.026672e-05	5.021585e-03	7.182551e-05	1.426244e-03	1.446777e-03	7.182551e-05	-7.182551e-05	5.226919e-03	-4.816251e-03
88            	2.872209e-03	6.584895e-21	4.105423e-04	-1.026356e-05	5.020397e-03	7.180523e-05	1.425841e-03	1.446368e-03	7.180523e-05	-7.180523e-05	5.225668e-03	-4.815126e-03
89            	2.871463e-03	6.594694e-21	4.165196e-04	-1.041299e-05	5.006063e-03	7.178658e-05	1.425319e-03	1.446145e-03	7.178658e-05	-7.178658e-05	5.214323e-03	-4.797804e-03
90            	2.871063e-03	6.625190e-21	4.270134e-04	-1.067533e-05	4.982553e-03	7.177656e-05	1.424856e-03	1.446207e-03	7.177656e-05	-7.177656e-05	5.196060e-03	-4.769046e-03
91            	2.871064e-03	6.669751e-21	4.386920e-04	-1.096730e-05	4.957290e-03	7.177660e-05	1.424565e-03	1.446499e-03	7.177660e-05	-7.177660e-05	5.176636e-03	-4.737944e-03
92            	2.871747e-03	6.712498e-21	4.438349e-04	-1.109587e-05	4.947404e-03	7.179368e-05	1.424778e-03	1.446969e-03	7.179368e-05	-7.179368e-05	5.169321e-03	-4.725486e-03
93            	2.871842e-03	6.719060e-21	4.446718e-04	-1.111679e-05	4.945623e-03	7.179605e-05	1.424804e-03	1.447038e-03	7.179605e-05	-7.179605e-05	5.167959e-03	-4.723287e-03
94            	2.872607e-03	6.717862e-21	4.420000e-04	-1.105000e-05	4.952835e-03	7.181518e-05	1.425254e-03	1.447354e-03	7.181518e-05	-7.181518e-05	5.173835e-03	-4.731835e-03
95            	2.873244e-03	6.703312e-21	4.335947e-04	-1.083987e-05	4.972278e-03	7.183110e-05	1.425782e-03	1.447462e-03	7.183110e-05	-7.183110e-05	5.189075e-03	-4.755480e-03
96            	2.872986e-03	6.665545e-21	4.226754e-04	-1.056689e-05	4.995401e-03	7.182465e-05	1.425926e-03	1.447060e-03	7.182465e-05	-7.182465e-05	5.206738e-03	-4.784063e-03
97            	2.872432e-03	6.628196e-21	4.176330e-04	-1.044083e-05	5.005350e-03	7.181080e-05	1.425775e-03	1.446657e-03	7.181080e-05	-7.181080e-05	5.214166e-03	-4.796533e-03
98            	2.872403e-03	6.620859e-21	4.156095e-04	-1.039024e-05	5.009825e-03	7.181008e-05	1.425811e-03	1.446592e-03	7.181008e-05	-7.181008e-05	5.217630e-03	-4.802020e-03
99            	2.871758e-03	6.618622e-21	4.166876e-04	-1.041719e-05	5.006306e-03	7.179396e-05	1.425462e-03	1.446296e-03	7.179396e-05	-7.179396e-05	5.214650e-03	-4.797962e-03
100           	2.871285e-03	6.629622e-21	4.224854e-04	-1.056213e-05	4.992844e-03	7.178212e-05	1.425080e-03	1.446205e-03	7.178212e-05	-7.178212e-05	5.204087e-03	-4.781601e-03
101           	2.871059e-03	6.656902e-21	4.322162e-04	-1.080540e-05	4.971414e-03	7.177648e-05	1.424724e-03	1.446335e-03	7.177648e-05	-7.177648e-05	5.187522e-03	-4.755306e-03
102           	2.871451e-03	6.694865e-21	4.374064e-04	-1.093516e-05	4.960892e-03	7.178627e-05	1.424790e-03	1.446660e-03	7.178627e-05	-7.178627e-05	5.179596e-03	-4.742189e-03
103           	2.871297e-03	6.704192e-21	4.406987e-04	-1.101747e-05	4.953333e-03	7.178243e-05	1.424631e-03	1.446666e-03	7.178243e-05	-7.178243e-05	5.173682e-03	-4.732984e-03
104           	2.871878e-03	6.713226e-21	4.412691e-04	-1.103173e-05	4.953147e-03	7.179695e-05	1.424907e-03	1.446971e-03	7.179695e-05	-7.179695e-05	5.173782e-03	-4.732513e-03
105           	2.872319e-03	6.708814e-21	4.374360e-04	-1.093590e-05	4.962260e-03	7.180797e-05	1.425224e-03	1.447095e-03	7.180797e-05	-7.180797e-05	5.180978e-03	-4.743542e-03
106           	2.872580e-03	6.691152e-21	4.303297e-04	-1.075824e-05	4.978163e-03	7.181451e-05	1.425532e-03	1.447048e-03	7.181451e-05	-7.181451e-05	5.193328e-03	-4.762998e-03
107           	2.872354e-03	6.661499e-21	4.223653e-04	-1.055913e-05	4.994975e-03	7.180886e-05	1.425618e-03	1.446736e-03	7.180886e-05	-7.180886e-05	5.206158e-03	-4.783793e-03
108           	2.871839e-03	6.635193e-21	4.191136e-04	-1.047784e-05	5.001091e-03	7.179597e-05	1.425441e-03	1.446397e-03	7.179597e-05	-7.179597e-05	5.210647e-03	-4.791534e-03
109           	2.871827e-03	6.632494e-21	4.188905e-04	-1.047226e-05	5.001657e-03	7.179567e-05	1.425441e-03	1.446386e-03	7.179567e-05	-7.179567e-05	5.211102e-03	-4.792212e-03
110           	2.871390e-03	6.635470e-21	4.207202e-04	-1.051801e-05	4.996878e-03	7.178474e-05	1.425177e-03	1.446213e-03	7.178474e-05	-7.178474e-05	5.207238e-03	-4.786518e-03
111           	2.870954e-03	6.645578e-21	4.260177e-04	-1.065044e-05	4.984571e-03	7.177384e-05	1.424826e-03	1.446127e-03	7.177384e-05	-7.177384e-05	5.197580e-03	-4.771562e-03
112           	2.870941e-03	6.669810e-21	4.332931e-04	-1.083233e-05	4.968826e-03	7.177353e-05	1.424638e-03	1.446303e-03	7.177353e-05	-7.177353e-05	5.185473e-03	-4.752180e-03
113           	2.871311e-03	6.696521e-21	4.367388e-04	-1.091847e-05	4.962037e-03	7.178277e-05	1.424737e-03	1.446574e-03	7.178277e-05	-7.178277e-05	5.180406e-03	-4.743668e-03
114           	2.871328e-03	6.701756e-21	4.381018e-04	-1.095255e-05	4.959030e-03	7.178319e-05	1.424711e-03	1.446616e-03	7.178319e-05	-7.178319e-05	5.178081e-03	-4.739979e-03
115           	2.871753e-03	6.703820e-21	4.375118e-04	-1.093780e-05	4.961076e-03	7.179383e-05	1.424939e-03	1.446814e-03	7.179383e-05	-7.179383e-05	5.179832e-03	-4.742320e-03
116           	2.872028e-03	6.696853e-21	4.334928e-04	-1.083732e-05	4.970292e-03	7.180070e-05	1.425177e-03	1.446851e-03	7.180070e-05	-7.180070e-05	5.187039e-03	-4.753546e-03
117           	2.872073e-03	6.678098e-21	4.266479e-04	-1.066620e-05	4.985151e-03	7.180183e-05	1.425370e-03	1.446703e-03	7.180183e-05	-7.180183e-05	5.198475e-03	-4.771827e-03
118           	2.871657e-03	6.651098e-21	4.229992e-04	-1.057498e-05	4.992288e-03	7.179143e-05	1.425254e-03	1.446404e-03	7.179143e-05	-7.179143e-05	5.203788e-03	-4.780788e-03
119           	2.871705e-03	6.645087e-21	4.210381e-04	-1.052595e-05	4.996726e-03	7.179263e-05	1.425327e-03	1.446379e-03	7.179263e-05	-7.179263e-05	5.207245e-03	-4.786206e-03
120           	2.871552e-03	6.641782e-21	4.215683e-04	-1.053921e-05	4.995346e-03	7.178879e-05	1.425237e-03	1.446315e-03	7.178879e-05	-7.178879e-05	5.206130e-03	-4.784562e-03
121           	2.871172e-03	6.647148e-21	4.238357e-04	-1.059589e-05	4.989758e-03	7.177929e-05	1.424990e-03	1.446182e-03	7.177929e-05	-7.177929e-05	5.201676e-03	-4.777841e-03
122           	2.870959e-03	6.657662e-21	4.283045e-04	-1.070761e-05	4.979647e-03	7.177397e-05	1.424772e-03	1.446187e-03	7.177397e-05	-7.177397e-05	5.193799e-03	-4.765495e-03
123           	2.870933e-03	6.675309e-21	4.334317e-04	-1.083579e-05	4.968483e-03	7.177334e-05	1.424631e-03	1.446303e-03	7.177334e-05	-7.177334e-05	5.185199e-03	-4.751767e-03
124           	2.871204e-03	6.693317e-21	4.356229e-04	-1.089057e-05	4.964215e-03	7.178009e-05	1.424711e-03	1.446492e-03	7.178009e-05	-7.178009e-05	5.182026e-03	-4.746404e-03
125           	2.871230e-03	6.695797e-21	4.357527e-04	-1.089382e-05	4.963921e-03	7.178075e-05	1.424721e-03	1.446509e-03	7.178075e-05	-7.178075e-05	5.181797e-03	-4.746045e-03
126           	2.871578e-03	6.694705e-21	4.345029e-04	-1.086257e-05	4.967261e-03	7.178945e-05	1.424926e-03	1.446651e-03	7.178945e-05	-7.178945e-05	5.184512e-03	-4.750009e-03
127           	2.871784e-03	6.687266e-21	4.307485e-04	-1.076871e-05	4.975786e-03	7.179460e-05	1.425123e-03	1.446661e-03	7.179460e-05	-7.179460e-05	5.191161e-03	-4.760412e-03
128           	2.871754e-03	6.670923e-21	4.257446e-04	-1.064362e-05	4.986548e-03	7.179386e-05	1.425233e-03	1.446521e-03	7.179386e-05	-7.179386e-05	5.199421e-03	-4.773676e-03
129           	2.871493e-03	6.652714e-21	4.233939e-04	-1.058485e-05	4.991173e-03	7.178733e-05	1.425162e-03	1.446331e-03	7.178733e-05	-7.178733e-05	5.202870e-03	-4.779476e-03
130           	2.871527e-03	6.649236e-21	4.224755e-04	-1.056189e-05	4.993292e-03	7.178817e-05	1.425201e-03	1.446325e-03	7.178817e-05	-7.178817e-05	5.204530e-03	-4.782055e-03
131           	2.871290e-03	6.647578e-21	4.229024e-04	-1.057256e-05	4.991930e-03	7.178225e-05	1.425073e-03	1.446218e-03	7.178225e-05	-7.178225e-05	5.203382e-03	-4.780479e-03
132           	2.871009e-03	6.651139e-21	4.254938e-04	-1.063735e-05	4.985788e-03	7.177523e-05	1.424867e-03	1.446142e-03	7.177523e-05	-7.177523e-05	5.198535e-03	-4.773041e-03
133           	2.870984e-03	6.663807e-21	4.299068e-04	-1.074767e-05	4.976209e-03	7.177460e-05	1.424744e-03	1.446240e-03	7.177460e-05	-7.177460e-05	5.191162e-03	-4.761255e-03
134           	2.871125e-03	6.679973e-21	4.321387e-04	-1.080347e-05	4.971623e-03	7.177814e-05	1.424759e-03	1.446366e-03	7.177814e-05	-7.177814e-05	5.187692e-03	-4.755554e-03
135           	2.871045e-03	6.684009e-21	4.334311e-04	-1.083578e-05	4.968609e-03	7.177613e-05	1.424687e-03	1.446358e-03	7.177613e-05	-7.177613e-05	5.185325e-03	-4.751894e-03
136           	2.871269e-03	6.687198e-21	4.336378e-04	-1.084095e-05	4.968553e-03	7.178174e-05	1.424794e-03	1.446476e-03	7.178174e-05	-7.178174e-05	5.185372e-03	-4.751734e-03
137           	2.871451e-03	6.685258e-21	4.319496e-04	-1.079874e-05	4.972538e-03	7.178628e-05	1.424927e-03	1.446524e-03	7.178628e-05	-7.178628e-05	5.188513e-03	-4.756563e-03
138           	2.871572e-03	6.677629e-21	4.288149e-04	-1.072037e-05	4.979559e-03	7.178929e-05	1.425065e-03	1.446506e-03	7.178929e-05	-7.178929e-05	5.193967e-03	-4.765152e-03
139           	2.871510e-03	6.664688e-21	4.253019e-04	-1.063255e-05	4.987045e-03	7.178776e-05	1.425123e-03	1.446388e-03	7.178776e-05	-7.178776e-05	5.199696e-03	-4.774394e-03
140           	2.871294e-03	6.653010e-21	4.238500e-04	-1.059625e-05	4.989800e-03	7.178236e-05	1.425051e-03	1.446243e-03	7.178236e-05	-7.178236e-05	5.201725e-03	-4.777875e-03
141           	2.871306e-03	6.651711e-21	4.237539e-04	-1.059385e-05	4.990072e-03	7.178264e-05	1.425059e-03	1.446247e-03	7.178264e-05	-7.178264e-05	5.201949e-03	-4.778195e-03
142           	2.871084e-03	6.652672e-21	4.245630e-04	-1.061408e-05	4.987918e-03	7.177709e-05	1.424928e-03	1.446156e-03	7.177709e-05	-7.177709e-05	5.200200e-03	-4.775636e-03
143           	2.870941e-03	6.657614e-21	4.270491e-04	-1.067623e-05	4.982256e-03	7.177352e-05	1.424794e-03	1.446147e-03	7.177352e-05	-7.177352e-05	5.195781e-03	-4.768732e-03
144           	2.870964e-03	6.668463e-21	4.303100e-04	-1.075775e-05	4.975251e-03	7.177410e-05	1.424724e-03	1.446240e-03	7.177410e-05	-7.177410e-05	5.190406e-03	-4.760096e-03
145           	2.871124e-03	6.679810e-21	4.318525e-04	-1.079631e-05	4.972195e-03	7.177809e-05	1.424766e-03	1.446358e-03	7.177809e-05	-7.177809e-05	5.188121e-03	-4.756269e-03
146           	2.871129e-03	6.682107e-21	4.324781e-04	-1.081195e-05	4.970811e-03	7.177822e-05	1.424752e-03	1.446376e-03	7.177822e-05	-7.177822e-05	5.187050e-03	-4.754572e-03
147           	2.871311e-03	6.682980e-21	4.322481e-04	-1.080620e-05	4.971635e-03	7.178277e-05	1.424849e-03	1.446462e-03	7.178277e-05	-7.178277e-05	5.187759e-03	-4.755510e-03
148           	2.871433e-03	6.680043e-21	4.304950e-04	-1.076238e-05	4.975659e-03	7.178583e-05	1.424954e-03	1.446479e-03	7.178583e-05	-7.178583e-05	5.190907e-03	-4.760412e-03
149           	2.871426e-03	6.671865e-21	4.275701e-04	-1.068925e-05	4.981962e-03	7.178566e-05	1.425024e-03	1.446402e-03	7.178566e-05	-7.178566e-05	5.195747e-03	-4.768177e-03
150           	2.871316e-03	6.661236e-21	4.259988e-04	-1.064997e-05	4.985169e-03	7.178289e-05	1.425008e-03	1.446308e-03	7.178289e-05	-7.178289e-05	5.198168e-03	-4.772170e-03
151           	2.871342e-03	6.658261e-21	4.250391e-04	-1.062598e-05	4.987336e-03	7.178356e-05	1.425045e-03	1.446297e-03	7.178356e-05	-7.178356e-05	5.199856e-03	-4.774817e-03
152           	2.871275e-03	6.656508e-21	4.251172e-04	-1.062793e-05	4.987065e-03	7.178186e-05	1.425009e-03	1.446265e-03	7.178186e-05	-7.178186e-05	5.199623e-03	-4.774506e-03
153           	2.871117e-03	6.658222e-21	4.259743e-04	-1.064936e-05	4.984929e-03	7.177793e-05	1.424909e-03	1.446208e-03	7.177793e-05	-7.177793e-05	5.197917e-03	-4.771942e-03
154           	2.871014e-03	6.662275e-21	4.278725e-04	-1.069681e-05	4.980612e-03	7.177536e-05	1.424810e-03	1.446204e-03	7.177536e-05	-7.177536e-05	5.194548e-03	-4.766675e-03
155           	2.871008e-03	6.670035e-21	4.301758e-04	-1.075440e-05	4.975609e-03	7.177521e-05	1.424750e-03	1.446259e-03	7.177521e-05	-7.177521e-05	5.190697e-03	-4.760522e-03
156           	2.871124e-03	6.678097e-21	4.312168e-04	-1.078042e-05	4.973558e-03	7.177810e-05	1.424782e-03	1.446342e-03	7.177810e-05	-7.177810e-05	5.189166e-03	-4.757949e-03
157           	2.871140e-03	6.679546e-21	4.314450e-04	-1.078612e-05	4.973067e-03	7.177851e-05	1.424784e-03	1.446356e-03	7.177851e-05	-7.177851e-05	5.188790e-03	-4.757345e-03
158           	2.871283e-03	6.679618e-21	4.310276e-04	-1.077569e-05	4.974228e-03	7.178208e-05	1.424866e-03	1.446417e-03	7.178208e-05	-7.178208e-05	5.189742e-03	-4.758714e-03
159           	2.871369e-03	6.676849e-21	4.295084e-04	-1.073771e-05	4.977681e-03	7.178423e-05	1.424947e-03	1.446422e-03	7.178423e-05	-7.178423e-05	5.192435e-03	-4.762927e-03
160           	2.871360e-03	6.670091e-21	4.273612e-04	-1.068403e-05	4.982305e-03	7.178400e-05	1.424996e-03	1.446364e-03	7.178400e-05	-7.178400e-05	5.195985e-03	-4.768624e-03
161           	2.871260e-03	6.662268e-21	4.263012e-04	-1.065753e-05	4.984421e-03	7.178151e-05	1.424973e-03	1.446288e-03	7.178151e-05	-7.178151e-05	5.197572e-03	-4.771271e-03
162           	2.871277e-03	6.660526e-21	4.257842e-04	-1.064460e-05	4.985601e-03	7.178192e-05	1.424994e-03	1.446283e-03	7.178192e-05	-7.178192e-05	5.198493e-03	-4.772709e-03
163           	2.871178e-03	6.659454e-21	4.258460e-04	-1.064615e-05	4.985287e-03	7.177945e-05	1.424943e-03	1.446235e-03	7.177945e-05	-7.177945e-05	5.198210e-03	-4.772364e-03
164           	2.871071e-03	6.660631e-21	4.267993e-04	-1.066998e-05	4.983026e-03	7.177678e-05	1.424866e-03	1.446206e-03	7.177678e-05	-7.177678e-05	5.196425e-03	-4.769626e-03
165           	2.871080e-03	6.665536e-21	4.286455e-04	-1.071614e-05	4.979058e-03	7.177699e-05	1.424824e-03	1.446256e-03	7.177699e-05	-7.177699e-05	5.193380e-03	-4.764735e-03
166           	2.871140e-03	6.672362e-21	4.296641e-04	-1.074160e-05	4.976959e-03	7.177850e-05	1.424828e-03	1.446312e-03	7.177850e-05	-7.177850e-05	5.191791e-03	-4.762127e-03
167           	2.871095e-03	6.674415e-21	4.303650e-04	-1.075913e-05	4.975328e-03	7.177738e-05	1.424789e-03	1.446307e-03	7.177738e-05	-7.177738e-05	5.190511e-03	-4.760146e-03
168           	2.871140e-03	6.676137e-21	4.304658e-04	-1.076164e-05	4.975180e-03	7.177851e-05	1.424809e-03	1.446332e-03	7.177851e-05	-7.177851e-05	5.190413e-03	-4.759947e-03
169           	2.871231e-03	6.675664e-21	4.300483e-04	-1.075121e-05	4.976242e-03	7.178078e-05	1.424864e-03	1.446367e-03	7.178078e-05	-7.178078e-05	5.191266e-03	-4.761218e-03
170           	2.871289e-03	6.673541e-21	4.289174e-04	-1.072293e-05	4.978805e-03	7.178224e-05	1.424922e-03	1.446368e-03	7.178224e-05	-7.178224e-05	5.193263e-03	-4.764346e-03
171           	2.871297e-03	6.668783e-21	4.273957e-04	-1.068489e-05	4.982111e-03	7.178243e-05	1.424964e-03	1.446333e-03	7.178243e-05	-7.178243e-05	5.195809e-03	-4.768413e-03
172           	2.871226e-03	6.663297e-21	4.266692e-04	-1.066673e-05	4.983560e-03	7.178066e-05	1.424947e-03	1.446280e-03	7.178066e-05	-7.178066e-05	5.196894e-03	-4.770225e-03
173           	2.871233e-03	6.662193e-21	4.264050e-04	-1.066013e-05	4.984164e-03	7.178081e-05	1.424956e-03	1.446276e-03	7.178081e-05	-7.178081e-05	5.197367e-03	-4.770962e-03
174           	2.871145e-03	6.661755e-21	4.265621e-04	-1.066405e-05	4.983668e-03	7.177863e-05	1.424909e-03	1.446237e-03	7.177863e-05	-7.177863e-05	5.196949e-03	-4.770387e-03
175           	2.871086e-03	6.663296e-21	4.274286e-04	-1.068572e-05	4.981679e-03	7.177714e-05	1.424857e-03	1.446229e-03	7.177714e-05	-7.177714e-05	5.195393e-03	-4.767965e-03
176           	2.871091e-03	6.667295e-21	4.287827e-04	-1.071957e-05	4.978764e-03	7.177727e-05	1.424826e-03	1.446265e-03	7.177727e-05	-7.177727e-05	5.193155e-03	-4.764373e-03
177           	2.871137e-03	6.672183e-21	4.294853e-04	-1.073713e-05	4.977322e-03	7.177841e-05	1.424831e-03	1.446305e-03	7.177841e-05	-7.177841e-05	5.192065e-03	-4.762579e-03
178           	2.871120e-03	6.673497e-21	4.299046e-04	-1.074762e-05	4.976364e-03	7.177800e-05	1.424812e-03	1.446308e-03	7.177800e-05	-7.177800e-05	5.191316e-03	-4.761411e-03
179           	2.871183e-03	6.674502e-21	4.299587e-04	-1.074897e-05	4.976357e-03	7.177958e-05	1.424843e-03	1.446340e-03	7.177958e-05	-7.177958e-05	5.191336e-03	-4.761377e-03
180           	2.871234e-03	6.673900e-21	4.294211e-04	-1.073553e-05	4.977613e-03	7.178084e-05	1.424881e-03	1.446352e-03	7.178084e-05	-7.178084e-05	5.192324e-03	-4.762903e-03
181           	2.871251e-03	6.671194e-21	4.282638e-04	-1.070659e-05	4.980143e-03	7.178128e-05	1.424919e-03	1.446332e-03	7.178128e-05	-7.178128e-05	5.194275e-03	-4.766011e-03
182           	2.871210e-03	6.666723e-21	4.275761e-04	-1.068940e-05	4.981559e-03	7.178025e-05	1.424916e-03	1.446294e-03	7.178025e-05	-7.178025e-05	5.195347e-03	-4.767771e-03
183           	2.871233e-03	6.665319e-21	4.270854e-04	-1.067714e-05	4.982683e-03	7.178083e-05	1.424939e-03	1.446294e-03	7.178083e-05	-7.178083e-05	5.196225e-03	-4.769140e-03
184           	2.871209e-03	6.664137e-21	4.269877e-04	-1.067469e-05	4.982858e-03	7.178022e-05	1.424930e-03	1.446279e-03	7.178022e-05	-7.178022e-05	5.196352e-03	-4.769364e-03
185           	2.871149e-03	6.664359e-21	4.272380e-04	-1.068095e-05	4.982213e-03	7.177873e-05	1.424894e-03	1.446256e-03	7.177873e-05	-7.177873e-05	5.195832e-03	-4.768594e-03
186           	2.871106e-03	6.665684e-21	4.279455e-04	-1.069864e-05	4.980597e-03	7.177766e-05	1.424855e-03	1.446252e-03	7.177766e-05	-7.177766e-05	5.194570e-03	-4.766624e-03
187           	2.871103e-03	6.668718e-21	4.289014e-04	-1.072253e-05	4.978521e-03	7.177756e-05	1.424829e-03	1.446274e-03	7.177756e-05	-7.177756e-05	5.192972e-03	-4.764071e-03
188           	2.871143e-03	6.672105e-21	4.293600e-04	-1.073400e-05	4.977599e-03	7.177858e-05	1.424838e-03	1.446306e-03	7.177858e-05	-7.177858e-05	5.192279e-03	-4.762919e-03
189           	2.871138e-03	6.672825e-21	4.295397e-04	-1.073849e-05	4.977187e-03	7.177845e-05	1.424830e-03	1.446307e-03	7.177845e-05	-7.177845e-05	5.191957e-03	-4.762417e-03
190           	2.871192e-03	6.673143e-21	4.294616e-04	-1.073654e-05	4.977453e-03	7.177981e-05	1.424860e-03	1.446333e-03	7.177981e-05	-7.177981e-05	5.192184e-03	-4.762722e-03
191           	2.871228e-03	6.672252e-21	4.289275e-04	-1.072319e-05	4.978677e-03	7.178070e-05	1.424891e-03	1.446337e-03	7.178070e-05	-7.178070e-05	5.193140e-03	-4.764213e-03
192           	2.871229e-03	6.669793e-21	4.280710e-04	-1.070178e-05	4.980529e-03	7.178074e-05	1.424913e-03	1.446316e-03	7.178074e-05	-7.178074e-05	5.194565e-03	-4.766494e-03
193           	2.871199e-03	6.666662e-21	4.276200e-04	-1.069050e-05	4.981452e-03	7.177996e-05	1.424909e-03	1.446290e-03	7.177996e-05	-7.177996e-05	5.195262e-03	-4.767642e-03
194           	2.871211e-03	6.665824e-21	4.273493e-04	-1.068373e-05	4.982073e-03	7.178027e-05	1.424922e-03	1.446289e-03	7.178027e-05	-7.178027e-05	5.195748e-03	-4.768399e-03
195           	2.871189e-03	6.665276e-21	4.273984e-04	-1.068496e-05	4.981933e-03	7.177973e-05	1.424910e-03	1.446280e-03	7.177973e-05	-7.177973e-05	5.195632e-03	-4.768234e-03
196           	2.871145e-03	6.665917e-21	4.276756e-04	-1.069189e-05	4.981255e-03	7.177863e-05	1.424881e-03	1.446265e-03	7.177863e-05	-7.177863e-05	5.195093e-03	-4.767418e-03
197           	2.871117e-03	6.667181e-21	4.282405e-04	-1.070601e-05	4.979975e-03	7.177793e-05	1.424853e-03	1.446265e-03	7.177793e-05	-7.177793e-05	5.194095e-03	-4.765855e-03
198           	2.871114e-03	6.669455e-21	4.289109e-04	-1.072277e-05	4.978517e-03	7.177786e-05	1.424834e-03	1.446280e-03	7.177786e-05	-7.177786e-05	5.192973e-03	-4.764062e-03
199           	2.871151e-03	6.671848e-21	4.292057e-04	-1.073014e-05	4.977944e-03	7.177878e-05	1.424845e-03	1.446306e-03	7.177878e-05	-7.177878e-05	5.192547e-03	-4.763341e-03
200           	2.871156e-03	6.672225e-21	4.292457e-04	-1.073114e-05	4.977858e-03	7.177890e-05	1.424847e-03	1.446309e-03	7.177890e-05	-7.177890e-05	5.192481e-03	-4.763235e-03
201           	2.871198e-03	6.672139e-21	4.291070e-04	-1.072767e-05	4.978234e-03	7.177994e-05	1.424871e-03	1.446326e-03	7.177994e-05	-7.177994e-05	5.192788e-03	-4.763681e-03
202           	2.871222e-03	6.671250e-21	4.286507e-04	-1.071627e-05	4.979269e-03	7.178055e-05	1.424895e-03	1.446327e-03	7.178055e-05	-7.178055e-05	5.193594e-03	-4.764943e-03
203           	2.871218e-03	6.669225e-21	4.280287e-04	-1.070072e-05	4.980606e-03	7.178045e-05	1.424908e-03	1.446310e-03	7.178045e-05	-7.178045e-05	5.194620e-03	-4.766591e-03
204           	2.871190e-03	6.666964e-21	4.277259e-04	-1.069315e-05	4.981212e-03	7.177976e-05	1.424902e-03	1.446288e-03	7.177976e-05	-7.177976e-05	5.195075e-03	-4.767350e-03
205           	2.871194e-03	6.666458e-21	4.275870e-04	-1.068967e-05	4.981528e-03	7.177985e-05	1.424907e-03	1.446287e-03	7.177985e-05	-7.177985e-05	5.195322e-03	-4.767735e-03
206           	2.871159e-03	6.666162e-21	4.276163e-04	-1.069041e-05	4.981403e-03	7.177898e-05	1.424889e-03	1.446270e-03	7.177898e-05	-7.177898e-05	5.195211e-03	-4.767595e-03
207           	2.871135e-03	6.666654e-21	4.279354e-04	-1.069838e-05	4.980667e-03	7.177838e-05	1.424869e-03	1.446266e-03	7.177838e-05	-7.177838e-05	5.194635e-03	-4.766699e-03
208           	2.871134e-03	6.668150e-21	4.284757e-04	-1.071189e-05	4.979497e-03	7.177834e-05	1.424855e-03	1.446279e-03	7.177834e-05	-7.177834e-05	5.193735e-03	-4.765259e-03
209           	2.871152e-03	6.670137e-21	4.287660e-04	-1.071915e-05	4.978900e-03	7.177879e-05	1.424857e-03	1.446295e-03	7.177879e-05	-7.177879e-05	5.193283e-03	-4.764517e-03
210           	2.871144e-03	6.670691e-21	4.289532e-04	-1.072383e-05	4.978471e-03	7.177859e-05	1.424848e-03	1.446296e-03	7.177859e-05	-7.177859e-05	5.192948e-03	-4.763995e-03
211           	2.871155e-03	6.671090e-21	4.289481e-04	-1.072370e-05	4.978500e-03	7.177888e-05	1.424854e-03	1.446301e-03	7.177888e-05	-7.177888e-05	5.192974e-03	-4.764026e-03
212           	2.871184e-03	6.670827e-21	4.287945e-04	-1.071986e-05	4.978883e-03	7.177960e-05	1.424872e-03	1.446312e-03	7.177960e-05	-7.177960e-05	5.193280e-03	-4.764485e-03
213           	2.871202e-03	6.670097e-21	4.284459e-04	-1.071115e-05	4.979675e-03	7.178006e-05	1.424890e-03	1.446312e-03	7.178006e-05	-7.178006e-05	5.193898e-03	-4.765452e-03
214           	2.871203e-03	6.668660e-21	4.280159e-04	-1.070040e-05	4.980607e-03	7.178008e-05	1.424901e-03	1.446302e-03	7.178008e-05	-7.178008e-05	5.194615e-03	-4.766600e-03
215           	2.871181e-03	6.667140e-21	4.278213e-04	-1.069553e-05	4.980989e-03	7.177953e-05	1.424895e-03	1.446286e-03	7.177953e-05	-7.177953e-05	5.194900e-03	-4.767079e-03
216           	2.871180e-03	6.666876e-21	4.277768e-04	-1.069442e-05	4.981090e-03	7.177950e-05	1.424896e-03	1.446284e-03	7.177950e-05	-7.177950e-05	5.194978e-03	-4.767201e-03
217           	2.871154e-03	6.666851e-21	4.278537e-04	-1.069634e-05	4.980875e-03	7.177884e-05	1.424881e-03	1.446273e-03	7.177884e-05	-7.177884e-05	5.194802e-03	-4.766948e-03
218           	2.871137e-03	6.667385e-21	4.281341e-04	-1.070335e-05	4.980236e-03	7.177843e-05	1.424865e-03	1.446272e-03	7.177843e-05	-7.177843e-05	5.194303e-03	-4.766169e-03
219           	2.871140e-03	6.668656e-21	4.285254e-04	-1.071314e-05	4.979396e-03	7.177850e-05	1.424857e-03	1.446283e-03	7.177850e-05	-7.177850e-05	5.193659e-03	-4.765133e-03
220           	2.871156e-03	6.670082e-21	4.287180e-04	-1.071795e-05	4.979007e-03	7.177890e-05	1.424860e-03	1.446296e-03	7.177890e-05	-7.177890e-05	5.193366e-03	-4.764648e-03
221           	2.871154e-03	6.670414e-21	4.288101e-04	-1.072025e-05	4.978798e-03	7.177884e-05	1.424857e-03	1.446297e-03	7.177884e-05	-7.177884e-05	5.193204e-03	-4.764393e-03
222           	2.871175e-03	6.670610e-21	4.287956e-04	-1.071989e-05	4.978868e-03	7.177938e-05	1.424868e-03	1.446307e-03	7.177938e-05	-7.177938e-05	5.193265e-03	-4.764470e-03
223           	2.871190e-03	6.670311e-21	4.285999e-04	-1.071500e-05	4.979319e-03	7.177975e-05	1.424880e-03	1.446310e-03	7.177975e-05	-7.177975e-05	5.193619e-03	-4.765019e-03
224           	2.871190e-03	6.669382e-21	4.282595e-04	-1.070649e-05	4.980055e-03	7.177976e-05	1.424889e-03	1.446302e-03	7.177976e-05	-7.177976e-05	5.194185e-03	-4.765925e-03
225           	2.871179e-03	6.668125e-21	4.280740e-04	-1.070185e-05	4.980437e-03	7.177947e-05	1.424888e-03	1.446291e-03	7.177947e-05	-7.177947e-05	5.194474e-03	-4.766400e-03
226           	2.871186e-03	6.667764e-21	4.279512e-04	-1.069878e-05	4.980720e-03	7.177964e-05	1.424894e-03	1.446292e-03	7.177964e-05	-7.177964e-05	5.194696e-03	-4.766744e-03
227           	2.871176e-03	6.667479e-21	4.279517e-04	-1.069879e-05	4.980705e-03	7.177941e-05	1.424889e-03	1.446287e-03	7.177941e-05	-7.177941e-05	5.194680e-03	-4.766729e-03
228           	2.871159e-03	6.667656e-21	4.280497e-04	-1.070124e-05	4.980461e-03	7.177896e-05	1.424878e-03	1.446281e-03	7.177896e-05	-7.177896e-05	5.194486e-03	-4.766436e-03
229           	2.871147e-03	6.668121e-21	4.282706e-04	-1.070676e-05	4.979959e-03	7.177867e-05	1.424867e-03	1.446280e-03	7.177867e-05	-7.177867e-05	5.194095e-03	-4.765824e-03
230           	2.871146e-03	6.669028e-21	4.285413e-04	-1.071353e-05	4.979371e-03	7.177865e-05	1.424859e-03	1.446286e-03	7.177865e-05	-7.177865e-05	5.193641e-03	-4.765100e-03
231           	2.871160e-03	6.669982e-21	4.286635e-04	-1.071659e-05	4.979131e-03	7.177899e-05	1.424863e-03	1.446296e-03	7.177899e-05	-7.177899e-05	5.193463e-03	-4.764799e-03
232           	2.871161e-03	6.670147e-21	4.286947e-04	-1.071737e-05	4.979063e-03	7.177903e-05	1.424863e-03	1.446298e-03	7.177903e-05	-7.177903e-05	5.193410e-03	-4.764715e-03
233           	2.871176e-03	6.670159e-21	4.286506e-04	-1.071626e-05	4.979185e-03	7.177941e-05	1.424872e-03	1.446304e-03	7.177941e-05	-7.177941e-05	5.193510e-03	-4.764860e-03
234           	2.871186e-03	6.669837e-21	4.284789e-04	-1.071197e-05	4.979576e-03	7.177965e-05	1.424881e-03	1.446305e-03	7.177965e-05	-7.177965e-05	5.193815e-03	-4.765336e-03
235           	2.871186e-03	6.669065e-21	4.282300e-04	-1.070575e-05	4.980112e-03	7.177964e-05	1.424887e-03	1.446299e-03	7.177964e-05	-7.177964e-05	5.194227e-03	-4.765997e-03
236           	2.871176e-03	6.668160e-21	4.281047e-04	-1.070262e-05	4.980366e-03	7.177939e-05	1.424885e-03	1.446290e-03	7.177939e-05	-7.177939e-05	5.194419e-03	-4.766314e-03
237           	2.871178e-03	6.667939e-21	4.280396e-04	-1.070099e-05	4.980515e-03	7.177945e-05	1.424888e-03	1.446290e-03	7.177945e-05	-7.177945e-05	5.194535e-03	-4.766495e-03
238           	2.871165e-03	6.667790e-21	4.280428e-04	-1.070107e-05	4.980485e-03	7.177912e-05	1.424881e-03	1.446283e-03	7.177912e-05	-7.177912e-05	5.194506e-03	-4.766463e-03
239           	2.871155e-03	6.667963e-21	4.281605e-04	-1.070401e-05	4.980212e-03	7.177888e-05	1.424874e-03	1.446282e-03	7.177888e-05	-7.177888e-05	5.194293e-03	-4.766132e-03
240           	2.871154e-03	6.668538e-21	4.283749e-04	-1.070937e-05	4.979748e-03	7.177886e-05	1.424868e-03	1.446287e-03	7.177886e-05	-7.177886e-05	5.193935e-03	-4.765560e-03
241           	2.871161e-03	6.669331e-21	4.284941e-04	-1.071235e-05	4.979501e-03	7.177902e-05	1.424868e-03	1.446293e-03	7.177902e-05	-7.177902e-05	5.193748e-03	-4.765254e-03
242           	2.871157e-03	6.669568e-21	4.285764e-04	-1.071441e-05	4.979312e-03	7.177892e-05	1.424864e-03	1.446293e-03	7.177892e-05	-7.177892e-05	5.193600e-03	-4.765023e-03
243           	2.871162e-03	6.669758e-21	4.285862e-04	-1.071465e-05	4.979299e-03	7.177906e-05	1.424867e-03	1.446296e-03	7.177906e-05	-7.177906e-05	5.193592e-03	-4.765006e-03
244           	2.871173e-03	6.669674e-21	4.285339e-04	-1.071335e-05	4.979430e-03	7.177932e-05	1.424873e-03	1.446300e-03	7.177932e-05	-7.177932e-05	5.193697e-03	-4.765164e-03
245           	2.871180e-03	6.669420e-21	4.284005e-04	-1.071001e-05	4.979735e-03	7.177951e-05	1.424880e-03	1.446300e-03	7.177951e-05	-7.177951e-05	5.193935e-03	-4.765535e-03
246           	2.871181e-03	6.668859e-21	4.282269e-04	-1.070567e-05	4.980112e-03	7.177953e-05	1.424885e-03	1.446296e-03	7.177953e-05	-7.177953e-05	5.194225e-03	-4.765998e-03
247           	2.871173e-03	6.668249e-21	4.281456e-04	-1.070364e-05	4.980274e-03	7.177933e-05	1.424883e-03	1.446290e-03	7.177933e-05	-7.177933e-05	5.194347e-03	-4.766201e-03
248           	2.871174e-03	6.668129e-21	4.281172e-04	-1.070293e-05	4.980339e-03	7.177934e-05	1.424884e-03	1.446290e-03	7.177934e-05	-7.177934e-05	5.194397e-03	-4.766280e-03
249           	2.871164e-03	6.668088e-21	4.281369e-04	-1.070342e-05	4.980278e-03	7.177909e-05	1.424878e-03	1.446285e-03	7.177909e-05	-7.177909e-05	5.194346e-03	-4.766210e-03
250           	2.871157e-03	6.668271e-21	4.282379e-04	-1.070595e-05	4.980047e-03	7.177892e-05	1.424872e-03	1.446284e-03	7.177892e-05	-7.177892e-05	5.194166e-03	-4.765928e-03
251           	2.871157e-03	6.668737e-21	4.283934e-04	-1.070983e-05	4.979711e-03	7.177893e-05	1.424869e-03	1.446288e-03	7.177893e-05	-7.177893e-05	5.193908e-03	-4.765515e-03
252           	2.871163e-03	6.669307e-21	4.284736e-04	-1.071184e-05	4.979548e-03	7.177907e-05	1.424870e-03	1.446293e-03	7.177907e-05	-7.177907e-05	5.193784e-03	-4.765311e-03
253           	2.871162e-03	6.669456e-21	4.285199e-04	-1.071300e-05	4.979443e-03	7.177904e-05	1.424868e-03	1.446294e-03	7.177904e-05	-7.177904e-05	5.193703e-03	-4.765183e-03
254           	2.871165e-03	6.669541e-21	4.285089e-04	-1.071272e-05	4.979471e-03	7.177912e-05	1.424870e-03	1.446295e-03	7.177912e-05	-7.177912e-05	5.193726e-03	-4.765217e-03
255           	2.871173e-03	6.669433e-21	4.284584e-04	-1.071146e-05	4.979595e-03	7.177932e-05	1.424875e-03	1.446298e-03	7.177932e-05	-7.177932e-05	5.193824e-03	-4.765366e-03
256           	2.871178e-03	6.669204e-21	4.283558e-04	-1.070889e-05	4.979827e-03	7.177944e-05	1.424880e-03	1.446298e-03	7.177944e-05	-7.177944e-05	5.194005e-03	-4.765649e-03
257           	2.871178e-03	6.668790e-21	4.282355e-04	-1.070589e-05	4.980088e-03	7.177945e-05	1.424883e-03	1.446295e-03	7.177945e-05	-7.177945e-05	5.194206e-03	-4.765970e-03
258           	2.871171e-03	6.668361e-21	4.281842e-04	-1.070461e-05	4.980186e-03	7.177927e-05	1.424881e-03	1.446290e-03	7.177927e-05	-7.177927e-05	5.194278e-03	-4.766094e-03
259           	2.871171e-03	6.668306e-21	4.281787e-04	-1.070447e-05	4.980200e-03	7.177927e-05	1.424881e-03	1.446290e-03	7.177927e-05	-7.177927e-05	5.194290e-03	-4.766111e-03
260           	2.871164e-03	6.668322e-21	4.282055e-04	-1.070514e-05	4.980129e-03	7.177909e-05	1.424877e-03	1.446287e-03	7.177909e-05	-7.177909e-05	5.194232e-03	-4.766027e-03
261           	2.871159e-03	6.668485e-21	4.282889e-04	-1.070722e-05	4.979940e-03	7.177898e-05	1.424872e-03	1.446287e-03	7.177898e-05	-7.177898e-05	5.194084e-03	-4.765795e-03
262           	2.871159e-03	6.668850e-21	4.283993e-04	-1.070998e-05	4.979701e-03	7.177898e-05	1.424870e-03	1.446290e-03	7.177898e-05	-7.177898e-05	5.193901e-03	-4.765502e-03
263           	2.871164e-03	6.669247e-21	4.284522e-04	-1.071131e-05	4.979595e-03	7.177910e-05	1.424871e-03	1.446293e-03	7.177910e-05	-7.177910e-05	5.193821e-03	-4.765369e-03
264           	2.871164e-03	6.669334e-21	4.284745e-04	-1.071186e-05	4.979546e-03	7.177910e-05	1.424870e-03	1.446294e-03	7.177910e-05	-7.177910e-05	5.193783e-03	-4.765308e-03
265           	2.871170e-03	6.669373e-21	4.284667e-04	-1.071167e-05	4.979573e-03	7.177925e-05	1.424873e-03	1.446297e-03	7.177925e-05	-7.177925e-05	5.193806e-03	-4.765339e-03
266           	2.871174e-03	6.669281e-21	4.284076e-04	-1.071019e-05	4.979708e-03	7.177935e-05	1.424877e-03	1.446297e-03	7.177935e-05	-7.177935e-05	5.193912e-03	-4.765504e-03
267           	2.871174e-03	6.669010e-21	4.283103e-04	-1.070776e-05	4.979919e-03	7.177935e-05	1.424879e-03	1.446295e-03	7.177935e-05	-7.177935e-05	5.194074e-03	-4.765764e-03
268           	2.871171e-03	6.668657e-21	4.282584e-04	-1.070646e-05	4.980025e-03	7.177927e-05	1.424879e-03	1.446292e-03	7.177927e-05	-7.177927e-05	5.194154e-03	-4.765896e-03
269           	2.871172e-03	6.668559e-21	4.282257e-04	-1.070564e-05	4.980100e-03	7.177931e-05	1.424880e-03	1.446292e-03	7.177931e-05	-7.177931e-05	5.194213e-03	-4.765988e-03
270           	2.871170e-03	6.668489e-21	4.282289e-04	-1.070572e-05	4.980090e-03	7.177924e-05	1.424879e-03	1.446291e-03	7.177924e-05	-7.177924e-05	5.194204e-03	-4.765975e-03
271           	2.871165e-03	6.668551e-21	4.282586e-04	-1.070647e-05	4.980016e-03	7.177912e-05	1.424876e-03	1.446289e-03	7.177912e-05	-7.177912e-05	5.194146e-03	-4.765887e-03
272           	2.871162e-03	6.668688e-21	4.283221e-04	-1.070805e-05	4.979872e-03	7.177904e-05	1.424873e-03	1.446289e-03	7.177904e-05	-7.177904e-05	5.194033e-03	-4.765711e-03
273           	2.871161e-03	6.668945e-21	4.283989e-04	-1.070997e-05	4.979706e-03	7.177903e-05	1.424871e-03	1.446291e-03	7.177903e-05	-7.177903e-05	5.193905e-03	-4.765506e-03
274           	2.871165e-03	6.669216e-21	4.284331e-04	-1.071083e-05	4.979639e-03	7.177913e-05	1.424872e-03	1.446293e-03	7.177913e-05	-7.177913e-05	5.193855e-03	-4.765422e-03
275           	2.871165e-03	6.669260e-21	4.284390e-04	-1.071097e-05	4.979625e-03	7.177914e-05	1.424872e-03	1.446294e-03	7.177914e-05	-7.177914e-05	5.193845e-03	-4.765406e-03
276           	2.871170e-03	6.669257e-21	4.284232e-04	-1.071058e-05	4.979668e-03	7.177926e-05	1.424875e-03	1.446296e-03	7.177926e-05	-7.177926e-05	5.193880e-03	-4.765457e-03
277           	2.871173e-03	6.669154e-21	4.283709e-04	-1.070927e-05	4.979787e-03	7.177933e-05	1.424877e-03	1.446296e-03	7.177933e-05	-7.177933e-05	5.193972e-03	-4.765601e-03
278           	2.871173e-03	6.668919e-21	4.283002e-04	-1.070750e-05	4.979939e-03	7.177932e-05	1.424879e-03	1.446294e-03	7.177932e-05	-7.177932e-05	5.194089e-03	-4.765789e-03
279           	2.871170e-03	6.668661e-21	4.282660e-04	-1.070665e-05	4.980007e-03	7.177924e-05	1.424878e-03	1.446291e-03	7.177924e-05	-7.177924e-05	5.194140e-03	-4.765874e-03
280           	2.871170e-03	6.668604e-21	4.282508e-04	-1.070627e-05	4.980042e-03	7.177925e-05	1.424879e-03	1.446291e-03	7.177925e-05	-7.177925e-05	5.194167e-03	-4.765917e-03
281           	2.871166e-03	6.668572e-21	4.282548e-04	-1.070637e-05	4.980026e-03	7.177915e-05	1.424877e-03	1.446289e-03	7.177915e-05	-7.177915e-05	5.194154e-03	-4.765899e-03
282           	2.871163e-03	6.668631e-21	4.282920e-04	-1.070730e-05	4.979941e-03	7.177908e-05	1.424874e-03	1.446289e-03	7.177908e-05	-7.177908e-05	5.194087e-03	-4.765795e-03
283           	2.871163e-03	6.668804e-21	4.283540e-04	-1.070885e-05	4.979807e-03	7.177908e-05	1.424873e-03	1.446290e-03	7.177908e-05	-7.177908e-05	5.193984e-03	-4.765630e-03
284           	2.871165e-03	6.669032e-21	4.283871e-04	-1.070968e-05	4.979739e-03	7.177914e-05	1.424873e-03	1.446292e-03	7.177914e-05	-7.177914e-05	5.193932e-03	-4.765545e-03
285           	2.871164e-03	6.669094e-21	4.284072e-04	-1.071018e-05	4.979692e-03	7.177911e-05	1.424872e-03	1.446292e-03	7.177911e-05	-7.177911e-05	5.193896e-03	-4.765489e-03
286           	2.871166e-03	6.669136e-21	4.284056e-04	-1.071014e-05	4.979698e-03	7.177914e-05	1.424873e-03	1.446293e-03	7.177914e-05	-7.177914e-05	5.193901e-03	-4.765495e-03
287           	2.871169e-03	6.669103e-21	4.283873e-04	-1.070968e-05	4.979743e-03	7.177923e-05	1.424875e-03	1.446294e-03	7.177923e-05	-7.177923e-05	5.193937e-03	-4.765550e-03
288           	2.871171e-03	6.669018e-21	4.283469e-04	-1.070867e-05	4.979835e-03	7.177928e-05	1.424877e-03	1.446294e-03	7.177928e-05	-7.177928e-05	5.194008e-03	-4.765662e-03
289           	2.871171e-03	6.668855e-21	4.282976e-04	-1.070744e-05	4.979942e-03	7.177929e-05	1.424878e-03	1.446293e-03	7.177929e-05	-7.177929e-05	5.194091e-03	-4.765794e-03
290           	2.871169e-03	6.668681e-21	4.282754e-04	-1.070688e-05	4.979986e-03	7.177922e-05	1.424878e-03	1.446291e-03	7.177922e-05	-7.177922e-05	5.194123e-03	-4.765848e-03
291           	2.871169e-03	6.668653e-21	4.282712e-04	-1.070678e-05	4.979995e-03	7.177922e-05	1.424878e-03	1.446291e-03	7.177922e-05	-7.177922e-05	5.194131e-03	-4.765859e-03
292           	2.871166e-03	6.668653e-21	4.282811e-04	-1.070703e-05	4.979968e-03	7.177914e-05	1.424876e-03	1.446290e-03	7.177914e-05	-7.177914e-05	5.194109e-03	-4.765828e-03
293           	2.871164e-03	6.668717e-21	4.283144e-04	-1.070786e-05	4.979892e-03	7.177909e-05	1.424874e-03	1.446290e-03	7.177909e-05	-7.177909e-05	5.194049e-03	-4.765735e-03
294           	2.871164e-03	6.668866e-21	4.283601e-04	-1.070900e-05	4.979794e-03	7.177910e-05	1.424873e-03	1.446291e-03	7.177910e-05	-7.177910e-05	5.193974e-03	-4.765614e-03
295           	2.871166e-03	6.669030e-21	4.283823e-04	-1.070956e-05	4.979750e-03	7.177915e-05	1.424873e-03	1.446293e-03	7.177915e-05	-7.177915e-05	5.193941e-03	-4.765559e-03
296           	2.871166e-03	6.669067e-21	4.283927e-04	-1.070982e-05	4.979726e-03	7.177915e-05	1.424873e-03	1.446293e-03	7.177915e-05	-7.177915e-05	5.193923e-03	-4.765530e-03
297           	2.871168e-03	6.669087e-21	4.283907e-04	-1.070977e-05	4.979735e-03	7.177920e-05	1.424874e-03	1.446294e-03	7.177920e-05	-7.177920e-05	5.193930e-03	-4.765539e-03
298           	2.871170e-03	6.669052e-21	4.283678e-04	-1.070919e-05	4.979788e-03	7.177925e-05	1.424876e-03	1.446294e-03	7.177925e-05	-7.177925e-05	5.193971e-03	-4.765604e-03
299           	2.871170e-03	6.668944e-21	4.283279e-04	-1.070820e-05	4.979874e-03	7.177925e-05	1.424877e-03	1.446293e-03	7.177925e-05	-7.177925e-05	5.194038e-03	-4.765710e-03
300           	2.871169e-03	6.668797e-21	4.283062e-04	-1.070766e-05	4.979918e-03	7.177922e-05	1.424877e-03	1.446292e-03	7.177922e-05	-7.177922e-05	5.194072e-03	-4.765765e-03
301           	2.871169e-03	6.668754e-21	4.282924e-04	-1.070731e-05	4.979950e-03	7.177923e-05	1.424877e-03	1.446292e-03	7.177923e-05	-7.177923e-05	5.194097e-03	-4.765804e-03
302           	2.871168e-03	6.668725e-21	4.282922e-04	-1.070731e-05	4.979949e-03	7.177921e-05	1.424877e-03	1.446292e-03	7.177921e-05	-7.177921e-05	5.194095e-03	-4.765803e-03
303           	2.871166e-03	6.668742e-21	4.283031e-04	-1.070758e-05	4.979922e-03	7.177916e-05	1.424876e-03	1.446291e-03	7.177916e-05	-7.177916e-05	5.194074e-03	-4.765770e-03
304           	2.871165e-03	6.668794e-21	4.283286e-04	-1.070822e-05	4.979864e-03	7.177912e-05	1.424874e-03	1.446291e-03	7.177912e-05	-7.177912e-05	5.194028e-03	-4.765700e-03
305           	2.871165e-03	6.668899e-21	4.283603e-04	-1.070901e-05	4.979795e-03	7.177912e-05	1.424873e-03	1.446291e-03	7.177912e-05	-7.177912e-05	5.193975e-03	-4.765615e-03
306           	2.871166e-03	6.669010e-21	4.283748e-04	-1.070937e-05	4.979767e-03	7.177916e-05	1.424874e-03	1.446293e-03	7.177916e-05	-7.177916e-05	5.193954e-03	-4.765579e-03
307           	2.871166e-03	6.669030e-21	4.283784e-04	-1.070946e-05	4.979758e-03	7.177916e-05	1.424874e-03	1.446293e-03	7.177916e-05	-7.177916e-05	5.193948e-03	-4.765569e-03
308           	2.871168e-03	6.669033e-21	4.283730e-04	-1.070933e-05	4.979773e-03	7.177921e-05	1.424875e-03	1.446293e-03	7.177921e-05	-7.177921e-05	5.193960e-03	-4.765587e-03
309           	2.871170e-03	6.668994e-21	4.283525e-04	-1.070881e-05	4.979820e-03	7.177924e-05	1.424876e-03	1.446294e-03	7.177924e-05	-7.177924e-05	5.193997e-03	-4.765644e-03
310           	2.871169e-03	6.668901e-21	4.283233e-04	-1.070808e-05	4.979883e-03	7.177924e-05	1.424877e-03	1.446293e-03	7.177924e-05	-7.177924e-05	5.194045e-03	-4.765722e-03
311           	2.871168e-03	6.668797e-21	4.283087e-04	-1.070772e-05	4.979913e-03	7.177921e-05	1.424876e-03	1.446292e-03	7.177921e-05	-7.177921e-05	5.194067e-03	-4.765758e-03
312           	2.871168e-03	6.668771e-21	4.283014e-04	-1.070754e-05	4.979929e-03	7.177921e-05	1.424877e-03	1.446292e-03	7.177921e-05	-7.177921e-05	5.194080e-03	-4.765778e-03
313           	2.871167e-03	6.668757e-21	4.283021e-04	-1.070755e-05	4.979925e-03	7.177917e-05	1.424876e-03	1.446291e-03	7.177917e-05	-7.177917e-05	5.194076e-03	-4.765774e-03
314           	2.871166e-03	6.668778e-21	4.283159e-04	-1.070790e-05	4.979893e-03	7.177915e-05	1.424875e-03	1.446291e-03	7.177915e-05	-7.177915e-05	5.194051e-03	-4.765735e-03
315           	2.871166e-03	6.668845e-21	4.283412e-04	-1.070853e-05	4.979838e-03	7.177914e-05	1.424874e-03	1.446291e-03	7.177914e-05	-7.177914e-05	5.194009e-03	-4.765668e-03
316           	2.871166e-03	6.668938e-21	4.283554e-04	-1.070888e-05	4.979809e-03	7.177916e-05	1.424874e-03	1.446292e-03	7.177916e-05	-7.177916e-05	5.193987e-03	-4.765631e-03
317           	2.871166e-03	6.668966e-21	4.283649e-04	-1.070912e-05	4.979787e-03	7.177915e-05	1.424874e-03	1.446292e-03	7.177915e-05	-7.177915e-05	5.193969e-03	-4.765604e-03
318           	2.871167e-03	6.668988e-21	4.283658e-04	-1.070915e-05	4.979786e-03	7.177916e-05	1.424874e-03	1.446292e-03	7.177916e-05	-7.177916e-05	5.193969e-03	-4.765603e-03
319           	2.871168e-03	6.668981e-21	4.283594e-04	-1.070899e-05	4.979802e-03	7.177920e-05	1.424875e-03	1.446293e-03	7.177920e-05	-7.177920e-05	5.193982e-03	-4.765623e-03
320           	2.871169e-03	6.668949e-21	4.283433e-04	-1.070858e-05	4.979839e-03	7.177922e-05	1.424876e-03	1.446293e-03	7.177922e-05	-7.177922e-05	5.194011e-03	-4.765667e-03
321           	2.871169e-03	6.668881e-21	4.283228e-04	-1.070807e-05	4.979884e-03	7.177922e-05	1.424876e-03	1.446293e-03	7.177922e-05	-7.177922e-05	5.194045e-03	-4.765722e-03
322           	2.871168e-03	6.668808e-21	4.283132e-04	-1.070783e-05	4.979902e-03	7.177920e-05	1.424876e-03	1.446292e-03	7.177920e-05	-7.177920e-05	5.194059e-03	-4.765746e-03
323           	2.871168e-03	6.668794e-21	4.283103e-04	-1.070776e-05	4.979909e-03	7.177920e-05	1.424876e-03	1.446292e-03	7.177920e-05	-7.177920e-05	5.194064e-03	-4.765754e-03
324           	2.871167e-03	6.668790e-21	4.283131e-04	-1.070783e-05	4.979901e-03	7.177917e-05	1.424876e-03	1.446291e-03	7.177917e-05	-7.177917e-05	5.194058e-03	-4.765744e-03
325           	2.871166e-03	6.668813e-21	4.283256e-04	-1.070814e-05	4.979872e-03	7.177915e-05	1.424875e-03	1.446291e-03	7.177915e-05	-7.177915e-05	5.194035e-03	-4.765709e-03
326           	2.871166e-03	6.668870e-21	4.283443e-04	-1.070861e-05	4.979832e-03	7.177915e-05	1.424874e-03	1.446292e-03	7.177915e-05	-7.177915e-05	5.194004e-03	-4.765660e-03
327           	2.871167e-03	6.668937e-21	4.283539e-04	-1.070885e-05	4.979812e-03	7.177917e-05	1.424875e-03	1.446292e-03	7.177917e-05	-7.177917e-05	5.193989e-03	-4.765635e-03
328           	2.871167e-03	6.668955e-21	4.283592e-04	-1.070898e-05	4.979801e-03	7.177917e-05	1.424874e-03	1.446292e-03	7.177917e-05	-7.177917e-05	5.193980e-03	-4.765621e-03
329           	2.871168e-03	6.668966e-21	4.283593e-04	-1.070898e-05	4.979802e-03	7.177919e-05	1.424875e-03	1.446293e-03	7.177919e-05	-7.177919e-05	5.193982e-03	-4.765622e-03
330           	2.871168e-03	6.668955e-21	4.283512e-04	-1.070878e-05	4.979821e-03	7.177921e-05	1.424875e-03	1.446293e-03	7.177921e-05	-7.177921e-05	5.193996e-03	-4.765645e-03
331           	2.871168e-03	6.668915e-21	4.283352e-04	-1.070838e-05	4.979855e-03	7.177921e-05	1.424876e-03	1.446293e-03	7.177921e-05	-7.177921e-05	5.194023e-03	-4.765688e-03
332           	2.871168e-03	6.668856e-21	4.283261e-04	-1.070815e-05	4.979874e-03	7.177920e-05	1.424876e-03	1.446292e-03	7.177920e-05	-7.177920e-05	5.194037e-03	-4.765711e-03
333           	2.871168e-03	6.668837e-21	4.283195e-04	-1.070799e-05	4.979890e-03	7.177921e-05	1.424876e-03	1.446292e-03	7.177921e-05	-7.177921e-05	5.194049e-03	-4.765730e-03
334           	2.871168e-03	6.668821e-21	4.283183e-04	-1.070796e-05	4.979892e-03	7.177920e-05	1.424876e-03	1.446292e-03	7.177920e-05	-7.177920e-05	5.194051e-03	-4.765732e-03
335           	2.871167e-03	6.668824e-21	4.283220e-04	-1.070805e-05	4.979882e-03	7.177917e-05	1.424875e-03	1.446292e-03	7.177917e-05	-7.177917e-05	5.194043e-03	-4.765721e-03
336           	2.871166e-03	6.668843e-21	4.283319e-04	-1.070830e-05	4.979859e-03	7.177916e-05	1.424875e-03	1.446291e-03	7.177916e-05	-7.177916e-05	5.194025e-03	-4.765693e-03
337           	2.871166e-03	6.668885e-21	4.283451e-04	-1.070863e-05	4.979831e-03	7.177916e-05	1.424875e-03	1.446292e-03	7.177916e-05	-7.177916e-05	5.194003e-03	-4.765658e-03
338           	2.871167e-03	6.668933e-21	4.283514e-04	-1.070878e-05	4.979818e-03	7.177917e-05	1.424875e-03	1.446292e-03	7.177917e-05	-7.177917e-05	5.193994e-03	-4.765642e-03
339           	2.871167e-03	6.668942e-21	4.283537e-04	-1.070884e-05	4.979813e-03	7.177917e-05	1.424875e-03	1.446292e-03	7.177917e-05	-7.177917e-05	5.193990e-03	-4.765636e-03
340           	2.871168e-03	6.668946e-21	4.283523e-04	-1.070881e-05	4.979817e-03	7.177919e-05	1.424875e-03	1.446293e-03	7.177919e-05	-7.177919e-05	5.193993e-03	-4.765641e-03
341           	2.871168e-03	6.668933e-21	4.283448e-04	-1.070862e-05	4.979835e-03	7.177920e-05	1.424875e-03	1.446293e-03	7.177920e-05	-7.177920e-05	5.194007e-03	-4.765662e-03
342           	2.871168e-03	6.668898e-21	4.283329e-04	-1.070832e-05	4.979860e-03	7.177920e-05	1.424876e-03	1.446292e-03	7.177920e-05	-7.177920e-05	5.194027e-03	-4.765694e-03
343           	2.871168e-03	6.668855e-21	4.283267e-04	-1.070817e-05	4.979873e-03	7.177919e-05	1.424876e-03	1.446292e-03	7.177919e-05	-7.177919e-05	5.194036e-03	-4.765710e-03
344           	2.871168e-03	6.668843e-21	4.283230e-04	-1.070807e-05	4.979881e-03	7.177920e-05	1.424876e-03	1.446292e-03	7.177920e-05	-7.177920e-05	5.194043e-03	-4.765720e-03
345           	2.871168e-03	6.668836e-21	4.283236e-04	-1.070809e-05	4.979879e-03	7.177919e-05	1.424876e-03	1.446292e-03	7.177919e-05	-7.177919e-05	5.194041e-03	-4.765718e-03
346           	2.871167e-03	6.668844e-21	4.283274e-04	-1.070818e-05	4.979870e-03	7.177917e-05	1.424875e-03	1.446292e-03	7.177917e-05	-7.177917e-05	5.194034e-03	-4.765707e-03
347           	2.871167e-03	6.668861e-21	4.283352e-04	-1.070838e-05	4.979853e-03	7.177916e-05	1.424875e-03	1.446292e-03	7.177916e-05	-7.177916e-05	5.194020e-03	-4.765685e-03
348           	2.871167e-03	6.668892e-21	4.283445e-04	-1.070861e-05	4.979832e-03	7.177916e-05	1.424875e-03	1.446292e-03	7.177916e-05	-7.177916e-05	5.194005e-03	-4.765660e-03
349           	2.871167e-03	6.668925e-21	4.283485e-04	-1.070871e-05	4.979825e-03	7.177918e-05	1.424875e-03	1.446292e-03	7.177918e-05	-7.177918e-05	5.193999e-03	-4.765650e-03
350           	2.871167e-03	6.668930e-21	4.283491e-04	-1.070873e-05	4.979823e-03	7.177918e-05	1.424875e-03	1.446292e-03	7.177918e-05	-7.177918e-05	5.193998e-03	-4.765649e-03
351           	2.871168e-03	6.668929e-21	4.283474e-04	-1.070868e-05	4.979828e-03	7.177919e-05	1.424875e-03	1.446293e-03	7.177919e-05	-7.177919e-05	5.194002e-03	-4.765654e-03
352           	2.871168e-03	6.668918e-21	4.283413e-04	-1.070853e-05	4.979842e-03	7.177920e-05	1.424875e-03	1.446293e-03	7.177920e-05	-7.177920e-05	5.194013e-03	-4.765671e-03
353           	2.871168e-03	6.668890e-21	4.283328e-04	-1.070832e-05	4.979860e-03	7.177920e-05	1.424876e-03	1.446292e-03	7.177920e-05	-7.177920e-05	5.194027e-03	-4.765694e-03
354           	2.871168e-03	6.668859e-21	4.283286e-04	-1.070821e-05	4.979869e-03	7.177919e-05	1.424876e-03	1.446292e-03	7.177919e-05	-7.177919e-05	5.194033e-03	-4.765704e-03
355           	2.871168e-03	6.668852e-21	4.283266e-04	-1.070817e-05	4.979873e-03	7.177919e-05	1.424876e-03	1.446292e-03	7.177919e-05	-7.177919e-05	5.194036e-03	-4.765710e-03
356           	2.871167e-03	6.668848e-21	4.283269e-04	-1.070817e-05	4.979872e-03	7.177918e-05	1.424875e-03	1.446292e-03	7.177918e-05	-7.177918e-05	5.194035e-03	-4.765708e-03
357           	2.871167e-03	6.668854e-21	4.283312e-04	-1.070828e-05	4.979862e-03	7.177917e-05	1.424875e-03	1.446292e-03	7.177917e-05	-7.177917e-05	5.194027e-03	-4.765696e-03
358           	2.871167e-03	6.668874e-21	4.283385e-04	-1.070846e-05	4.979846e-03	7.177917e-05	1.424875e-03	1.446292e-03	7.177917e-05	-7.177917e-05	5.194015e-03	-4.765677e-03
359           	2.871167e-03	6.668902e-21	4.283425e-04	-1.070856e-05	4.979838e-03	7.177918e-05	1.424875e-03	1.446292e-03	7.177918e-05	-7.177918e-05	5.194009e-03	-4.765666e-03
360           	2.871167e-03	6.668909e-21	4.283452e-04	-1.070863e-05	4.979832e-03	7.177917e-05	1.424875e-03	1.446292e-03	7.177917e-05	-7.177917e-05	5.194004e-03	-4.765659e-03
361           	2.871167e-03	6.668915e-21	4.283452e-04	-1.070863e-05	4.979832e-03	7.177918e-05	1.424875e-03	1.446292e-03	7.177918e-05	-7.177918e-05	5.194004e-03	-4.765659e-03
362           	2.871168e-03	6.668912e-21	4.283432e-04	-1.070858e-05	4.979837e-03	7.177919e-05	1.424875e-03	1.446292e-03	7.177919e-05	-7.177919e-05	5.194008e-03	-4.765665e-03
363           	2.871168e-03	6.668902e-21	4.283385e-04	-1.070846e-05	4.979847e-03	7.177919e-05	1.424875e-03	1.446292e-03	7.177919e-05	-7.177919e-05	5.194017e-03	-4.765678e-03
364           	2.871168e-03	6.668883e-21	4.283326e-04	-1.070832e-05	4.979860e-03	7.177920e-05	1.424876e-03	1.446292e-03	7.177920e-05	-7.177920e-05	5.194027e-03	-4.765694e-03
365           	2.871168e-03	6.668862e-21	4.283300e-04	-1.070825e-05	4.979865e-03	7.177919e-05	1.424876e-03	1.446292e-03	7.177919e-05	-7.177919e-05	5.194030e-03	-4.765700e-03
366           	2.871167e-03	6.668859e-21	4.283292e-04	-1.070823e-05	4.979867e-03	7.177919e-05	1.424876e-03	1.446292e-03	7.177919e-05	-7.177919e-05	5.194032e-03	-4.765703e-03
367           	2.871167e-03	6.668858e-21	4.283300e-04	-1.070825e-05	4.979865e-03	7.177918e-05	1.424875e-03	1.446292e-03	7.177918e-05	-7.177918e-05	5.194030e-03	-4.765700e-03
368           	2.871167e-03	6.668865e-21	4.283336e-04	-1.070834e-05	4.979857e-03	7.177917e-05	1.424875e-03	1.446292e-03	7.177917e-05	-7.177917e-05	5.194023e-03	-4.765690e-03
369           	2.871167e-03	6.668881e-21	4.283390e-04	-1.070847e-05	4.979845e-03	7.177917e-05	1.424875e-03	1.446292e-03	7.177917e-05	-7.177917e-05	5.194015e-03	-4.765676e-03
370           	2.871167e-03	6.668900e-21	4.283417e-04	-1.070854e-05	4.979840e-03	7.177918e-05	1.424875e-03	1.446292e-03	7.177918e-05	-7.177918e-05	5.194010e-03	-4.765669e-03
371           	2.871167e-03	6.668905e-21	4.283432e-04	-1.070858e-05	4.979836e-03	7.177918e-05	1.424875e-03	1.446292e-03	7.177918e-05	-7.177918e-05	5.194008e-03	-4.765665e-03
372           	2.871167e-03	6.668908e-21	4.283432e-04	-1.070858e-05	4.979837e-03	7.177918e-05	1.424875e-03	1.446292e-03	7.177918e-05	-7.177918e-05	5.194008e-03	-4.765665e-03
373           	2.871168e-03	6.668905e-21	4.283409e-04	-1.070852e-05	4.979842e-03	7.177919e-05	1.424875e-03	1.446292e-03	7.177919e-05	-7.177919e-05	5.194012e-03	-4.765671e-03
374           	2.871168e-03	6.668894e-21	4.283363e-04	-1.070841e-05	4.979852e-03	7.177919e-05	1.424875e-03	1.446292e-03	7.177919e-05	-7.177919e-05	5.194020e-03	-4.765684e-03
375           	2.871167e-03	6.668876e-21	4.283336e-04	-1.070834e-05	4.979857e-03	7.177919e-05	1.424875e-03	1.446292e-03	7.177919e-05	-7.177919e-05	5.194024e-03	-4.765691e-03
376           	2.871168e-03	6.668871e-21	4.283318e-04	-1.070829e-05	4.979862e-03	7.177919e-05	1.424875e-03	1.446292e-03	7.177919e-05	-7.177919e-05	5.194028e-03	-4.765696e-03
377           	2.871167e-03	6.668867e-21	4.283315e-04	-1.070829e-05	4.979862e-03	7.177919e-05	1.424875e-03	1.446292e-03	7.177919e-05	-7.177919e-05	5.194028e-03	-4.765696e-03
378           	2.871167e-03	6.668868e-21	4.283326e-04	-1.070831e-05	4.979859e-03	7.177918e-05	1.424875e-03	1.446292e-03	7.177918e-05	-7.177918e-05	5.194026e-03	-4.765693e-03
379           	2.871167e-03	6.668873e-21	4.283354e-04	-1.070839e-05	4.979853e-03	7.177918e-05	1.424875e-03	1.446292e-03	7.177918e-05	-7.177918e-05	5.194021e-03	-4.765685e-03
380           	2.871167e-03	6.668885e-21	4.283392e-04	-1.070848e-05	4.979845e-03	7.177918e-05	1.424875e-03	1.446292e-03	7.177918e-05	-7.177918e-05	5.194014e-03	-4.765675e-03
381           	2.871167e-03	6.668899e-21	4.283409e-04	-1.070852e-05	4.979841e-03	7.177918e-05	1.424875e-03	1.446292e-03	7.177918e-05	-7.177918e-05	5.194012e-03	-4.765671e-03
382           	2.871167e-03	6.668901e-21	4.283416e-04	-1.070854e-05	4.979840e-03	7.177918e-05	1.424875e-03	1.446292e-03	7.177918e-05	-7.177918e-05	5.194011e-03	-4.765669e-03
383           	2.871167e-03	6.668902e-21	4.283413e-04	-1.070853e-05	4.979841e-03	7.177919e-05	1.424875e-03	1.446292e-03	7.177919e-05	-7.177919e-05	5.194011e-03	-4.765670e-03
384           	2.871168e-03	6.668899e-21	4.283392e-04	-1.070848e-05	4.979846e-03	7.177919e-05	1.424875e-03	1.446292e-03	7.177919e-05	-7.177919e-05	5.194015e-03	-4.765676e-03
385           	2.871168e-03	6.668889e-21	4.283359e-04	-1.070840e-05	4.979853e-03	7.177919e-05	1.424875e-03	1.446292e-03	7.177919e-05	-7.177919e-05	5.194021e-03	-4.765685e-03
386           	2.871167e-03	6.668877e-21	4.283341e-04	-1.070835e-05	4.979856e-03	7.177919e-05	1.424875e-03	1.446292e-03	7.177919e-05	-7.177919e-05	5.194023e-03	-4.765689e-03
387           	2.871167e-03	6.668874e-21	4.283330e-04	-1.070833e-05	4.979859e-03	7.177919e-05	1.424875e-03	1.446292e-03	7.177919e-05	-7.177919e-05	5.194025e-03	-4.765692e-03
388           	2.871167e-03	6.668871e-21	4.283331e-04	-1.070833e-05	4.979858e-03	7.177919e-05	1.424875e-03	1.446292e-03	7.177919e-05	-7.177919e-05	5.194025e-03	-4.765692e-03
389           	2.871167e-03	6.668873e-21	4.283341e-04	-1.070835e-05	4.979856e-03	7.177918e-05	1.424875e-03	1.446292e-03	7.177918e-05	-7.177918e-05	5.194023e-03	-4.765689e-03
390           	2.871167e-03	6.668878e-21	4.283363e-04	-1.070841e-05	4.979851e-03	7.177918e-05	1.424875e-03	1.446292e-03	7.177918e-05	-7.177918e-05	5.194019e-03	-4.765683e-03
