# Force coefficients
# dragDir     : (1.000000e+00 0.000000e+00 0.000000e+00)
# sideDir     : (0.000000e+00 0.000000e+00 -1.000000e+00)
# liftDir     : (0.000000e+00 1.000000e+00 0.000000e+00)
# rollAxis    : (1.000000e+00 0.000000e+00 0.000000e+00)
# pitchAxis   : (0.000000e+00 0.000000e+00 -1.000000e+00)
# yawAxis     : (0.000000e+00 1.000000e+00 0.000000e+00)
# magUInf     : 4.000000e-02
# lRef        : 1.000000e-01
# Aref        : 1.000000e-01
# CofR        : (0.000000e+00 0.000000e+00 0.000000e+00)
#
# Time        	Cd            	Cs            	Cl            	CmRoll        	CmPitch       	CmYaw         	Cd(f)         	Cd(r)         	Cs(f)         	Cs(r)         	Cl(f)         	Cl(r)         
1             	7.500875e-04	3.258472e-20	7.653331e-04	-1.913333e-05	7.292846e-05	1.875219e-05	3.559104e-04	3.941771e-04	1.875219e-05	-1.875219e-05	4.555950e-04	3.097381e-04
2             	2.275646e-03	1.086297e-19	2.567253e-03	-6.418131e-05	-1.142620e-04	5.689114e-05	1.073641e-03	1.202004e-03	5.689114e-05	-5.689114e-05	1.169364e-03	1.397888e-03
3             	2.047043e-03	1.146365e-19	1.424659e-03	-3.561648e-05	1.813327e-03	5.117608e-05	9.879050e-04	1.059138e-03	5.117608e-05	-5.117608e-05	2.525657e-03	-1.100998e-03
4             	1.634199e-03	4.146155e-20	7.300278e-04	-1.825069e-05	2.280005e-03	4.085496e-05	7.988486e-04	8.353499e-04	4.085496e-05	-4.085496e-05	2.645019e-03	-1.914991e-03
5             	1.201177e-03	-6.678428e-21	2.902875e-04	-7.257189e-06	2.138252e-03	3.002942e-05	5.933313e-04	6.078456e-04	3.002942e-05	-3.002942e-05	2.283395e-03	-1.993108e-03
6             	8.987584e-04	-1.874072e-20	3.714777e-06	-9.286942e-08	2.005198e-03	2.246896e-05	4.492863e-04	4.494721e-04	2.246896e-05	-2.246896e-05	2.007056e-03	-2.003341e-03
7             	8.307226e-04	-1.415140e-20	-3.277542e-04	8.193856e-06	2.488359e-03	2.076806e-05	4.235551e-04	4.071674e-04	2.076806e-05	-2.076806e-05	2.324482e-03	-2.652236e-03
8             	8.906741e-04	-5.442990e-21	-3.366483e-04	8.416206e-06	2.617804e-03	2.226685e-05	4.537533e-04	4.369209e-04	2.226685e-05	-2.226685e-05	2.449480e-03	-2.786128e-03
9             	1.031408e-03	1.121492e-21	-5.528497e-05	1.382124e-06	2.348155e-03	2.578519e-05	5.170859e-04	5.143217e-04	2.578519e-05	-2.578519e-05	2.320512e-03	-2.375797e-03
10            	1.200078e-03	5.324491e-21	4.082999e-04	-1.020750e-05	1.791433e-03	3.000195e-05	5.898314e-04	6.102464e-04	3.000195e-05	-3.000195e-05	1.995583e-03	-1.587284e-03
11            	1.347571e-03	7.749310e-21	9.381272e-04	-2.345318e-05	1.073452e-03	3.368927e-05	6.503321e-04	6.972385e-04	3.368927e-05	-3.368927e-05	1.542516e-03	-6.043884e-04
12            	1.443408e-03	8.744069e-21	1.403384e-03	-3.508460e-05	3.916700e-04	3.608520e-05	6.866194e-04	7.567886e-04	3.608520e-05	-3.608520e-05	1.093362e-03	3.100221e-04
13            	1.503221e-03	9.155497e-21	1.766616e-03	-4.416539e-05	-1.516628e-04	3.758053e-05	7.074452e-04	7.957760e-04	3.758053e-05	-3.758053e-05	7.316450e-04	1.034971e-03
14            	1.548111e-03	9.774423e-21	2.021723e-03	-5.054306e-05	-5.127623e-04	3.870276e-05	7.235122e-04	8.245984e-04	3.870276e-05	-3.870276e-05	4.980990e-04	1.523624e-03
15            	1.579894e-03	1.043895e-20	2.202627e-03	-5.506567e-05	-7.596052e-04	3.949735e-05	7.348813e-04	8.450127e-04	3.949735e-05	-3.949735e-05	3.417083e-04	1.860919e-03
16            	1.602043e-03	1.102106e-20	2.339645e-03	-5.849113e-05	-9.477638e-04	4.005107e-05	7.425303e-04	8.595125e-04	4.005107e-05	-4.005107e-05	2.220588e-04	2.117586e-03
17            	1.616430e-03	1.157045e-20	2.449765e-03	-6.124412e-05	-1.106272e-03	4.041074e-05	7.469707e-04	8.694590e-04	4.041074e-05	-4.041074e-05	1.186103e-04	2.331154e-03
18            	1.625020e-03	1.210180e-20	2.543110e-03	-6.357774e-05	-1.249571e-03	4.062550e-05	7.489323e-04	8.760877e-04	4.062550e-05	-4.062550e-05	2.198425e-05	2.521125e-03
19            	1.629778e-03	1.257208e-20	2.622895e-03	-6.557238e-05	-1.378389e-03	4.074446e-05	7.493167e-04	8.804615e-04	4.074446e-05	-4.074446e-05	-6.694133e-05	2.689837e-03
20            	1.630129e-03	1.293636e-20	2.679214e-03	-6.698035e-05	-1.473741e-03	4.075322e-05	7.480840e-04	8.820447e-04	4.075322e-05	-4.075322e-05	-1.341334e-04	2.813348e-03
21            	1.630587e-03	1.318405e-20	2.733116e-03	-6.832790e-05	-1.566112e-03	4.076467e-05	7.469656e-04	8.836214e-04	4.076467e-05	-4.076467e-05	-1.995536e-04	2.932670e-03
22            	1.629437e-03	1.340564e-20	2.777183e-03	-6.942958e-05	-1.643540e-03	4.073593e-05	7.452890e-04	8.841482e-04	4.073593e-05	-4.073593e-05	-2.549482e-04	3.032131e-03
23            	1.627377e-03	1.360085e-20	2.815798e-03	-7.039495e-05	-1.713027e-03	4.068443e-05	7.432936e-04	8.840835e-04	4.068443e-05	-4.068443e-05	-3.051283e-04	3.120926e-03
24            	1.624517e-03	1.377886e-20	2.846081e-03	-7.115203e-05	-1.768635e-03	4.061293e-05	7.411065e-04	8.834106e-04	4.061293e-05	-4.061293e-05	-3.455942e-04	3.191676e-03
25            	1.620991e-03	1.388953e-20	2.869655e-03	-7.174136e-05	-1.813382e-03	4.052477e-05	7.387541e-04	8.822368e-04	4.052477e-05	-4.052477e-05	-3.785543e-04	3.248209e-03
26            	1.617163e-03	1.394515e-20	2.887580e-03	-7.218951e-05	-1.848560e-03	4.042907e-05	7.363919e-04	8.807709e-04	4.042907e-05	-4.042907e-05	-4.047695e-04	3.292350e-03
27            	1.614252e-03	1.399543e-20	2.906259e-03	-7.265649e-05	-1.883860e-03	4.035630e-05	7.344696e-04	8.797826e-04	4.035630e-05	-4.035630e-05	-4.307302e-04	3.336990e-03
28            	1.610416e-03	1.402156e-20	2.913110e-03	-7.282774e-05	-1.898789e-03	4.026040e-05	7.323803e-04	8.780358e-04	4.026040e-05	-4.026040e-05	-4.422342e-04	3.355344e-03
29            	1.605718e-03	1.401360e-20	2.917907e-03	-7.294768e-05	-1.911490e-03	4.014295e-05	7.299114e-04	8.758067e-04	4.014295e-05	-4.014295e-05	-4.525365e-04	3.370444e-03
30            	1.601605e-03	1.397738e-20	2.917865e-03	-7.294663e-05	-1.914497e-03	4.004011e-05	7.278556e-04	8.737489e-04	4.004011e-05	-4.004011e-05	-4.555641e-04	3.373429e-03
31            	1.597046e-03	1.393072e-20	2.914364e-03	-7.285909e-05	-1.911974e-03	3.992614e-05	7.256637e-04	8.713819e-04	3.992614e-05	-3.992614e-05	-4.547919e-04	3.369156e-03
32            	1.592553e-03	1.386798e-20	2.908930e-03	-7.272325e-05	-1.906016e-03	3.981383e-05	7.235533e-04	8.689998e-04	3.981383e-05	-3.981383e-05	-4.515506e-04	3.360481e-03
33            	1.587285e-03	1.379624e-20	2.898402e-03	-7.246005e-05	-1.891677e-03	3.968213e-05	7.211825e-04	8.661026e-04	3.968213e-05	-3.968213e-05	-4.424766e-04	3.340878e-03
34            	1.583714e-03	1.370178e-20	2.889296e-03	-7.223239e-05	-1.877755e-03	3.959286e-05	7.196248e-04	8.640896e-04	3.959286e-05	-3.959286e-05	-4.331071e-04	3.322403e-03
35            	1.578183e-03	1.361797e-20	2.872706e-03	-7.181765e-05	-1.853129e-03	3.945459e-05	7.172741e-04	8.609094e-04	3.945459e-05	-3.945459e-05	-4.167758e-04	3.289482e-03
36            	1.574736e-03	1.350890e-20	2.860872e-03	-7.152180e-05	-1.834604e-03	3.936840e-05	7.158463e-04	8.588899e-04	3.936840e-05	-3.936840e-05	-4.041685e-04	3.265040e-03
37            	1.569393e-03	1.341116e-20	2.840512e-03	-7.101279e-05	-1.803142e-03	3.923482e-05	7.136836e-04	8.557092e-04	3.923482e-05	-3.923482e-05	-3.828865e-04	3.223398e-03
38            	1.566249e-03	1.328983e-20	2.826465e-03	-7.066163e-05	-1.780454e-03	3.915622e-05	7.124628e-04	8.537860e-04	3.915622e-05	-3.915622e-05	-3.672214e-04	3.193686e-03
39            	1.561380e-03	1.318169e-20	2.803938e-03	-7.009845e-05	-1.744579e-03	3.903449e-05	7.105914e-04	8.507883e-04	3.903449e-05	-3.903449e-05	-3.426098e-04	3.146548e-03
40            	1.558694e-03	1.305177e-20	2.788873e-03	-6.972183e-05	-1.719615e-03	3.896735e-05	7.096252e-04	8.490688e-04	3.896735e-05	-3.896735e-05	-3.251788e-04	3.114052e-03
41            	1.554289e-03	1.294533e-20	2.765785e-03	-6.914463e-05	-1.682375e-03	3.885723e-05	7.079999e-04	8.462891e-04	3.885723e-05	-3.885723e-05	-2.994830e-04	3.065268e-03
42            	1.551202e-03	1.282602e-20	2.746242e-03	-6.865605e-05	-1.649921e-03	3.878004e-05	7.069448e-04	8.442569e-04	3.878004e-05	-3.878004e-05	-2.767998e-04	3.023042e-03
43            	1.548928e-03	1.271024e-20	2.730368e-03	-6.825919e-05	-1.623336e-03	3.872319e-05	7.062047e-04	8.427230e-04	3.872319e-05	-3.872319e-05	-2.581520e-04	2.988520e-03
44            	1.545255e-03	1.260453e-20	2.709145e-03	-6.772862e-05	-1.588980e-03	3.863137e-05	7.048988e-04	8.403561e-04	3.863137e-05	-3.863137e-05	-2.344081e-04	2.943553e-03
45            	1.542675e-03	1.248584e-20	2.690377e-03	-6.725943e-05	-1.557569e-03	3.856688e-05	7.040782e-04	8.385971e-04	3.856688e-05	-3.856688e-05	-2.123804e-04	2.902757e-03
46            	1.540960e-03	1.237492e-20	2.675581e-03	-6.688952e-05	-1.532370e-03	3.852400e-05	7.035905e-04	8.373695e-04	3.852400e-05	-3.852400e-05	-1.945797e-04	2.870161e-03
47            	1.538008e-03	1.227398e-20	2.656405e-03	-6.641013e-05	-1.501035e-03	3.845021e-05	7.025940e-04	8.354143e-04	3.845021e-05	-3.845021e-05	-1.728320e-04	2.829237e-03
48            	1.536630e-03	1.216205e-20	2.643240e-03	-6.608099e-05	-1.478539e-03	3.841576e-05	7.022341e-04	8.343961e-04	3.841576e-05	-3.841576e-05	-1.569189e-04	2.800159e-03
49            	1.534065e-03	1.207066e-20	2.625048e-03	-6.562620e-05	-1.448545e-03	3.835162e-05	7.014062e-04	8.326586e-04	3.835162e-05	-3.835162e-05	-1.360213e-04	2.761069e-03
50            	1.533048e-03	1.197233e-20	2.613515e-03	-6.533787e-05	-1.428668e-03	3.832619e-05	7.011859e-04	8.318617e-04	3.832619e-05	-3.832619e-05	-1.219104e-04	2.735425e-03
51            	1.530789e-03	1.188911e-20	2.597173e-03	-6.492932e-05	-1.401834e-03	3.826973e-05	7.004653e-04	8.303239e-04	3.826973e-05	-3.826973e-05	-1.032474e-04	2.700420e-03
52            	1.529989e-03	1.180051e-20	2.587090e-03	-6.467724e-05	-1.384440e-03	3.824973e-05	7.003175e-04	8.296719e-04	3.824973e-05	-3.824973e-05	-9.089569e-05	2.677985e-03
53            	1.528045e-03	1.172545e-20	2.572597e-03	-6.431493e-05	-1.360663e-03	3.820113e-05	6.997077e-04	8.283375e-04	3.820113e-05	-3.820113e-05	-7.436446e-05	2.646962e-03
54            	1.527440e-03	1.164583e-20	2.563857e-03	-6.409644e-05	-1.345544e-03	3.818601e-05	6.996238e-04	8.278166e-04	3.818601e-05	-3.818601e-05	-6.361558e-05	2.627473e-03
55            	1.525807e-03	1.157792e-20	2.551273e-03	-6.378182e-05	-1.324915e-03	3.814519e-05	6.991219e-04	8.266856e-04	3.814519e-05	-3.814519e-05	-4.927912e-05	2.600552e-03
56            	1.525359e-03	1.150578e-20	2.543797e-03	-6.359492e-05	-1.311971e-03	3.813397e-05	6.990844e-04	8.262743e-04	3.813397e-05	-3.813397e-05	-4.007221e-05	2.583869e-03
57            	1.524471e-03	1.144812e-20	2.535327e-03	-6.338318e-05	-1.297887e-03	3.811179e-05	6.988525e-04	8.256189e-04	3.811179e-05	-3.811179e-05	-3.022349e-05	2.565551e-03
58            	1.523764e-03	1.139136e-20	2.528138e-03	-6.320345e-05	-1.285977e-03	3.809410e-05	6.986786e-04	8.250855e-04	3.809410e-05	-3.809410e-05	-2.190751e-05	2.550046e-03
59            	1.523139e-03	1.133946e-20	2.521259e-03	-6.303148e-05	-1.274504e-03	3.807848e-05	6.985382e-04	8.246012e-04	3.807848e-05	-3.807848e-05	-1.387472e-05	2.535134e-03
60            	1.522602e-03	1.129173e-20	2.514958e-03	-6.287396e-05	-1.263965e-03	3.806504e-05	6.984269e-04	8.241748e-04	3.806504e-05	-3.806504e-05	-6.486028e-06	2.521444e-03
61            	1.522122e-03	1.124732e-20	2.509211e-03	-6.273027e-05	-1.254382e-03	3.805306e-05	6.983309e-04	8.237915e-04	3.805306e-05	-3.805306e-05	2.230373e-07	2.508988e-03
62            	1.521712e-03	1.120639e-20	2.504045e-03	-6.260113e-05	-1.245786e-03	3.804280e-05	6.982548e-04	8.234571e-04	3.804280e-05	-3.804280e-05	6.237006e-06	2.497808e-03
63            	1.521390e-03	1.116872e-20	2.499486e-03	-6.248716e-05	-1.238203e-03	3.803476e-05	6.982080e-04	8.231823e-04	3.803476e-05	-3.803476e-05	1.154028e-05	2.487946e-03
64            	1.521102e-03	1.113481e-20	2.495303e-03	-6.238257e-05	-1.231236e-03	3.802755e-05	6.981685e-04	8.229337e-04	3.802755e-05	-3.802755e-05	1.641522e-05	2.478888e-03
65            	1.520861e-03	1.110297e-20	2.491612e-03	-6.229030e-05	-1.225147e-03	3.802152e-05	6.981402e-04	8.227208e-04	3.802152e-05	-3.802152e-05	2.065945e-05	2.470952e-03
66            	1.520683e-03	1.107421e-20	2.488315e-03	-6.220788e-05	-1.219669e-03	3.801707e-05	6.981335e-04	8.225492e-04	3.801707e-05	-3.801707e-05	2.448861e-05	2.463827e-03
67            	1.520540e-03	1.104798e-20	2.485408e-03	-6.213521e-05	-1.214864e-03	3.801349e-05	6.981346e-04	8.224050e-04	3.801349e-05	-3.801349e-05	2.783999e-05	2.457568e-03
68            	1.520403e-03	1.102391e-20	2.482740e-03	-6.206850e-05	-1.210476e-03	3.801007e-05	6.981329e-04	8.222699e-04	3.801007e-05	-3.801007e-05	3.089419e-05	2.451846e-03
69            	1.520308e-03	1.100143e-20	2.480411e-03	-6.201028e-05	-1.206646e-03	3.800769e-05	6.981436e-04	8.221641e-04	3.800769e-05	-3.800769e-05	3.355953e-05	2.446852e-03
70            	1.520256e-03	1.098108e-20	2.478455e-03	-6.196137e-05	-1.203438e-03	3.800641e-05	6.981668e-04	8.220895e-04	3.800641e-05	-3.800641e-05	3.578900e-05	2.442666e-03
71            	1.520243e-03	1.096302e-20	2.476829e-03	-6.192074e-05	-1.200785e-03	3.800607e-05	6.982006e-04	8.220420e-04	3.800607e-05	-3.800607e-05	3.762950e-05	2.439200e-03
72            	1.520258e-03	1.094712e-20	2.475490e-03	-6.188725e-05	-1.198612e-03	3.800646e-05	6.982419e-04	8.220164e-04	3.800646e-05	-3.800646e-05	3.913304e-05	2.436357e-03
73            	1.520297e-03	1.093320e-20	2.474404e-03	-6.186009e-05	-1.196865e-03	3.800743e-05	6.982885e-04	8.220087e-04	3.800743e-05	-3.800743e-05	4.033668e-05	2.434067e-03
74            	1.520349e-03	1.092074e-20	2.473549e-03	-6.183873e-05	-1.195525e-03	3.800873e-05	6.983359e-04	8.220134e-04	3.800873e-05	-3.800873e-05	4.124998e-05	2.432299e-03
75            	1.520426e-03	1.090978e-20	2.472919e-03	-6.182299e-05	-1.194551e-03	3.801066e-05	6.983901e-04	8.220361e-04	3.801066e-05	-3.801066e-05	4.190895e-05	2.431011e-03
76            	1.520521e-03	1.090096e-20	2.472482e-03	-6.181206e-05	-1.193896e-03	3.801303e-05	6.984485e-04	8.220726e-04	3.801303e-05	-3.801303e-05	4.234545e-05	2.430137e-03
77            	1.520623e-03	1.089361e-20	2.472218e-03	-6.180546e-05	-1.193537e-03	3.801559e-05	6.985062e-04	8.221172e-04	3.801559e-05	-3.801559e-05	4.257259e-05	2.429646e-03
78            	1.520738e-03	1.088744e-20	2.472122e-03	-6.180305e-05	-1.193462e-03	3.801846e-05	6.985662e-04	8.221723e-04	3.801846e-05	-3.801846e-05	4.259915e-05	2.429523e-03
79            	1.520869e-03	1.088244e-20	2.472172e-03	-6.180429e-05	-1.193620e-03	3.802173e-05	6.986303e-04	8.222388e-04	3.802173e-05	-3.802173e-05	4.246585e-05	2.429706e-03
80            	1.521013e-03	1.087853e-20	2.472357e-03	-6.180893e-05	-1.193998e-03	3.802533e-05	6.986976e-04	8.223155e-04	3.802533e-05	-3.802533e-05	4.218070e-05	2.430176e-03
81            	1.521162e-03	1.087546e-20	2.472652e-03	-6.181630e-05	-1.194563e-03	3.802906e-05	6.987649e-04	8.223975e-04	3.802906e-05	-3.802906e-05	4.176346e-05	2.430889e-03
82            	1.521318e-03	1.087305e-20	2.473054e-03	-6.182634e-05	-1.195307e-03	3.803294e-05	6.988325e-04	8.224852e-04	3.803294e-05	-3.803294e-05	4.122033e-05	2.431833e-03
83            	1.521483e-03	1.087172e-20	2.473563e-03	-6.183907e-05	-1.196222e-03	3.803708e-05	6.989026e-04	8.225808e-04	3.803708e-05	-3.803708e-05	4.055971e-05	2.433003e-03
84            	1.521656e-03	1.087148e-20	2.474160e-03	-6.185401e-05	-1.197276e-03	3.804141e-05	6.989742e-04	8.226822e-04	3.804141e-05	-3.804141e-05	3.980377e-05	2.434356e-03
85            	1.521830e-03	1.087174e-20	2.474829e-03	-6.187074e-05	-1.198453e-03	3.804576e-05	6.990445e-04	8.227859e-04	3.804576e-05	-3.804576e-05	3.896125e-05	2.435868e-03
86            	1.522014e-03	1.087256e-20	2.475586e-03	-6.188964e-05	-1.199765e-03	3.805034e-05	6.991172e-04	8.228965e-04	3.805034e-05	-3.805034e-05	3.802807e-05	2.437557e-03
87            	1.522203e-03	1.087434e-20	2.476414e-03	-6.191034e-05	-1.201188e-03	3.805507e-05	6.991911e-04	8.230117e-04	3.805507e-05	-3.805507e-05	3.701836e-05	2.439395e-03
88            	1.522392e-03	1.087644e-20	2.477306e-03	-6.193265e-05	-1.202722e-03	3.805980e-05	6.992634e-04	8.231287e-04	3.805980e-05	-3.805980e-05	3.593084e-05	2.441375e-03
89            	1.522584e-03	1.087894e-20	2.478248e-03	-6.195620e-05	-1.204331e-03	3.806460e-05	6.993357e-04	8.232481e-04	3.806460e-05	-3.806460e-05	3.479283e-05	2.443455e-03
90            	1.522777e-03	1.088223e-20	2.479240e-03	-6.198100e-05	-1.206020e-03	3.806943e-05	6.994077e-04	8.233697e-04	3.806943e-05	-3.806943e-05	3.360037e-05	2.445639e-03
91            	1.522970e-03	1.088592e-20	2.480273e-03	-6.200684e-05	-1.207776e-03	3.807425e-05	6.994782e-04	8.234918e-04	3.807425e-05	-3.807425e-05	3.236092e-05	2.447913e-03
92            	1.523160e-03	1.088975e-20	2.481344e-03	-6.203360e-05	-1.209598e-03	3.807899e-05	6.995462e-04	8.236134e-04	3.807899e-05	-3.807899e-05	3.107424e-05	2.450270e-03
93            	1.523344e-03	1.089379e-20	2.482427e-03	-6.206067e-05	-1.211439e-03	3.808360e-05	6.996113e-04	8.237327e-04	3.808360e-05	-3.808360e-05	2.977437e-05	2.452653e-03
94            	1.523526e-03	1.089836e-20	2.483533e-03	-6.208833e-05	-1.213320e-03	3.808816e-05	6.996748e-04	8.238515e-04	3.808816e-05	-3.808816e-05	2.844640e-05	2.455087e-03
95            	1.523700e-03	1.090319e-20	2.484644e-03	-6.211610e-05	-1.215214e-03	3.809249e-05	6.997337e-04	8.239659e-04	3.809249e-05	-3.809249e-05	2.710749e-05	2.457536e-03
96            	1.523867e-03	1.090814e-20	2.485752e-03	-6.214380e-05	-1.217104e-03	3.809667e-05	6.997897e-04	8.240773e-04	3.809667e-05	-3.809667e-05	2.577155e-05	2.459980e-03
97            	1.524029e-03	1.091320e-20	2.486854e-03	-6.217135e-05	-1.218982e-03	3.810073e-05	6.998432e-04	8.241859e-04	3.810073e-05	-3.810073e-05	2.444533e-05	2.462409e-03
98            	1.524186e-03	1.091833e-20	2.487937e-03	-6.219843e-05	-1.220822e-03	3.810466e-05	6.998948e-04	8.242917e-04	3.810466e-05	-3.810466e-05	2.314703e-05	2.464790e-03
99            	1.524340e-03	1.092346e-20	2.489002e-03	-6.222505e-05	-1.222624e-03	3.810851e-05	6.999451e-04	8.243952e-04	3.810851e-05	-3.810851e-05	2.187730e-05	2.467125e-03
100           	1.524488e-03	1.092858e-20	2.490051e-03	-6.225127e-05	-1.224400e-03	3.811219e-05	6.999925e-04	8.244950e-04	3.811219e-05	-3.811219e-05	2.062566e-05	2.469425e-03
101           	1.524627e-03	1.093370e-20	2.491079e-03	-6.227697e-05	-1.226143e-03	3.811569e-05	7.000368e-04	8.245907e-04	3.811569e-05	-3.811569e-05	1.939653e-05	2.471682e-03
102           	1.524760e-03	1.093877e-20	2.492083e-03	-6.230207e-05	-1.227847e-03	3.811901e-05	7.000781e-04	8.246822e-04	3.811901e-05	-3.811901e-05	1.819429e-05	2.473889e-03
103           	1.524887e-03	1.094378e-20	2.493060e-03	-6.232649e-05	-1.229503e-03	3.812219e-05	7.001173e-04	8.247702e-04	3.812219e-05	-3.812219e-05	1.702675e-05	2.476033e-03
104           	1.525008e-03	1.094865e-20	2.494004e-03	-6.235010e-05	-1.231104e-03	3.812520e-05	7.001539e-04	8.248540e-04	3.812520e-05	-3.812520e-05	1.589797e-05	2.478106e-03
105           	1.525121e-03	1.095338e-20	2.494915e-03	-6.237287e-05	-1.232650e-03	3.812802e-05	7.001875e-04	8.249332e-04	3.812802e-05	-3.812802e-05	1.480704e-05	2.480108e-03
106           	1.525226e-03	1.095798e-20	2.495791e-03	-6.239478e-05	-1.234140e-03	3.813065e-05	7.002182e-04	8.250078e-04	3.813065e-05	-3.813065e-05	1.375522e-05	2.482036e-03
107           	1.525324e-03	1.096243e-20	2.496632e-03	-6.241580e-05	-1.235571e-03	3.813311e-05	7.002463e-04	8.250779e-04	3.813311e-05	-3.813311e-05	1.274499e-05	2.483887e-03
108           	1.525416e-03	1.096674e-20	2.497436e-03	-6.243589e-05	-1.236939e-03	3.813540e-05	7.002721e-04	8.251438e-04	3.813540e-05	-3.813540e-05	1.177835e-05	2.485657e-03
109           	1.525501e-03	1.097091e-20	2.498202e-03	-6.245504e-05	-1.238244e-03	3.813754e-05	7.002957e-04	8.252057e-04	3.813754e-05	-3.813754e-05	1.085669e-05	2.487345e-03
110           	1.525581e-03	1.097494e-20	2.498930e-03	-6.247325e-05	-1.239484e-03	3.813953e-05	7.003174e-04	8.252639e-04	3.813953e-05	-3.813953e-05	9.980585e-06	2.488950e-03
111           	1.525656e-03	1.097882e-20	2.499621e-03	-6.249053e-05	-1.240661e-03	3.814139e-05	7.003373e-04	8.253183e-04	3.814139e-05	-3.814139e-05	9.149962e-06	2.490471e-03
112           	1.525725e-03	1.098255e-20	2.500276e-03	-6.250689e-05	-1.241775e-03	3.814311e-05	7.003554e-04	8.253692e-04	3.814311e-05	-3.814311e-05	8.363220e-06	2.491912e-03
113           	1.525789e-03	1.098614e-20	2.500894e-03	-6.252234e-05	-1.242826e-03	3.814472e-05	7.003720e-04	8.254166e-04	3.814472e-05	-3.814472e-05	7.620836e-06	2.493273e-03
114           	1.525848e-03	1.098957e-20	2.501476e-03	-6.253690e-05	-1.243816e-03	3.814620e-05	7.003871e-04	8.254609e-04	3.814620e-05	-3.814620e-05	6.922421e-06	2.494554e-03
115           	1.525903e-03	1.099284e-20	2.502023e-03	-6.255058e-05	-1.244745e-03	3.814758e-05	7.004010e-04	8.255021e-04	3.814758e-05	-3.814758e-05	6.266670e-06	2.495757e-03
116           	1.525954e-03	1.099594e-20	2.502537e-03	-6.256341e-05	-1.245616e-03	3.814884e-05	7.004134e-04	8.255402e-04	3.814884e-05	-3.814884e-05	5.652326e-06	2.496884e-03
117           	1.526000e-03	1.099888e-20	2.503016e-03	-6.257541e-05	-1.246430e-03	3.815000e-05	7.004246e-04	8.255754e-04	3.815000e-05	-3.815000e-05	5.078094e-06	2.497938e-03
118           	1.526042e-03	1.100165e-20	2.503464e-03	-6.258660e-05	-1.247189e-03	3.815105e-05	7.004344e-04	8.256077e-04	3.815105e-05	-3.815105e-05	4.542646e-06	2.498921e-03
119           	1.526080e-03	1.100426e-20	2.503880e-03	-6.259701e-05	-1.247896e-03	3.815201e-05	7.004431e-04	8.256371e-04	3.815201e-05	-3.815201e-05	4.044645e-06	2.499836e-03
120           	1.526115e-03	1.100671e-20	2.504267e-03	-6.260666e-05	-1.248551e-03	3.815286e-05	7.004506e-04	8.256639e-04	3.815286e-05	-3.815286e-05	3.582745e-06	2.500684e-03
121           	1.526145e-03	1.100900e-20	2.504624e-03	-6.261559e-05	-1.249156e-03	3.815363e-05	7.004570e-04	8.256882e-04	3.815363e-05	-3.815363e-05	3.155580e-06	2.501468e-03
122           	1.526173e-03	1.101114e-20	2.504953e-03	-6.262382e-05	-1.249715e-03	3.815431e-05	7.004625e-04	8.257101e-04	3.815431e-05	-3.815431e-05	2.761762e-06	2.502191e-03
123           	1.526197e-03	1.101314e-20	2.505255e-03	-6.263137e-05	-1.250227e-03	3.815491e-05	7.004669e-04	8.257296e-04	3.815491e-05	-3.815491e-05	2.400014e-06	2.502855e-03
124           	1.526217e-03	1.101499e-20	2.505532e-03	-6.263830e-05	-1.250698e-03	3.815544e-05	7.004704e-04	8.257470e-04	3.815544e-05	-3.815544e-05	2.067876e-06	2.503464e-03
125           	1.526236e-03	1.101672e-20	2.505785e-03	-6.264462e-05	-1.251127e-03	3.815589e-05	7.004732e-04	8.257625e-04	3.815589e-05	-3.815589e-05	1.764956e-06	2.504020e-03
126           	1.526250e-03	1.101832e-20	2.506011e-03	-6.265028e-05	-1.251512e-03	3.815626e-05	7.004749e-04	8.257754e-04	3.815626e-05	-3.815626e-05	1.493367e-06	2.504518e-03
127           	1.526264e-03	1.101977e-20	2.506221e-03	-6.265552e-05	-1.251868e-03	3.815659e-05	7.004763e-04	8.257873e-04	3.815659e-05	-3.815659e-05	1.241892e-06	2.504979e-03
128           	1.526273e-03	1.102114e-20	2.506400e-03	-6.266000e-05	-1.252172e-03	3.815683e-05	7.004767e-04	8.257967e-04	3.815683e-05	-3.815683e-05	1.028149e-06	2.505372e-03
129           	1.526281e-03	1.102234e-20	2.506562e-03	-6.266406e-05	-1.252447e-03	3.815703e-05	7.004765e-04	8.258046e-04	3.815703e-05	-3.815703e-05	8.341909e-07	2.505728e-03
130           	1.526289e-03	1.102344e-20	2.506710e-03	-6.266774e-05	-1.252695e-03	3.815721e-05	7.004765e-04	8.258120e-04	3.815721e-05	-3.815721e-05	6.595129e-07	2.506050e-03
131           	1.526295e-03	1.102445e-20	2.506842e-03	-6.267104e-05	-1.252917e-03	3.815737e-05	7.004764e-04	8.258185e-04	3.815737e-05	-3.815737e-05	5.035996e-07	2.506338e-03
132           	1.526300e-03	1.102537e-20	2.506958e-03	-6.267394e-05	-1.253112e-03	3.815749e-05	7.004759e-04	8.258238e-04	3.815749e-05	-3.815749e-05	3.665494e-07	2.506591e-03
133           	1.526303e-03	1.102622e-20	2.507059e-03	-6.267647e-05	-1.253282e-03	3.815757e-05	7.004750e-04	8.258280e-04	3.815757e-05	-3.815757e-05	2.474973e-07	2.506811e-03
134           	1.526305e-03	1.102697e-20	2.507146e-03	-6.267865e-05	-1.253428e-03	3.815762e-05	7.004738e-04	8.258311e-04	3.815762e-05	-3.815762e-05	1.448514e-07	2.507001e-03
135           	1.526306e-03	1.102765e-20	2.507221e-03	-6.268052e-05	-1.253554e-03	3.815765e-05	7.004724e-04	8.258335e-04	3.815765e-05	-3.815765e-05	5.682147e-08	2.507164e-03
136           	1.526306e-03	1.102826e-20	2.507285e-03	-6.268212e-05	-1.253661e-03	3.815765e-05	7.004708e-04	8.258351e-04	3.815765e-05	-3.815765e-05	-1.813363e-08	2.507303e-03
137           	1.526305e-03	1.102880e-20	2.507339e-03	-6.268347e-05	-1.253751e-03	3.815763e-05	7.004691e-04	8.258360e-04	3.815763e-05	-3.815763e-05	-8.115846e-08	2.507420e-03
138           	1.526304e-03	1.102928e-20	2.507384e-03	-6.268459e-05	-1.253825e-03	3.815759e-05	7.004672e-04	8.258363e-04	3.815759e-05	-3.815759e-05	-1.330938e-07	2.507517e-03
139           	1.526302e-03	1.102971e-20	2.507422e-03	-6.268554e-05	-1.253886e-03	3.815756e-05	7.004657e-04	8.258368e-04	3.815756e-05	-3.815756e-05	-1.754569e-07	2.507597e-03
140           	1.526301e-03	1.103010e-20	2.507452e-03	-6.268630e-05	-1.253935e-03	3.815752e-05	7.004640e-04	8.258366e-04	3.815752e-05	-3.815752e-05	-2.090596e-07	2.507661e-03
141           	1.526298e-03	1.103044e-20	2.507475e-03	-6.268686e-05	-1.253971e-03	3.815745e-05	7.004621e-04	8.258358e-04	3.815745e-05	-3.815745e-05	-2.339424e-07	2.507709e-03
142           	1.526294e-03	1.103071e-20	2.507490e-03	-6.268725e-05	-1.253996e-03	3.815736e-05	7.004599e-04	8.258344e-04	3.815736e-05	-3.815736e-05	-2.510625e-07	2.507741e-03
143           	1.526290e-03	1.103094e-20	2.507500e-03	-6.268750e-05	-1.254011e-03	3.815726e-05	7.004577e-04	8.258327e-04	3.815726e-05	-3.815726e-05	-2.612520e-07	2.507761e-03
144           	1.526286e-03	1.103113e-20	2.507504e-03	-6.268760e-05	-1.254017e-03	3.815715e-05	7.004554e-04	8.258306e-04	3.815715e-05	-3.815715e-05	-2.647146e-07	2.507769e-03
145           	1.526281e-03	1.103127e-20	2.507503e-03	-6.268759e-05	-1.254014e-03	3.815703e-05	7.004530e-04	8.258282e-04	3.815703e-05	-3.815703e-05	-2.627184e-07	2.507766e-03
146           	1.526276e-03	1.103138e-20	2.507498e-03	-6.268745e-05	-1.254005e-03	3.815690e-05	7.004505e-04	8.258254e-04	3.815690e-05	-3.815690e-05	-2.554471e-07	2.507754e-03
147           	1.526270e-03	1.103145e-20	2.507489e-03	-6.268722e-05	-1.253988e-03	3.815676e-05	7.004480e-04	8.258225e-04	3.815676e-05	-3.815676e-05	-2.433631e-07	2.507732e-03
148           	1.526265e-03	1.103150e-20	2.507476e-03	-6.268690e-05	-1.253965e-03	3.815662e-05	7.004455e-04	8.258193e-04	3.815662e-05	-3.815662e-05	-2.269325e-07	2.507703e-03
149           	1.526259e-03	1.103152e-20	2.507460e-03	-6.268649e-05	-1.253936e-03	3.815648e-05	7.004431e-04	8.258160e-04	3.815648e-05	-3.815648e-05	-2.066213e-07	2.507666e-03
150           	1.526253e-03	1.103151e-20	2.507440e-03	-6.268601e-05	-1.253903e-03	3.815633e-05	7.004406e-04	8.258126e-04	3.815633e-05	-3.815633e-05	-1.828944e-07	2.507623e-03
151           	1.526247e-03	1.103148e-20	2.507418e-03	-6.268546e-05	-1.253865e-03	3.815618e-05	7.004381e-04	8.258090e-04	3.815618e-05	-3.815618e-05	-1.560084e-07	2.507574e-03
152           	1.526241e-03	1.103143e-20	2.507394e-03	-6.268484e-05	-1.253823e-03	3.815602e-05	7.004356e-04	8.258053e-04	3.815602e-05	-3.815602e-05	-1.262239e-07	2.507520e-03
153           	1.526235e-03	1.103136e-20	2.507367e-03	-6.268417e-05	-1.253777e-03	3.815587e-05	7.004332e-04	8.258015e-04	3.815587e-05	-3.815587e-05	-9.380157e-08	2.507461e-03
154           	1.526228e-03	1.103129e-20	2.507338e-03	-6.268345e-05	-1.253728e-03	3.815571e-05	7.004308e-04	8.257977e-04	3.815571e-05	-3.815571e-05	-5.875783e-08	2.507397e-03
155           	1.526222e-03	1.103121e-20	2.507307e-03	-6.268268e-05	-1.253675e-03	3.815556e-05	7.004284e-04	8.257938e-04	3.815556e-05	-3.815556e-05	-2.162394e-08	2.507329e-03
156           	1.526216e-03	1.103110e-20	2.507275e-03	-6.268188e-05	-1.253621e-03	3.815540e-05	7.004261e-04	8.257899e-04	3.815540e-05	-3.815540e-05	1.661935e-08	2.507259e-03
157           	1.526210e-03	1.103098e-20	2.507242e-03	-6.268105e-05	-1.253565e-03	3.815524e-05	7.004238e-04	8.257859e-04	3.815524e-05	-3.815524e-05	5.633619e-08	2.507186e-03
158           	1.526204e-03	1.103085e-20	2.507208e-03	-6.268019e-05	-1.253506e-03	3.815509e-05	7.004216e-04	8.257820e-04	3.815509e-05	-3.815509e-05	9.737217e-08	2.507110e-03
159           	1.526198e-03	1.103071e-20	2.507173e-03	-6.267932e-05	-1.253447e-03	3.815494e-05	7.004195e-04	8.257781e-04	3.815494e-05	-3.815494e-05	1.389604e-07	2.507034e-03
160           	1.526192e-03	1.103056e-20	2.507137e-03	-6.267843e-05	-1.253387e-03	3.815479e-05	7.004174e-04	8.257743e-04	3.815479e-05	-3.815479e-05	1.811911e-07	2.506956e-03
161           	1.526186e-03	1.103041e-20	2.507101e-03	-6.267754e-05	-1.253327e-03	3.815465e-05	7.004154e-04	8.257705e-04	3.815465e-05	-3.815465e-05	2.238912e-07	2.506878e-03
162           	1.526180e-03	1.103026e-20	2.507066e-03	-6.267665e-05	-1.253267e-03	3.815451e-05	7.004136e-04	8.257669e-04	3.815451e-05	-3.815451e-05	2.663473e-07	2.506800e-03
163           	1.526175e-03	1.103009e-20	2.507031e-03	-6.267576e-05	-1.253207e-03	3.815438e-05	7.004118e-04	8.257634e-04	3.815438e-05	-3.815438e-05	3.086370e-07	2.506722e-03
164           	1.526170e-03	1.102993e-20	2.506995e-03	-6.267489e-05	-1.253147e-03	3.815425e-05	7.004101e-04	8.257599e-04	3.815425e-05	-3.815425e-05	3.505556e-07	2.506645e-03
165           	1.526165e-03	1.102976e-20	2.506961e-03	-6.267402e-05	-1.253088e-03	3.815413e-05	7.004086e-04	8.257566e-04	3.815413e-05	-3.815413e-05	3.919833e-07	2.506569e-03
166           	1.526161e-03	1.102960e-20	2.506927e-03	-6.267317e-05	-1.253030e-03	3.815402e-05	7.004072e-04	8.257535e-04	3.815402e-05	-3.815402e-05	4.329771e-07	2.506494e-03
167           	1.526156e-03	1.102943e-20	2.506894e-03	-6.267234e-05	-1.252974e-03	3.815391e-05	7.004058e-04	8.257505e-04	3.815391e-05	-3.815391e-05	4.729860e-07	2.506421e-03
168           	1.526152e-03	1.102927e-20	2.506861e-03	-6.267153e-05	-1.252919e-03	3.815380e-05	7.004045e-04	8.257476e-04	3.815380e-05	-3.815380e-05	5.117864e-07	2.506349e-03
169           	1.526148e-03	1.102911e-20	2.506830e-03	-6.267075e-05	-1.252866e-03	3.815371e-05	7.004034e-04	8.257449e-04	3.815371e-05	-3.815371e-05	5.494119e-07	2.506281e-03
170           	1.526144e-03	1.102896e-20	2.506800e-03	-6.267000e-05	-1.252815e-03	3.815361e-05	7.004022e-04	8.257422e-04	3.815361e-05	-3.815361e-05	5.851486e-07	2.506215e-03
171           	1.526141e-03	1.102881e-20	2.506771e-03	-6.266929e-05	-1.252766e-03	3.815352e-05	7.004012e-04	8.257397e-04	3.815352e-05	-3.815352e-05	6.193352e-07	2.506152e-03
172           	1.526138e-03	1.102867e-20	2.506744e-03	-6.266860e-05	-1.252720e-03	3.815344e-05	7.004002e-04	8.257374e-04	3.815344e-05	-3.815344e-05	6.522305e-07	2.506092e-03
173           	1.526135e-03	1.102852e-20	2.506718e-03	-6.266794e-05	-1.252675e-03	3.815336e-05	7.003993e-04	8.257352e-04	3.815336e-05	-3.815336e-05	6.838136e-07	2.506034e-03
174           	1.526132e-03	1.102839e-20	2.506692e-03	-6.266731e-05	-1.252632e-03	3.815329e-05	7.003985e-04	8.257331e-04	3.815329e-05	-3.815329e-05	7.139911e-07	2.505978e-03
175           	1.526129e-03	1.102825e-20	2.506669e-03	-6.266671e-05	-1.252592e-03	3.815322e-05	7.003978e-04	8.257312e-04	3.815322e-05	-3.815322e-05	7.427048e-07	2.505926e-03
176           	1.526126e-03	1.102812e-20	2.506646e-03	-6.266614e-05	-1.252553e-03	3.815316e-05	7.003971e-04	8.257294e-04	3.815316e-05	-3.815316e-05	7.699997e-07	2.505876e-03
177           	1.526124e-03	1.102800e-20	2.506624e-03	-6.266561e-05	-1.252516e-03	3.815310e-05	7.003965e-04	8.257277e-04	3.815310e-05	-3.815310e-05	7.958740e-07	2.505828e-03
178           	1.526122e-03	1.102788e-20	2.506604e-03	-6.266510e-05	-1.252482e-03	3.815305e-05	7.003959e-04	8.257261e-04	3.815305e-05	-3.815305e-05	8.203344e-07	2.505784e-03
179           	1.526120e-03	1.102776e-20	2.506585e-03	-6.266461e-05	-1.252449e-03	3.815300e-05	7.003954e-04	8.257246e-04	3.815300e-05	-3.815300e-05	8.433709e-07	2.505741e-03
180           	1.526118e-03	1.102765e-20	2.506566e-03	-6.266416e-05	-1.252418e-03	3.815295e-05	7.003949e-04	8.257232e-04	3.815295e-05	-3.815295e-05	8.650554e-07	2.505701e-03
181           	1.526116e-03	1.102755e-20	2.506549e-03	-6.266374e-05	-1.252389e-03	3.815291e-05	7.003945e-04	8.257220e-04	3.815291e-05	-3.815291e-05	8.854295e-07	2.505664e-03
182           	1.526115e-03	1.102745e-20	2.506534e-03	-6.266334e-05	-1.252362e-03	3.815287e-05	7.003941e-04	8.257208e-04	3.815287e-05	-3.815287e-05	9.045139e-07	2.505629e-03
183           	1.526113e-03	1.102736e-20	2.506519e-03	-6.266297e-05	-1.252337e-03	3.815284e-05	7.003938e-04	8.257197e-04	3.815284e-05	-3.815284e-05	9.223363e-07	2.505596e-03
184           	1.526112e-03	1.102728e-20	2.506505e-03	-6.266262e-05	-1.252313e-03	3.815280e-05	7.003935e-04	8.257187e-04	3.815280e-05	-3.815280e-05	9.389323e-07	2.505566e-03
185           	1.526111e-03	1.102719e-20	2.506492e-03	-6.266230e-05	-1.252292e-03	3.815278e-05	7.003932e-04	8.257178e-04	3.815278e-05	-3.815278e-05	9.543404e-07	2.505538e-03
186           	1.526110e-03	1.102712e-20	2.506480e-03	-6.266200e-05	-1.252271e-03	3.815275e-05	7.003930e-04	8.257170e-04	3.815275e-05	-3.815275e-05	9.686020e-07	2.505511e-03
187           	1.526109e-03	1.102705e-20	2.506469e-03	-6.266173e-05	-1.252253e-03	3.815273e-05	7.003928e-04	8.257163e-04	3.815273e-05	-3.815273e-05	9.817595e-07	2.505487e-03
188           	1.526108e-03	1.102698e-20	2.506459e-03	-6.266147e-05	-1.252236e-03	3.815271e-05	7.003927e-04	8.257156e-04	3.815271e-05	-3.815271e-05	9.938568e-07	2.505465e-03
189           	1.526108e-03	1.102692e-20	2.506450e-03	-6.266124e-05	-1.252220e-03	3.815269e-05	7.003925e-04	8.257150e-04	3.815269e-05	-3.815269e-05	1.004940e-06	2.505445e-03
190           	1.526107e-03	1.102687e-20	2.506441e-03	-6.266103e-05	-1.252206e-03	3.815267e-05	7.003925e-04	8.257145e-04	3.815267e-05	-3.815267e-05	1.014918e-06	2.505426e-03
191           	1.526106e-03	1.102681e-20	2.506434e-03	-6.266084e-05	-1.252193e-03	3.815266e-05	7.003924e-04	8.257141e-04	3.815266e-05	-3.815266e-05	1.024230e-06	2.505409e-03
192           	1.526106e-03	1.102676e-20	2.506427e-03	-6.266067e-05	-1.252181e-03	3.815265e-05	7.003923e-04	8.257137e-04	3.815265e-05	-3.815265e-05	1.032435e-06	2.505394e-03
193           	1.526106e-03	1.102672e-20	2.506420e-03	-6.266051e-05	-1.252170e-03	3.815264e-05	7.003923e-04	8.257133e-04	3.815264e-05	-3.815264e-05	1.040044e-06	2.505380e-03
194           	1.526105e-03	1.102668e-20	2.506415e-03	-6.266037e-05	-1.252161e-03	3.815263e-05	7.003923e-04	8.257130e-04	3.815263e-05	-3.815263e-05	1.046685e-06	2.505368e-03
195           	1.526105e-03	1.102664e-20	2.506410e-03	-6.266024e-05	-1.252152e-03	3.815263e-05	7.003923e-04	8.257128e-04	3.815263e-05	-3.815263e-05	1.052686e-06	2.505357e-03
196           	1.526105e-03	1.102661e-20	2.506405e-03	-6.266013e-05	-1.252145e-03	3.815262e-05	7.003923e-04	8.257125e-04	3.815262e-05	-3.815262e-05	1.057988e-06	2.505347e-03
197           	1.526105e-03	1.102658e-20	2.506401e-03	-6.266003e-05	-1.252138e-03	3.815262e-05	7.003923e-04	8.257124e-04	3.815262e-05	-3.815262e-05	1.062678e-06	2.505339e-03
198           	1.526105e-03	1.102655e-20	2.506398e-03	-6.265995e-05	-1.252132e-03	3.815261e-05	7.003923e-04	8.257122e-04	3.815261e-05	-3.815261e-05	1.066794e-06	2.505331e-03
199           	1.526104e-03	1.102652e-20	2.506395e-03	-6.265987e-05	-1.252127e-03	3.815261e-05	7.003923e-04	8.257121e-04	3.815261e-05	-3.815261e-05	1.070371e-06	2.505324e-03
200           	1.526104e-03	1.102650e-20	2.506392e-03	-6.265980e-05	-1.252123e-03	3.815261e-05	7.003924e-04	8.257120e-04	3.815261e-05	-3.815261e-05	1.073447e-06	2.505319e-03
201           	1.526104e-03	1.102648e-20	2.506390e-03	-6.265975e-05	-1.252119e-03	3.815261e-05	7.003924e-04	8.257119e-04	3.815261e-05	-3.815261e-05	1.076065e-06	2.505314e-03
202           	1.526104e-03	1.102646e-20	2.506388e-03	-6.265970e-05	-1.252116e-03	3.815261e-05	7.003925e-04	8.257119e-04	3.815261e-05	-3.815261e-05	1.078257e-06	2.505310e-03
203           	1.526104e-03	1.102644e-20	2.506386e-03	-6.265966e-05	-1.252113e-03	3.815261e-05	7.003925e-04	8.257118e-04	3.815261e-05	-3.815261e-05	1.080069e-06	2.505306e-03
204           	1.526104e-03	1.102643e-20	2.506385e-03	-6.265963e-05	-1.252111e-03	3.815261e-05	7.003926e-04	8.257118e-04	3.815261e-05	-3.815261e-05	1.081539e-06	2.505304e-03
205           	1.526104e-03	1.102642e-20	2.506384e-03	-6.265960e-05	-1.252109e-03	3.815261e-05	7.003926e-04	8.257118e-04	3.815261e-05	-3.815261e-05	1.082696e-06	2.505301e-03
206           	1.526105e-03	1.102640e-20	2.506383e-03	-6.265958e-05	-1.252108e-03	3.815261e-05	7.003927e-04	8.257119e-04	3.815261e-05	-3.815261e-05	1.083558e-06	2.505300e-03
207           	1.526105e-03	1.102639e-20	2.506383e-03	-6.265957e-05	-1.252107e-03	3.815262e-05	7.003928e-04	8.257119e-04	3.815262e-05	-3.815262e-05	1.084156e-06	2.505299e-03
208           	1.526105e-03	1.102639e-20	2.506382e-03	-6.265956e-05	-1.252107e-03	3.815262e-05	7.003928e-04	8.257120e-04	3.815262e-05	-3.815262e-05	1.084503e-06	2.505298e-03
