# Force coefficients
# dragDir     : (1.000000e+00 0.000000e+00 0.000000e+00)
# sideDir     : (0.000000e+00 0.000000e+00 -1.000000e+00)
# liftDir     : (0.000000e+00 1.000000e+00 0.000000e+00)
# rollAxis    : (1.000000e+00 0.000000e+00 0.000000e+00)
# pitchAxis   : (0.000000e+00 0.000000e+00 -1.000000e+00)
# yawAxis     : (0.000000e+00 1.000000e+00 0.000000e+00)
# magUInf     : 4.000000e-02
# lRef        : 1.000000e-01
# Aref        : 1.000000e-01
# CofR        : (0.000000e+00 0.000000e+00 0.000000e+00)
#
# Time        	Cd            	Cs            	Cl            	CmRoll        	CmPitch       	CmYaw         	Cd(f)         	Cd(r)         	Cs(f)         	Cs(r)         	Cl(f)         	Cl(r)         
1             	5.816566e-04	1.579041e-19	6.797084e-04	-1.699271e-05	-2.045914e-04	1.454142e-05	2.738356e-04	3.078210e-04	1.454142e-05	-1.454142e-05	1.352628e-04	5.444457e-04
2             	2.004289e-03	1.352493e-19	2.276649e-03	-5.691623e-05	-5.200795e-04	5.010723e-05	9.452284e-04	1.059061e-03	5.010723e-05	-5.010723e-05	6.182450e-04	1.658404e-03
3             	1.950111e-03	-6.955935e-20	2.024875e-03	-5.062188e-05	-6.718435e-05	4.875276e-05	9.244334e-04	1.025677e-03	4.875276e-05	-4.875276e-05	9.452532e-04	1.079622e-03
4             	1.704690e-03	-6.886297e-20	1.832723e-03	-4.581807e-05	-1.521755e-04	4.261724e-05	8.065268e-04	8.981629e-04	4.261724e-05	-4.261724e-05	7.641859e-04	1.068537e-03
5             	1.416380e-03	-1.718144e-20	1.724538e-03	-4.311346e-05	-5.441160e-04	3.540951e-05	6.650767e-04	7.513036e-04	3.540951e-05	-3.540951e-05	3.181531e-04	1.406385e-03
6             	1.111322e-03	3.963285e-21	1.739258e-03	-4.348146e-05	-1.201071e-03	2.778304e-05	5.121793e-04	5.991422e-04	2.778304e-05	-2.778304e-05	-3.314415e-04	2.070700e-03
7             	9.509331e-04	8.471877e-21	1.569516e-03	-3.923790e-05	-1.182769e-03	2.377333e-05	4.362287e-04	5.147045e-04	2.377333e-05	-2.377333e-05	-3.980106e-04	1.967527e-03
8             	9.639329e-04	7.840589e-21	1.406568e-03	-3.516420e-05	-8.101643e-04	2.409832e-05	4.468022e-04	5.171306e-04	2.409832e-05	-2.409832e-05	-1.068802e-04	1.513448e-03
9             	1.129844e-03	8.631560e-21	1.506713e-03	-3.766782e-05	-6.688253e-04	2.824609e-05	5.272540e-04	6.025896e-04	2.824609e-05	-2.824609e-05	8.453111e-05	1.422182e-03
10            	1.312918e-03	9.341968e-21	1.782139e-03	-4.455348e-05	-8.481147e-04	3.282296e-05	6.119057e-04	7.010127e-04	3.282296e-05	-3.282296e-05	4.295493e-05	1.739184e-03
11            	1.457871e-03	9.071820e-21	2.093554e-03	-5.233884e-05	-1.173472e-03	3.644677e-05	6.765966e-04	7.812743e-04	3.644677e-05	-3.644677e-05	-1.266954e-04	2.220249e-03
12            	1.555438e-03	9.380699e-21	2.390892e-03	-5.977229e-05	-1.563001e-03	3.888594e-05	7.179465e-04	8.374911e-04	3.888594e-05	-3.888594e-05	-3.675551e-04	2.758447e-03
13            	1.607973e-03	9.294081e-21	2.631962e-03	-6.579905e-05	-1.924879e-03	4.019933e-05	7.381876e-04	8.697857e-04	4.019933e-05	-4.019933e-05	-6.088985e-04	3.240860e-03
14            	1.631669e-03	9.147613e-21	2.807531e-03	-7.018828e-05	-2.210753e-03	4.079171e-05	7.456460e-04	8.860226e-04	4.079171e-05	-4.079171e-05	-8.069873e-04	3.614519e-03
15            	1.641166e-03	8.751139e-21	2.932755e-03	-7.331889e-05	-2.423576e-03	4.102914e-05	7.472639e-04	8.939017e-04	4.102914e-05	-4.102914e-05	-9.571979e-04	3.889953e-03
16            	1.643011e-03	8.801722e-21	3.020417e-03	-7.551042e-05	-2.577632e-03	4.107527e-05	7.459950e-04	8.970158e-04	4.107527e-05	-4.107527e-05	-1.067424e-03	4.087840e-03
17            	1.640858e-03	8.762820e-21	3.089264e-03	-7.723161e-05	-2.704571e-03	4.102146e-05	7.431976e-04	8.976608e-04	4.102146e-05	-4.102146e-05	-1.159939e-03	4.249203e-03
18            	1.636532e-03	8.737720e-21	3.145786e-03	-7.864465e-05	-2.813611e-03	4.091329e-05	7.396212e-04	8.969105e-04	4.091329e-05	-4.091329e-05	-1.240718e-03	4.386504e-03
19            	1.631089e-03	8.708090e-21	3.192236e-03	-7.980590e-05	-2.906730e-03	4.077723e-05	7.357386e-04	8.953504e-04	4.077723e-05	-4.077723e-05	-1.310612e-03	4.502848e-03
20            	1.624819e-03	8.645943e-21	3.228173e-03	-8.070433e-05	-2.981889e-03	4.062047e-05	7.317050e-04	8.931137e-04	4.062047e-05	-4.062047e-05	-1.367802e-03	4.595975e-03
21            	1.618586e-03	8.549916e-21	3.254333e-03	-8.135832e-05	-3.038463e-03	4.046465e-05	7.279347e-04	8.906513e-04	4.046465e-05	-4.046465e-05	-1.411297e-03	4.665630e-03
22            	1.612267e-03	8.442452e-21	3.271765e-03	-8.179413e-05	-3.078622e-03	4.030667e-05	7.243392e-04	8.879275e-04	4.030667e-05	-4.030667e-05	-1.442739e-03	4.714505e-03
23            	1.608083e-03	8.265649e-21	3.281710e-03	-8.204276e-05	-3.100266e-03	4.020208e-05	7.219989e-04	8.860844e-04	4.020208e-05	-4.020208e-05	-1.459410e-03	4.741121e-03
24            	1.604941e-03	8.163853e-21	3.286490e-03	-8.216226e-05	-3.110108e-03	4.012352e-05	7.203082e-04	8.846327e-04	4.012352e-05	-4.012352e-05	-1.466863e-03	4.753353e-03
25            	1.601761e-03	7.979479e-21	3.288345e-03	-8.220862e-05	-3.114781e-03	4.004403e-05	7.186721e-04	8.830893e-04	4.004403e-05	-4.004403e-05	-1.470609e-03	4.758954e-03
26            	1.597653e-03	7.741922e-21	3.286700e-03	-8.216749e-05	-3.114837e-03	3.994132e-05	7.166589e-04	8.809939e-04	3.994132e-05	-3.994132e-05	-1.471487e-03	4.758187e-03
27            	1.592929e-03	7.535997e-21	3.282026e-03	-8.205065e-05	-3.110458e-03	3.982321e-05	7.144136e-04	8.785149e-04	3.982321e-05	-3.982321e-05	-1.469445e-03	4.751471e-03
28            	1.587850e-03	7.334011e-21	3.274426e-03	-8.186065e-05	-3.101272e-03	3.969625e-05	7.120644e-04	8.757857e-04	3.969625e-05	-3.969625e-05	-1.464058e-03	4.738485e-03
29            	1.582654e-03	7.133244e-21	3.264198e-03	-8.160495e-05	-3.087342e-03	3.956634e-05	7.097218e-04	8.729317e-04	3.956634e-05	-3.956634e-05	-1.455242e-03	4.719441e-03
30            	1.577483e-03	6.934052e-21	3.251717e-03	-8.129293e-05	-3.069116e-03	3.943708e-05	7.074486e-04	8.700345e-04	3.943708e-05	-3.943708e-05	-1.443258e-03	4.694975e-03
31            	1.572010e-03	6.728613e-21	3.236851e-03	-8.092126e-05	-3.046945e-03	3.930025e-05	7.050838e-04	8.669264e-04	3.930025e-05	-3.930025e-05	-1.428519e-03	4.665370e-03
32            	1.566562e-03	6.529202e-21	3.220179e-03	-8.050447e-05	-3.021371e-03	3.916405e-05	7.027766e-04	8.637856e-04	3.916405e-05	-3.916405e-05	-1.411281e-03	4.631460e-03
33            	1.561466e-03	6.344576e-21	3.202704e-03	-8.006761e-05	-2.993808e-03	3.903666e-05	7.006655e-04	8.608007e-04	3.903666e-05	-3.903666e-05	-1.392456e-03	4.595161e-03
34            	1.556219e-03	6.163998e-21	3.184277e-03	-7.960693e-05	-2.964956e-03	3.890549e-05	6.985028e-04	8.577166e-04	3.890549e-05	-3.890549e-05	-1.372818e-03	4.557095e-03
35            	1.550879e-03	5.988521e-21	3.164826e-03	-7.912066e-05	-2.934516e-03	3.877196e-05	6.963186e-04	8.545599e-04	3.877196e-05	-3.877196e-05	-1.352103e-03	4.516929e-03
36            	1.545591e-03	5.824459e-21	3.144631e-03	-7.861577e-05	-2.902740e-03	3.863977e-05	6.941796e-04	8.514112e-04	3.863977e-05	-3.863977e-05	-1.330425e-03	4.475055e-03
37            	1.540553e-03	5.671876e-21	3.124113e-03	-7.810283e-05	-2.870062e-03	3.851382e-05	6.921736e-04	8.483792e-04	3.851382e-05	-3.851382e-05	-1.308005e-03	4.432118e-03
38            	1.535845e-03	5.528764e-21	3.103604e-03	-7.759011e-05	-2.836964e-03	3.839613e-05	6.903325e-04	8.455127e-04	3.839613e-05	-3.839613e-05	-1.285162e-03	4.388767e-03
39            	1.531487e-03	5.395944e-21	3.083424e-03	-7.708560e-05	-2.804036e-03	3.828718e-05	6.886579e-04	8.428291e-04	3.828718e-05	-3.828718e-05	-1.262324e-03	4.345748e-03
40            	1.527439e-03	5.273722e-21	3.063760e-03	-7.659400e-05	-2.771705e-03	3.818599e-05	6.871257e-04	8.403137e-04	3.818599e-05	-3.818599e-05	-1.239825e-03	4.303585e-03
41            	1.523606e-03	5.200804e-21	3.044515e-03	-7.611287e-05	-2.739946e-03	3.809015e-05	6.856900e-04	8.379158e-04	3.809015e-05	-3.809015e-05	-1.217689e-03	4.262204e-03
42            	1.520247e-03	5.111007e-21	3.026387e-03	-7.565968e-05	-2.709626e-03	3.800618e-05	6.844640e-04	8.357833e-04	3.800618e-05	-3.800618e-05	-1.196432e-03	4.222820e-03
43            	1.517277e-03	5.017885e-21	3.009234e-03	-7.523086e-05	-2.680588e-03	3.793192e-05	6.834075e-04	8.338692e-04	3.793192e-05	-3.793192e-05	-1.175971e-03	4.185205e-03
44            	1.514654e-03	4.907845e-21	2.993356e-03	-7.483389e-05	-2.653531e-03	3.786635e-05	6.824932e-04	8.321610e-04	3.786635e-05	-3.786635e-05	-1.156853e-03	4.150209e-03
45            	1.512114e-03	4.838927e-21	2.977952e-03	-7.444879e-05	-2.627318e-03	3.780285e-05	6.816082e-04	8.305058e-04	3.780285e-05	-3.780285e-05	-1.138342e-03	4.116294e-03
46            	1.509798e-03	4.741865e-21	2.963570e-03	-7.408926e-05	-2.602784e-03	3.774496e-05	6.808100e-04	8.289885e-04	3.774496e-05	-3.774496e-05	-1.120999e-03	4.084569e-03
47            	1.507594e-03	4.661945e-21	2.949836e-03	-7.374590e-05	-2.579386e-03	3.768985e-05	6.800511e-04	8.275429e-04	3.768985e-05	-3.768985e-05	-1.104468e-03	4.054304e-03
48            	1.505218e-03	4.598376e-21	2.937070e-03	-7.342675e-05	-2.558342e-03	3.763045e-05	6.791823e-04	8.260358e-04	3.763045e-05	-3.763045e-05	-1.089807e-03	4.026877e-03
49            	1.502901e-03	4.535275e-21	2.924717e-03	-7.311793e-05	-2.538054e-03	3.757253e-05	6.783327e-04	8.245686e-04	3.757253e-05	-3.757253e-05	-1.075695e-03	4.000412e-03
50            	1.500778e-03	4.496745e-21	2.912769e-03	-7.281922e-05	-2.518240e-03	3.751946e-05	6.775699e-04	8.232084e-04	3.751946e-05	-3.751946e-05	-1.061856e-03	3.974625e-03
51            	1.498909e-03	4.439696e-21	2.901792e-03	-7.254479e-05	-2.499943e-03	3.747272e-05	6.769097e-04	8.219993e-04	3.747272e-05	-3.747272e-05	-1.049048e-03	3.950839e-03
52            	1.497171e-03	4.395136e-21	2.891377e-03	-7.228442e-05	-2.482550e-03	3.742927e-05	6.763010e-04	8.208698e-04	3.742927e-05	-3.742927e-05	-1.036862e-03	3.928239e-03
53            	1.495591e-03	4.356722e-21	2.881648e-03	-7.204120e-05	-2.466266e-03	3.738978e-05	6.757544e-04	8.198368e-04	3.738978e-05	-3.738978e-05	-1.025442e-03	3.907090e-03
54            	1.494144e-03	4.338965e-21	2.872555e-03	-7.181387e-05	-2.451037e-03	3.735359e-05	6.752580e-04	8.188857e-04	3.735359e-05	-3.735359e-05	-1.014759e-03	3.887314e-03
55            	1.493091e-03	4.298106e-21	2.864343e-03	-7.160858e-05	-2.436826e-03	3.732727e-05	6.749369e-04	8.181540e-04	3.732727e-05	-3.732727e-05	-1.004655e-03	3.868998e-03
56            	1.492224e-03	4.269637e-21	2.856825e-03	-7.142062e-05	-2.423662e-03	3.730560e-05	6.746914e-04	8.175326e-04	3.730560e-05	-3.730560e-05	-9.952494e-04	3.852074e-03
57            	1.491361e-03	4.246884e-21	2.850012e-03	-7.125029e-05	-2.411930e-03	3.728403e-05	6.744303e-04	8.169309e-04	3.728403e-05	-3.728403e-05	-9.869242e-04	3.836936e-03
58            	1.490338e-03	4.231783e-21	2.843787e-03	-7.109469e-05	-2.401714e-03	3.725844e-05	6.740742e-04	8.162635e-04	3.725844e-05	-3.725844e-05	-9.798205e-04	3.823608e-03
59            	1.489294e-03	4.218261e-21	2.837974e-03	-7.094936e-05	-2.392370e-03	3.723235e-05	6.736976e-04	8.155963e-04	3.723235e-05	-3.723235e-05	-9.733831e-04	3.811357e-03
60            	1.488386e-03	4.207835e-21	2.832590e-03	-7.081476e-05	-2.383624e-03	3.720964e-05	6.733781e-04	8.150076e-04	3.720964e-05	-3.720964e-05	-9.673289e-04	3.799919e-03
61            	1.487622e-03	4.200647e-21	2.827686e-03	-7.069215e-05	-2.375562e-03	3.719056e-05	6.731191e-04	8.145034e-04	3.719056e-05	-3.719056e-05	-9.617194e-04	3.789405e-03
62            	1.486986e-03	4.196376e-21	2.823284e-03	-7.058211e-05	-2.368269e-03	3.717464e-05	6.729107e-04	8.140749e-04	3.717464e-05	-3.717464e-05	-9.566271e-04	3.779912e-03
63            	1.486455e-03	4.194677e-21	2.819370e-03	-7.048426e-05	-2.361753e-03	3.716136e-05	6.727430e-04	8.137115e-04	3.716136e-05	-3.716136e-05	-9.520679e-04	3.771438e-03
64            	1.486076e-03	4.192641e-21	2.815908e-03	-7.039770e-05	-2.355839e-03	3.715190e-05	6.726403e-04	8.134357e-04	3.715190e-05	-3.715190e-05	-9.478852e-04	3.763793e-03
65            	1.485826e-03	4.193420e-21	2.812914e-03	-7.032286e-05	-2.350613e-03	3.714564e-05	6.725899e-04	8.132357e-04	3.714564e-05	-3.714564e-05	-9.441563e-04	3.757071e-03
66            	1.485609e-03	4.196059e-21	2.810345e-03	-7.025863e-05	-2.346171e-03	3.714023e-05	6.725461e-04	8.130633e-04	3.714023e-05	-3.714023e-05	-9.409987e-04	3.751344e-03
67            	1.485407e-03	4.200238e-21	2.808143e-03	-7.020357e-05	-2.342433e-03	3.713518e-05	6.725001e-04	8.129072e-04	3.713518e-05	-3.713518e-05	-9.383618e-04	3.746504e-03
68            	1.485220e-03	4.205779e-21	2.806254e-03	-7.015634e-05	-2.339287e-03	3.713050e-05	6.724537e-04	8.127664e-04	3.713050e-05	-3.713050e-05	-9.361603e-04	3.742414e-03
69            	1.485054e-03	4.212499e-21	2.804641e-03	-7.011604e-05	-2.336649e-03	3.712634e-05	6.724108e-04	8.126428e-04	3.712634e-05	-3.712634e-05	-9.343279e-04	3.738969e-03
70            	1.484912e-03	4.220216e-21	2.803278e-03	-7.008195e-05	-2.334452e-03	3.712280e-05	6.723741e-04	8.125380e-04	3.712280e-05	-3.712280e-05	-9.328127e-04	3.736091e-03
71            	1.484801e-03	4.228808e-21	2.802142e-03	-7.005355e-05	-2.332643e-03	3.712002e-05	6.723468e-04	8.124539e-04	3.712002e-05	-3.712002e-05	-9.315723e-04	3.733714e-03
72            	1.484719e-03	4.237986e-21	2.801211e-03	-7.003027e-05	-2.331179e-03	3.711798e-05	6.723294e-04	8.123899e-04	3.711798e-05	-3.711798e-05	-9.305735e-04	3.731784e-03
73            	1.484666e-03	4.247669e-21	2.800466e-03	-7.001164e-05	-2.330025e-03	3.711664e-05	6.723213e-04	8.123445e-04	3.711664e-05	-3.711664e-05	-9.297924e-04	3.730258e-03
74            	1.484639e-03	4.257750e-21	2.799890e-03	-6.999726e-05	-2.329153e-03	3.711597e-05	6.723221e-04	8.123166e-04	3.711597e-05	-3.711597e-05	-9.292080e-04	3.729098e-03
75            	1.484635e-03	4.268133e-21	2.799469e-03	-6.998671e-05	-2.328535e-03	3.711588e-05	6.723308e-04	8.123043e-04	3.711588e-05	-3.711588e-05	-9.288006e-04	3.728269e-03
76            	1.484655e-03	4.278836e-21	2.799187e-03	-6.997967e-05	-2.328145e-03	3.711636e-05	6.723476e-04	8.123069e-04	3.711636e-05	-3.711636e-05	-9.285517e-04	3.727738e-03
77            	1.484692e-03	4.288458e-21	2.799026e-03	-6.997566e-05	-2.327957e-03	3.711729e-05	6.723702e-04	8.123215e-04	3.711729e-05	-3.711729e-05	-9.284436e-04	3.727470e-03
78            	1.484744e-03	4.299148e-21	2.798979e-03	-6.997448e-05	-2.327958e-03	3.711860e-05	6.723975e-04	8.123464e-04	3.711860e-05	-3.711860e-05	-9.284686e-04	3.727448e-03
79            	1.484809e-03	4.310035e-21	2.799032e-03	-6.997581e-05	-2.328128e-03	3.712022e-05	6.724287e-04	8.123803e-04	3.712022e-05	-3.712022e-05	-9.286122e-04	3.727644e-03
80            	1.484886e-03	4.321058e-21	2.799175e-03	-6.997937e-05	-2.328447e-03	3.712216e-05	6.724637e-04	8.124225e-04	3.712216e-05	-3.712216e-05	-9.288591e-04	3.728034e-03
81            	1.484977e-03	4.332728e-21	2.799400e-03	-6.998500e-05	-2.328897e-03	3.712442e-05	6.725034e-04	8.124734e-04	3.712442e-05	-3.712442e-05	-9.291967e-04	3.728597e-03
82            	1.485064e-03	4.343573e-21	2.799690e-03	-6.999225e-05	-2.329476e-03	3.712659e-05	6.725395e-04	8.125240e-04	3.712659e-05	-3.712659e-05	-9.296314e-04	3.729321e-03
83            	1.485165e-03	4.354336e-21	2.800034e-03	-7.000086e-05	-2.330127e-03	3.712913e-05	6.725818e-04	8.125835e-04	3.712913e-05	-3.712913e-05	-9.301102e-04	3.730145e-03
84            	1.485267e-03	4.364805e-21	2.800429e-03	-7.001073e-05	-2.330871e-03	3.713168e-05	6.726229e-04	8.126444e-04	3.713168e-05	-3.713168e-05	-9.306561e-04	3.731085e-03
85            	1.485392e-03	4.375410e-21	2.800883e-03	-7.002209e-05	-2.331682e-03	3.713480e-05	6.726739e-04	8.127181e-04	3.713480e-05	-3.713480e-05	-9.312398e-04	3.732123e-03
86            	1.485521e-03	4.385862e-21	2.801394e-03	-7.003486e-05	-2.332592e-03	3.713801e-05	6.727254e-04	8.127951e-04	3.713801e-05	-3.713801e-05	-9.318945e-04	3.733289e-03
87            	1.485662e-03	4.396255e-21	2.801962e-03	-7.004904e-05	-2.333585e-03	3.714154e-05	6.727818e-04	8.128799e-04	3.714154e-05	-3.714154e-05	-9.326043e-04	3.734566e-03
88            	1.485807e-03	4.406192e-21	2.802554e-03	-7.006386e-05	-2.334610e-03	3.714517e-05	6.728395e-04	8.129673e-04	3.714517e-05	-3.714517e-05	-9.333330e-04	3.735887e-03
89            	1.485961e-03	4.416478e-21	2.803231e-03	-7.008077e-05	-2.335786e-03	3.714903e-05	6.728998e-04	8.130614e-04	3.714903e-05	-3.714903e-05	-9.341709e-04	3.737402e-03
90            	1.486111e-03	4.425857e-21	2.803905e-03	-7.009762e-05	-2.336953e-03	3.715278e-05	6.729580e-04	8.131533e-04	3.715278e-05	-3.715278e-05	-9.350006e-04	3.738906e-03
91            	1.486261e-03	4.434984e-21	2.804588e-03	-7.011469e-05	-2.338129e-03	3.715654e-05	6.730160e-04	8.132454e-04	3.715654e-05	-3.715654e-05	-9.358347e-04	3.740422e-03
92            	1.486417e-03	4.444031e-21	2.805302e-03	-7.013254e-05	-2.339350e-03	3.716043e-05	6.730760e-04	8.133411e-04	3.716043e-05	-3.716043e-05	-9.366989e-04	3.742000e-03
93            	1.486574e-03	4.452751e-21	2.806037e-03	-7.015091e-05	-2.340604e-03	3.716436e-05	6.731363e-04	8.134381e-04	3.716436e-05	-3.716436e-05	-9.375857e-04	3.743622e-03
94            	1.486729e-03	4.461107e-21	2.806781e-03	-7.016953e-05	-2.341877e-03	3.716822e-05	6.731949e-04	8.135339e-04	3.716822e-05	-3.716822e-05	-9.384861e-04	3.745267e-03
95            	1.486880e-03	4.468472e-21	2.807530e-03	-7.018825e-05	-2.343158e-03	3.717201e-05	6.732519e-04	8.136284e-04	3.717201e-05	-3.717201e-05	-9.393927e-04	3.746923e-03
96            	1.487024e-03	4.476470e-21	2.808270e-03	-7.020675e-05	-2.344430e-03	3.717561e-05	6.733054e-04	8.137189e-04	3.717561e-05	-3.717561e-05	-9.402952e-04	3.748565e-03
97            	1.487166e-03	4.483142e-21	2.809008e-03	-7.022519e-05	-2.345697e-03	3.717914e-05	6.733577e-04	8.138081e-04	3.717914e-05	-3.717914e-05	-9.411929e-04	3.750201e-03
98            	1.487300e-03	4.490477e-21	2.809729e-03	-7.024322e-05	-2.346939e-03	3.718250e-05	6.734068e-04	8.138932e-04	3.718250e-05	-3.718250e-05	-9.420743e-04	3.751803e-03
99            	1.487432e-03	4.496547e-21	2.810443e-03	-7.026107e-05	-2.348165e-03	3.718581e-05	6.734551e-04	8.139773e-04	3.718581e-05	-3.718581e-05	-9.429440e-04	3.753387e-03
100           	1.487559e-03	4.503222e-21	2.811138e-03	-7.027844e-05	-2.349361e-03	3.718896e-05	6.735008e-04	8.140577e-04	3.718896e-05	-3.718896e-05	-9.437921e-04	3.754930e-03
101           	1.487682e-03	4.509270e-21	2.811821e-03	-7.029551e-05	-2.350533e-03	3.719206e-05	6.735457e-04	8.141367e-04	3.719206e-05	-3.719206e-05	-9.446224e-04	3.756443e-03
102           	1.487804e-03	4.514958e-21	2.812489e-03	-7.031223e-05	-2.351677e-03	3.719509e-05	6.735896e-04	8.142141e-04	3.719509e-05	-3.719509e-05	-9.454320e-04	3.757921e-03
103           	1.487921e-03	4.520374e-21	2.813140e-03	-7.032850e-05	-2.352789e-03	3.719802e-05	6.736319e-04	8.142889e-04	3.719802e-05	-3.719802e-05	-9.462188e-04	3.759359e-03
104           	1.488034e-03	4.525470e-21	2.813774e-03	-7.034434e-05	-2.353871e-03	3.720085e-05	6.736726e-04	8.143613e-04	3.720085e-05	-3.720085e-05	-9.469841e-04	3.760758e-03
105           	1.488143e-03	4.529550e-21	2.814391e-03	-7.035978e-05	-2.354925e-03	3.720358e-05	6.737119e-04	8.144314e-04	3.720358e-05	-3.720358e-05	-9.477295e-04	3.762121e-03
106           	1.488243e-03	4.534290e-21	2.814980e-03	-7.037450e-05	-2.355936e-03	3.720608e-05	6.737471e-04	8.144961e-04	3.720608e-05	-3.720608e-05	-9.484461e-04	3.763426e-03
107           	1.488337e-03	4.538123e-21	2.815548e-03	-7.038869e-05	-2.356913e-03	3.720843e-05	6.737800e-04	8.145574e-04	3.720843e-05	-3.720843e-05	-9.491390e-04	3.764687e-03
108           	1.488424e-03	4.542347e-21	2.816088e-03	-7.040220e-05	-2.357847e-03	3.721060e-05	6.738097e-04	8.146141e-04	3.721060e-05	-3.721060e-05	-9.498029e-04	3.765891e-03
109           	1.488504e-03	4.546112e-21	2.816606e-03	-7.041516e-05	-2.358747e-03	3.721260e-05	6.738368e-04	8.146672e-04	3.721260e-05	-3.721260e-05	-9.504441e-04	3.767050e-03
110           	1.488581e-03	4.549544e-21	2.817099e-03	-7.042747e-05	-2.359599e-03	3.721452e-05	6.738630e-04	8.147179e-04	3.721452e-05	-3.721452e-05	-9.510497e-04	3.768148e-03
111           	1.488665e-03	4.552527e-21	2.817559e-03	-7.043899e-05	-2.360370e-03	3.721662e-05	6.738935e-04	8.147715e-04	3.721662e-05	-3.721662e-05	-9.515901e-04	3.769149e-03
112           	1.488750e-03	4.555512e-21	2.818016e-03	-7.045041e-05	-2.361131e-03	3.721875e-05	6.739245e-04	8.148253e-04	3.721875e-05	-3.721875e-05	-9.521233e-04	3.770140e-03
113           	1.488826e-03	4.558166e-21	2.818451e-03	-7.046128e-05	-2.361864e-03	3.722064e-05	6.739516e-04	8.148742e-04	3.722064e-05	-3.722064e-05	-9.526383e-04	3.771089e-03
114           	1.488893e-03	4.560514e-21	2.818856e-03	-7.047140e-05	-2.362550e-03	3.722234e-05	6.739753e-04	8.149181e-04	3.722234e-05	-3.722234e-05	-9.531222e-04	3.771978e-03
115           	1.488956e-03	4.562393e-21	2.819242e-03	-7.048105e-05	-2.363206e-03	3.722391e-05	6.739971e-04	8.149592e-04	3.722391e-05	-3.722391e-05	-9.535851e-04	3.772827e-03
116           	1.489014e-03	4.564589e-21	2.819600e-03	-7.049000e-05	-2.363815e-03	3.722535e-05	6.740171e-04	8.149971e-04	3.722535e-05	-3.722535e-05	-9.540151e-04	3.773615e-03
117           	1.489068e-03	4.566449e-21	2.819938e-03	-7.049846e-05	-2.364390e-03	3.722671e-05	6.740356e-04	8.150326e-04	3.722671e-05	-3.722671e-05	-9.544206e-04	3.774359e-03
118           	1.489118e-03	4.568144e-21	2.820256e-03	-7.050640e-05	-2.364930e-03	3.722796e-05	6.740527e-04	8.150655e-04	3.722796e-05	-3.722796e-05	-9.548023e-04	3.775058e-03
119           	1.489164e-03	4.569676e-21	2.820554e-03	-7.051385e-05	-2.365438e-03	3.722911e-05	6.740683e-04	8.150960e-04	3.722911e-05	-3.722911e-05	-9.551609e-04	3.775715e-03
120           	1.489207e-03	4.571060e-21	2.820832e-03	-7.052081e-05	-2.365912e-03	3.723017e-05	6.740826e-04	8.151242e-04	3.723017e-05	-3.723017e-05	-9.554963e-04	3.776329e-03
121           	1.489246e-03	4.572303e-21	2.821092e-03	-7.052729e-05	-2.366355e-03	3.723114e-05	6.740955e-04	8.151501e-04	3.723114e-05	-3.723114e-05	-9.558095e-04	3.776901e-03
122           	1.489281e-03	4.573127e-21	2.821334e-03	-7.053335e-05	-2.366769e-03	3.723203e-05	6.741072e-04	8.151739e-04	3.723203e-05	-3.723203e-05	-9.561019e-04	3.777436e-03
123           	1.489314e-03	4.574252e-21	2.821555e-03	-7.053889e-05	-2.367147e-03	3.723284e-05	6.741179e-04	8.151957e-04	3.723284e-05	-3.723284e-05	-9.563690e-04	3.777924e-03
124           	1.489344e-03	4.575132e-21	2.821762e-03	-7.054404e-05	-2.367498e-03	3.723360e-05	6.741279e-04	8.152160e-04	3.723360e-05	-3.723360e-05	-9.566168e-04	3.778379e-03
125           	1.489372e-03	4.575898e-21	2.821953e-03	-7.054882e-05	-2.367823e-03	3.723429e-05	6.741370e-04	8.152347e-04	3.723429e-05	-3.723429e-05	-9.568462e-04	3.778799e-03
126           	1.489397e-03	4.576551e-21	2.822129e-03	-7.055324e-05	-2.368122e-03	3.723493e-05	6.741453e-04	8.152518e-04	3.723493e-05	-3.723493e-05	-9.570576e-04	3.779187e-03
127           	1.489420e-03	4.577102e-21	2.822291e-03	-7.055729e-05	-2.368397e-03	3.723551e-05	6.741528e-04	8.152674e-04	3.723551e-05	-3.723551e-05	-9.572513e-04	3.779543e-03
128           	1.489441e-03	4.577558e-21	2.822440e-03	-7.056099e-05	-2.368648e-03	3.723603e-05	6.741597e-04	8.152817e-04	3.723603e-05	-3.723603e-05	-9.574279e-04	3.779868e-03
129           	1.489461e-03	4.577929e-21	2.822575e-03	-7.056438e-05	-2.368876e-03	3.723651e-05	6.741659e-04	8.152946e-04	3.723651e-05	-3.723651e-05	-9.575888e-04	3.780164e-03
130           	1.489478e-03	4.578221e-21	2.822698e-03	-7.056746e-05	-2.369084e-03	3.723694e-05	6.741714e-04	8.153063e-04	3.723694e-05	-3.723694e-05	-9.577348e-04	3.780433e-03
131           	1.489493e-03	4.578279e-21	2.822810e-03	-7.057026e-05	-2.369273e-03	3.723733e-05	6.741763e-04	8.153168e-04	3.723733e-05	-3.723733e-05	-9.578677e-04	3.780678e-03
132           	1.489504e-03	4.578593e-21	2.822910e-03	-7.057275e-05	-2.369445e-03	3.723761e-05	6.741794e-04	8.153249e-04	3.723761e-05	-3.723761e-05	-9.579900e-04	3.780900e-03
133           	1.489513e-03	4.578749e-21	2.822999e-03	-7.057497e-05	-2.369601e-03	3.723781e-05	6.741813e-04	8.153312e-04	3.723781e-05	-3.723781e-05	-9.581014e-04	3.781100e-03
134           	1.489522e-03	4.578780e-21	2.823076e-03	-7.057690e-05	-2.369732e-03	3.723804e-05	6.741840e-04	8.153378e-04	3.723804e-05	-3.723804e-05	-9.581938e-04	3.781270e-03
135           	1.489532e-03	4.578798e-21	2.823146e-03	-7.057865e-05	-2.369846e-03	3.723830e-05	6.741874e-04	8.153447e-04	3.723830e-05	-3.723830e-05	-9.582727e-04	3.781419e-03
136           	1.489541e-03	4.578781e-21	2.823209e-03	-7.058022e-05	-2.369948e-03	3.723853e-05	6.741904e-04	8.153508e-04	3.723853e-05	-3.723853e-05	-9.583436e-04	3.781552e-03
137           	1.489549e-03	4.578726e-21	2.823265e-03	-7.058163e-05	-2.370040e-03	3.723872e-05	6.741929e-04	8.153561e-04	3.723872e-05	-3.723872e-05	-9.584070e-04	3.781672e-03
138           	1.489555e-03	4.578637e-21	2.823314e-03	-7.058285e-05	-2.370120e-03	3.723888e-05	6.741948e-04	8.153605e-04	3.723888e-05	-3.723888e-05	-9.584629e-04	3.781777e-03
139           	1.489560e-03	4.578520e-21	2.823357e-03	-7.058392e-05	-2.370190e-03	3.723901e-05	6.741962e-04	8.153641e-04	3.723901e-05	-3.723901e-05	-9.585116e-04	3.781868e-03
140           	1.489564e-03	4.578382e-21	2.823393e-03	-7.058484e-05	-2.370250e-03	3.723911e-05	6.741973e-04	8.153670e-04	3.723911e-05	-3.723911e-05	-9.585534e-04	3.781947e-03
141           	1.489567e-03	4.578225e-21	2.823425e-03	-7.058561e-05	-2.370301e-03	3.723918e-05	6.741980e-04	8.153692e-04	3.723918e-05	-3.723918e-05	-9.585889e-04	3.782013e-03
142           	1.489569e-03	4.578051e-21	2.823451e-03	-7.058626e-05	-2.370344e-03	3.723924e-05	6.741984e-04	8.153710e-04	3.723924e-05	-3.723924e-05	-9.586184e-04	3.782069e-03
143           	1.489571e-03	4.577864e-21	2.823472e-03	-7.058680e-05	-2.370378e-03	3.723927e-05	6.741987e-04	8.153723e-04	3.723927e-05	-3.723927e-05	-9.586423e-04	3.782114e-03
144           	1.489572e-03	4.577665e-21	2.823489e-03	-7.058723e-05	-2.370406e-03	3.723930e-05	6.741987e-04	8.153732e-04	3.723930e-05	-3.723930e-05	-9.586612e-04	3.782150e-03
145           	1.489572e-03	4.577457e-21	2.823503e-03	-7.058757e-05	-2.370427e-03	3.723931e-05	6.741987e-04	8.153738e-04	3.723931e-05	-3.723931e-05	-9.586757e-04	3.782178e-03
146           	1.489573e-03	4.577241e-21	2.823513e-03	-7.058782e-05	-2.370443e-03	3.723931e-05	6.741985e-04	8.153741e-04	3.723931e-05	-3.723931e-05	-9.586861e-04	3.782199e-03
147           	1.489572e-03	4.577019e-21	2.823520e-03	-7.058801e-05	-2.370453e-03	3.723931e-05	6.741981e-04	8.153742e-04	3.723931e-05	-3.723931e-05	-9.586929e-04	3.782213e-03
148           	1.489572e-03	4.576812e-21	2.823525e-03	-7.058812e-05	-2.370459e-03	3.723929e-05	6.741977e-04	8.153740e-04	3.723929e-05	-3.723929e-05	-9.586965e-04	3.782221e-03
149           	1.489571e-03	4.576586e-21	2.823527e-03	-7.058818e-05	-2.370461e-03	3.723927e-05	6.741972e-04	8.153736e-04	3.723927e-05	-3.723927e-05	-9.586973e-04	3.782224e-03
150           	1.489570e-03	4.576357e-21	2.823527e-03	-7.058818e-05	-2.370459e-03	3.723924e-05	6.741967e-04	8.153730e-04	3.723924e-05	-3.723924e-05	-9.586955e-04	3.782223e-03
151           	1.489568e-03	4.576110e-21	2.823525e-03	-7.058813e-05	-2.370454e-03	3.723921e-05	6.741960e-04	8.153723e-04	3.723921e-05	-3.723921e-05	-9.586914e-04	3.782217e-03
152           	1.489567e-03	4.575887e-21	2.823522e-03	-7.058804e-05	-2.370446e-03	3.723917e-05	6.741953e-04	8.153714e-04	3.723917e-05	-3.723917e-05	-9.586853e-04	3.782207e-03
153           	1.489565e-03	4.575640e-21	2.823517e-03	-7.058791e-05	-2.370436e-03	3.723912e-05	6.741945e-04	8.153704e-04	3.723912e-05	-3.723912e-05	-9.586774e-04	3.782194e-03
154           	1.489563e-03	4.575404e-21	2.823510e-03	-7.058775e-05	-2.370423e-03	3.723907e-05	6.741937e-04	8.153692e-04	3.723907e-05	-3.723907e-05	-9.586679e-04	3.782178e-03
155           	1.489561e-03	4.575169e-21	2.823502e-03	-7.058755e-05	-2.370408e-03	3.723902e-05	6.741928e-04	8.153679e-04	3.723902e-05	-3.723902e-05	-9.586569e-04	3.782159e-03
156           	1.489558e-03	4.574937e-21	2.823493e-03	-7.058732e-05	-2.370391e-03	3.723895e-05	6.741918e-04	8.153664e-04	3.723895e-05	-3.723895e-05	-9.586446e-04	3.782137e-03
157           	1.489556e-03	4.574706e-21	2.823482e-03	-7.058706e-05	-2.370372e-03	3.723889e-05	6.741907e-04	8.153648e-04	3.723889e-05	-3.723889e-05	-9.586311e-04	3.782114e-03
158           	1.489553e-03	4.574488e-21	2.823471e-03	-7.058678e-05	-2.370352e-03	3.723883e-05	6.741897e-04	8.153633e-04	3.723883e-05	-3.723883e-05	-9.586164e-04	3.782088e-03
159           	1.489550e-03	4.574270e-21	2.823459e-03	-7.058648e-05	-2.370331e-03	3.723876e-05	6.741886e-04	8.153616e-04	3.723876e-05	-3.723876e-05	-9.586009e-04	3.782060e-03
160           	1.489547e-03	4.574061e-21	2.823447e-03	-7.058617e-05	-2.370309e-03	3.723868e-05	6.741875e-04	8.153598e-04	3.723868e-05	-3.723868e-05	-9.585854e-04	3.782032e-03
161           	1.489544e-03	4.573847e-21	2.823433e-03	-7.058583e-05	-2.370285e-03	3.723860e-05	6.741862e-04	8.153579e-04	3.723860e-05	-3.723860e-05	-9.585686e-04	3.782002e-03
162           	1.489541e-03	4.573653e-21	2.823419e-03	-7.058546e-05	-2.370259e-03	3.723853e-05	6.741851e-04	8.153560e-04	3.723853e-05	-3.723853e-05	-9.585499e-04	3.781968e-03
163           	1.489538e-03	4.573454e-21	2.823404e-03	-7.058510e-05	-2.370234e-03	3.723845e-05	6.741839e-04	8.153542e-04	3.723845e-05	-3.723845e-05	-9.585318e-04	3.781936e-03
164           	1.489535e-03	4.573265e-21	2.823389e-03	-7.058473e-05	-2.370208e-03	3.723838e-05	6.741828e-04	8.153523e-04	3.723838e-05	-3.723838e-05	-9.585135e-04	3.781903e-03
165           	1.489532e-03	4.573080e-21	2.823374e-03	-7.058436e-05	-2.370182e-03	3.723830e-05	6.741816e-04	8.153503e-04	3.723830e-05	-3.723830e-05	-9.584949e-04	3.781869e-03
166           	1.489529e-03	4.572903e-21	2.823359e-03	-7.058398e-05	-2.370156e-03	3.723822e-05	6.741805e-04	8.153484e-04	3.723822e-05	-3.723822e-05	-9.584765e-04	3.781836e-03
167           	1.489526e-03	4.572731e-21	2.823344e-03	-7.058359e-05	-2.370129e-03	3.723814e-05	6.741793e-04	8.153465e-04	3.723814e-05	-3.723814e-05	-9.584576e-04	3.781801e-03
168           	1.489523e-03	4.572567e-21	2.823328e-03	-7.058320e-05	-2.370103e-03	3.723807e-05	6.741782e-04	8.153446e-04	3.723807e-05	-3.723807e-05	-9.584386e-04	3.781767e-03
169           	1.489520e-03	4.572424e-21	2.823313e-03	-7.058281e-05	-2.370076e-03	3.723799e-05	6.741771e-04	8.153427e-04	3.723799e-05	-3.723799e-05	-9.584198e-04	3.781732e-03
170           	1.489517e-03	4.572267e-21	2.823297e-03	-7.058243e-05	-2.370050e-03	3.723792e-05	6.741760e-04	8.153409e-04	3.723792e-05	-3.723792e-05	-9.584011e-04	3.781699e-03
171           	1.489514e-03	4.572136e-21	2.823282e-03	-7.058206e-05	-2.370024e-03	3.723785e-05	6.741750e-04	8.153391e-04	3.723785e-05	-3.723785e-05	-9.583827e-04	3.781665e-03
172           	1.489512e-03	4.571993e-21	2.823268e-03	-7.058169e-05	-2.369998e-03	3.723779e-05	6.741741e-04	8.153375e-04	3.723779e-05	-3.723779e-05	-9.583646e-04	3.781632e-03
173           	1.489509e-03	4.571862e-21	2.823253e-03	-7.058133e-05	-2.369973e-03	3.723773e-05	6.741732e-04	8.153359e-04	3.723773e-05	-3.723773e-05	-9.583467e-04	3.781600e-03
174           	1.489507e-03	4.571753e-21	2.823239e-03	-7.058098e-05	-2.369949e-03	3.723767e-05	6.741724e-04	8.153344e-04	3.723767e-05	-3.723767e-05	-9.583292e-04	3.781568e-03
175           	1.489504e-03	4.571629e-21	2.823226e-03	-7.058064e-05	-2.369925e-03	3.723761e-05	6.741716e-04	8.153329e-04	3.723761e-05	-3.723761e-05	-9.583125e-04	3.781538e-03
176           	1.489502e-03	4.571530e-21	2.823212e-03	-7.058031e-05	-2.369902e-03	3.723756e-05	6.741708e-04	8.153314e-04	3.723756e-05	-3.723756e-05	-9.582962e-04	3.781509e-03
177           	1.489500e-03	4.571421e-21	2.823200e-03	-7.057999e-05	-2.369881e-03	3.723750e-05	6.741700e-04	8.153300e-04	3.723750e-05	-3.723750e-05	-9.582808e-04	3.781480e-03
178           	1.489498e-03	4.571327e-21	2.823187e-03	-7.057969e-05	-2.369860e-03	3.723745e-05	6.741692e-04	8.153286e-04	3.723745e-05	-3.723745e-05	-9.582660e-04	3.781453e-03
179           	1.489496e-03	4.571240e-21	2.823176e-03	-7.057939e-05	-2.369840e-03	3.723739e-05	6.741684e-04	8.153272e-04	3.723739e-05	-3.723739e-05	-9.582522e-04	3.781428e-03
180           	1.489493e-03	4.571156e-21	2.823164e-03	-7.057910e-05	-2.369821e-03	3.723733e-05	6.741676e-04	8.153258e-04	3.723733e-05	-3.723733e-05	-9.582388e-04	3.781403e-03
181           	1.489491e-03	4.571088e-21	2.823153e-03	-7.057882e-05	-2.369802e-03	3.723728e-05	6.741668e-04	8.153245e-04	3.723728e-05	-3.723728e-05	-9.582256e-04	3.781379e-03
182           	1.489490e-03	4.571007e-21	2.823142e-03	-7.057855e-05	-2.369783e-03	3.723724e-05	6.741663e-04	8.153234e-04	3.723724e-05	-3.723724e-05	-9.582122e-04	3.781354e-03
183           	1.489488e-03	4.570939e-21	2.823132e-03	-7.057830e-05	-2.369766e-03	3.723721e-05	6.741658e-04	8.153224e-04	3.723721e-05	-3.723721e-05	-9.581996e-04	3.781332e-03
184           	1.489487e-03	4.570879e-21	2.823123e-03	-7.057807e-05	-2.369750e-03	3.723717e-05	6.741654e-04	8.153215e-04	3.723717e-05	-3.723717e-05	-9.581881e-04	3.781311e-03
185           	1.489485e-03	4.570825e-21	2.823114e-03	-7.057785e-05	-2.369735e-03	3.723713e-05	6.741648e-04	8.153205e-04	3.723713e-05	-3.723713e-05	-9.581778e-04	3.781292e-03
186           	1.489484e-03	4.570779e-21	2.823105e-03	-7.057763e-05	-2.369720e-03	3.723710e-05	6.741643e-04	8.153196e-04	3.723710e-05	-3.723710e-05	-9.581673e-04	3.781273e-03
187           	1.489483e-03	4.570724e-21	2.823097e-03	-7.057743e-05	-2.369706e-03	3.723707e-05	6.741640e-04	8.153188e-04	3.723707e-05	-3.723707e-05	-9.581571e-04	3.781254e-03
188           	1.489482e-03	4.570678e-21	2.823090e-03	-7.057724e-05	-2.369692e-03	3.723704e-05	6.741636e-04	8.153181e-04	3.723704e-05	-3.723704e-05	-9.581476e-04	3.781237e-03
189           	1.489481e-03	4.570649e-21	2.823083e-03	-7.057707e-05	-2.369681e-03	3.723701e-05	6.741632e-04	8.153173e-04	3.723701e-05	-3.723701e-05	-9.581394e-04	3.781222e-03
190           	1.489479e-03	4.570606e-21	2.823076e-03	-7.057690e-05	-2.369670e-03	3.723699e-05	6.741628e-04	8.153166e-04	3.723699e-05	-3.723699e-05	-9.581315e-04	3.781208e-03
191           	1.489479e-03	4.570571e-21	2.823070e-03	-7.057674e-05	-2.369659e-03	3.723696e-05	6.741625e-04	8.153160e-04	3.723696e-05	-3.723696e-05	-9.581238e-04	3.781194e-03
192           	1.489477e-03	4.570544e-21	2.823064e-03	-7.057660e-05	-2.369649e-03	3.723694e-05	6.741621e-04	8.153153e-04	3.723694e-05	-3.723694e-05	-9.581171e-04	3.781181e-03
193           	1.489476e-03	4.570519e-21	2.823058e-03	-7.057646e-05	-2.369640e-03	3.723691e-05	6.741617e-04	8.153147e-04	3.723691e-05	-3.723691e-05	-9.581109e-04	3.781169e-03
194           	1.489475e-03	4.570495e-21	2.823053e-03	-7.057633e-05	-2.369632e-03	3.723689e-05	6.741614e-04	8.153141e-04	3.723689e-05	-3.723689e-05	-9.581049e-04	3.781158e-03
195           	1.489475e-03	4.570475e-21	2.823048e-03	-7.057621e-05	-2.369623e-03	3.723687e-05	6.741611e-04	8.153135e-04	3.723687e-05	-3.723687e-05	-9.580993e-04	3.781148e-03
196           	1.489474e-03	4.570457e-21	2.823044e-03	-7.057609e-05	-2.369616e-03	3.723685e-05	6.741608e-04	8.153130e-04	3.723685e-05	-3.723685e-05	-9.580939e-04	3.781138e-03
197           	1.489473e-03	4.570441e-21	2.823040e-03	-7.057599e-05	-2.369609e-03	3.723683e-05	6.741606e-04	8.153126e-04	3.723683e-05	-3.723683e-05	-9.580890e-04	3.781129e-03
198           	1.489473e-03	4.570428e-21	2.823036e-03	-7.057589e-05	-2.369602e-03	3.723682e-05	6.741604e-04	8.153122e-04	3.723682e-05	-3.723682e-05	-9.580844e-04	3.781120e-03
199           	1.489472e-03	4.570414e-21	2.823032e-03	-7.057580e-05	-2.369596e-03	3.723681e-05	6.741603e-04	8.153119e-04	3.723681e-05	-3.723681e-05	-9.580800e-04	3.781112e-03
200           	1.489472e-03	4.570405e-21	2.823029e-03	-7.057572e-05	-2.369591e-03	3.723680e-05	6.741602e-04	8.153116e-04	3.723680e-05	-3.723680e-05	-9.580761e-04	3.781105e-03
201           	1.489471e-03	4.570397e-21	2.823026e-03	-7.057565e-05	-2.369586e-03	3.723678e-05	6.741600e-04	8.153113e-04	3.723678e-05	-3.723678e-05	-9.580727e-04	3.781099e-03
202           	1.489471e-03	4.570393e-21	2.823023e-03	-7.057559e-05	-2.369581e-03	3.723677e-05	6.741599e-04	8.153111e-04	3.723677e-05	-3.723677e-05	-9.580695e-04	3.781093e-03
203           	1.489471e-03	4.570386e-21	2.823021e-03	-7.057552e-05	-2.369577e-03	3.723677e-05	6.741598e-04	8.153109e-04	3.723677e-05	-3.723677e-05	-9.580667e-04	3.781088e-03
204           	1.489470e-03	4.570382e-21	2.823019e-03	-7.057547e-05	-2.369573e-03	3.723676e-05	6.741597e-04	8.153107e-04	3.723676e-05	-3.723676e-05	-9.580640e-04	3.781083e-03
205           	1.489470e-03	4.570378e-21	2.823017e-03	-7.057542e-05	-2.369570e-03	3.723675e-05	6.741596e-04	8.153105e-04	3.723675e-05	-3.723675e-05	-9.580616e-04	3.781078e-03
206           	1.489470e-03	4.570376e-21	2.823015e-03	-7.057537e-05	-2.369567e-03	3.723675e-05	6.741596e-04	8.153103e-04	3.723675e-05	-3.723675e-05	-9.580595e-04	3.781075e-03
207           	1.489470e-03	4.570375e-21	2.823013e-03	-7.057533e-05	-2.369564e-03	3.723674e-05	6.741595e-04	8.153102e-04	3.723674e-05	-3.723674e-05	-9.580576e-04	3.781071e-03
208           	1.489470e-03	4.570375e-21	2.823012e-03	-7.057530e-05	-2.369562e-03	3.723674e-05	6.741595e-04	8.153101e-04	3.723674e-05	-3.723674e-05	-9.580560e-04	3.781068e-03
209           	1.489469e-03	4.570376e-21	2.823011e-03	-7.057527e-05	-2.369560e-03	3.723673e-05	6.741594e-04	8.153099e-04	3.723673e-05	-3.723673e-05	-9.580545e-04	3.781065e-03
210           	1.489469e-03	4.570377e-21	2.823010e-03	-7.057524e-05	-2.369558e-03	3.723673e-05	6.741594e-04	8.153098e-04	3.723673e-05	-3.723673e-05	-9.580532e-04	3.781063e-03
211           	1.489469e-03	4.570379e-21	2.823009e-03	-7.057522e-05	-2.369556e-03	3.723673e-05	6.741593e-04	8.153098e-04	3.723673e-05	-3.723673e-05	-9.580521e-04	3.781061e-03
212           	1.489469e-03	4.570382e-21	2.823008e-03	-7.057519e-05	-2.369555e-03	3.723673e-05	6.741593e-04	8.153097e-04	3.723673e-05	-3.723673e-05	-9.580512e-04	3.781059e-03
