# Force coefficients
# dragDir     : (1.000000e+00 0.000000e+00 0.000000e+00)
# sideDir     : (0.000000e+00 0.000000e+00 -1.000000e+00)
# liftDir     : (0.000000e+00 1.000000e+00 0.000000e+00)
# rollAxis    : (1.000000e+00 0.000000e+00 0.000000e+00)
# pitchAxis   : (0.000000e+00 0.000000e+00 -1.000000e+00)
# yawAxis     : (0.000000e+00 1.000000e+00 0.000000e+00)
# magUInf     : 6.000000e-02
# lRef        : 1.000000e-01
# Aref        : 1.000000e-01
# CofR        : (0.000000e+00 0.000000e+00 0.000000e+00)
#
# Time        	Cd            	Cs            	Cl            	CmRoll        	CmPitch       	CmYaw         	Cd(f)         	Cd(r)         	Cs(f)         	Cs(r)         	Cl(f)         	Cl(r)         
1             	4.506071e-04	2.961511e-20	6.836016e-04	-1.709004e-05	-5.482366e-04	1.126518e-05	2.082135e-04	2.423936e-04	1.126518e-05	-1.126518e-05	-2.064358e-04	8.900374e-04
2             	1.921101e-03	1.470073e-19	3.181579e-03	-7.953948e-05	-2.876014e-03	4.802753e-05	8.810110e-04	1.040090e-03	4.802753e-05	-4.802753e-05	-1.285224e-03	4.466803e-03
3             	1.942533e-03	1.844599e-19	2.688614e-03	-6.721536e-05	-1.668858e-03	4.856332e-05	9.040511e-04	1.038482e-03	4.856332e-05	-4.856332e-05	-3.245505e-04	3.013165e-03
4             	1.709522e-03	5.918116e-20	2.131763e-03	-5.329408e-05	-9.365843e-04	4.273805e-05	8.014669e-04	9.080551e-04	4.273805e-05	-4.273805e-05	1.292974e-04	2.002466e-03
5             	1.460816e-03	-7.711649e-21	1.921234e-03	-4.803086e-05	-1.021342e-03	3.652041e-05	6.823773e-04	7.784390e-04	3.652041e-05	-3.652041e-05	-6.072484e-05	1.981959e-03
6             	1.016755e-03	-1.989025e-20	1.830950e-03	-4.577375e-05	-1.763782e-03	2.541888e-05	4.626038e-04	5.541513e-04	2.541888e-05	-2.541888e-05	-8.483074e-04	2.679257e-03
7             	7.788975e-04	-1.247530e-20	1.603279e-03	-4.008198e-05	-1.768139e-03	1.947244e-05	3.493668e-04	4.295307e-04	1.947244e-05	-1.947244e-05	-9.665000e-04	2.569779e-03
8             	7.280672e-04	-3.237270e-21	1.262617e-03	-3.156542e-05	-1.122175e-03	1.820168e-05	3.324682e-04	3.955990e-04	1.820168e-05	-1.820168e-05	-4.908662e-04	1.753483e-03
9             	7.964811e-04	2.274246e-21	1.204982e-03	-3.012456e-05	-8.391840e-04	1.991203e-05	3.681160e-04	4.283651e-04	1.991203e-05	-1.991203e-05	-2.366928e-04	1.441675e-03
10            	9.396963e-04	8.184131e-21	1.443544e-03	-3.608859e-05	-1.056040e-03	2.349241e-05	4.337595e-04	5.059367e-04	2.349241e-05	-2.349241e-05	-3.342686e-04	1.777812e-03
11            	1.114422e-03	1.308660e-20	1.865612e-03	-4.664031e-05	-1.600565e-03	2.786055e-05	5.105707e-04	6.038513e-04	2.786055e-05	-2.786055e-05	-6.677586e-04	2.533371e-03
12            	1.261535e-03	1.623205e-20	2.294312e-03	-5.735779e-05	-2.206865e-03	3.153838e-05	5.734098e-04	6.881254e-04	3.153838e-05	-3.153838e-05	-1.059709e-03	3.354021e-03
13            	1.357598e-03	1.833255e-20	2.660645e-03	-6.651613e-05	-2.769943e-03	3.393996e-05	6.122830e-04	7.453153e-04	3.393996e-05	-3.393996e-05	-1.439621e-03	4.100266e-03
14            	1.404813e-03	1.941529e-20	2.918553e-03	-7.296382e-05	-3.191107e-03	3.512034e-05	6.294429e-04	7.753705e-04	3.512034e-05	-3.512034e-05	-1.731831e-03	4.650384e-03
15            	1.431297e-03	1.982703e-20	3.087887e-03	-7.719718e-05	-3.462363e-03	3.578244e-05	6.384515e-04	7.928459e-04	3.578244e-05	-3.578244e-05	-1.918419e-03	5.006306e-03
16            	1.447059e-03	2.036573e-20	3.212161e-03	-8.030402e-05	-3.661998e-03	3.617648e-05	6.432256e-04	8.038337e-04	3.617648e-05	-3.617648e-05	-2.055917e-03	5.268078e-03
17            	1.454430e-03	2.104509e-20	3.316368e-03	-8.290921e-05	-3.839373e-03	3.636075e-05	6.443058e-04	8.101243e-04	3.636075e-05	-3.636075e-05	-2.181189e-03	5.497558e-03
18            	1.454465e-03	2.170384e-20	3.403801e-03	-8.509504e-05	-3.999717e-03	3.636163e-05	6.421376e-04	8.123276e-04	3.636163e-05	-3.636163e-05	-2.297816e-03	5.701617e-03
19            	1.450531e-03	2.232732e-20	3.473968e-03	-8.684920e-05	-4.135072e-03	3.626327e-05	6.384162e-04	8.121146e-04	3.626327e-05	-3.626327e-05	-2.398088e-03	5.872055e-03
20            	1.446007e-03	2.287184e-20	3.527426e-03	-8.818566e-05	-4.238962e-03	3.615018e-05	6.348180e-04	8.111893e-04	3.615018e-05	-3.615018e-05	-2.475249e-03	6.002675e-03
21            	1.440871e-03	2.331292e-20	3.567153e-03	-8.917883e-05	-4.317587e-03	3.602177e-05	6.312565e-04	8.096142e-04	3.602177e-05	-3.602177e-05	-2.534010e-03	6.101164e-03
22            	1.436089e-03	2.368172e-20	3.596201e-03	-8.990502e-05	-4.375060e-03	3.590223e-05	6.281397e-04	8.079497e-04	3.590223e-05	-3.590223e-05	-2.576960e-03	6.173161e-03
23            	1.432068e-03	2.402137e-20	3.617576e-03	-9.043940e-05	-4.416635e-03	3.580169e-05	6.255944e-04	8.064732e-04	3.580169e-05	-3.580169e-05	-2.607847e-03	6.225423e-03
24            	1.428475e-03	2.436424e-20	3.632963e-03	-9.082407e-05	-4.446294e-03	3.571188e-05	6.234136e-04	8.050617e-04	3.571188e-05	-3.571188e-05	-2.629813e-03	6.262776e-03
25            	1.425349e-03	2.465134e-20	3.644563e-03	-9.111408e-05	-4.468513e-03	3.563373e-05	6.215605e-04	8.037886e-04	3.563373e-05	-3.563373e-05	-2.646231e-03	6.290794e-03
26            	1.421685e-03	2.487956e-20	3.651857e-03	-9.129642e-05	-4.483581e-03	3.554213e-05	6.195461e-04	8.021390e-04	3.554213e-05	-3.554213e-05	-2.657652e-03	6.309509e-03
27            	1.417285e-03	2.503441e-20	3.654884e-03	-9.137211e-05	-4.491689e-03	3.543212e-05	6.172702e-04	8.000144e-04	3.543212e-05	-3.543212e-05	-2.664247e-03	6.319131e-03
28            	1.412559e-03	2.512150e-20	3.653783e-03	-9.134457e-05	-4.492087e-03	3.531398e-05	6.149351e-04	7.976243e-04	3.531398e-05	-3.531398e-05	-2.665196e-03	6.318979e-03
29            	1.407769e-03	2.514987e-20	3.648892e-03	-9.122229e-05	-4.484895e-03	3.519423e-05	6.126623e-04	7.951069e-04	3.519423e-05	-3.519423e-05	-2.660449e-03	6.309341e-03
30            	1.403026e-03	2.514106e-20	3.640788e-03	-9.101969e-05	-4.471114e-03	3.507565e-05	6.104933e-04	7.925326e-04	3.507565e-05	-3.507565e-05	-2.650720e-03	6.291508e-03
31            	1.398327e-03	2.510078e-20	3.630138e-03	-9.075344e-05	-4.452196e-03	3.495818e-05	6.084102e-04	7.899171e-04	3.495818e-05	-3.495818e-05	-2.637127e-03	6.267265e-03
32            	1.393564e-03	2.503381e-20	3.617303e-03	-9.043257e-05	-4.429153e-03	3.483910e-05	6.063494e-04	7.872145e-04	3.483910e-05	-3.483910e-05	-2.620502e-03	6.237804e-03
33            	1.388617e-03	2.494344e-20	3.602356e-03	-9.005891e-05	-4.402382e-03	3.471542e-05	6.042494e-04	7.843673e-04	3.471542e-05	-3.471542e-05	-2.601204e-03	6.203560e-03
34            	1.383384e-03	2.483111e-20	3.585069e-03	-8.962673e-05	-4.371581e-03	3.458461e-05	6.020654e-04	7.813189e-04	3.458461e-05	-3.458461e-05	-2.579046e-03	6.164116e-03
35            	1.377884e-03	2.469719e-20	3.565344e-03	-8.913361e-05	-4.336504e-03	3.444709e-05	5.998082e-04	7.780754e-04	3.444709e-05	-3.444709e-05	-2.553832e-03	6.119177e-03
36            	1.372333e-03	2.454533e-20	3.543631e-03	-8.859077e-05	-4.297694e-03	3.430833e-05	5.975758e-04	7.747574e-04	3.430833e-05	-3.430833e-05	-2.525879e-03	6.069510e-03
37            	1.366972e-03	2.438293e-20	3.520226e-03	-8.800565e-05	-4.255271e-03	3.417429e-05	5.954801e-04	7.714914e-04	3.417429e-05	-3.417429e-05	-2.495158e-03	6.015384e-03
38            	1.361740e-03	2.421529e-20	3.496035e-03	-8.740088e-05	-4.211343e-03	3.404349e-05	5.934690e-04	7.682708e-04	3.404349e-05	-3.404349e-05	-2.463326e-03	5.959361e-03
39            	1.356703e-03	2.404699e-20	3.471293e-03	-8.678232e-05	-4.166272e-03	3.391758e-05	5.915694e-04	7.651340e-04	3.391758e-05	-3.391758e-05	-2.430625e-03	5.901918e-03
40            	1.351861e-03	2.388134e-20	3.446361e-03	-8.615903e-05	-4.120793e-03	3.379653e-05	5.897716e-04	7.620896e-04	3.379653e-05	-3.379653e-05	-2.397612e-03	5.843974e-03
41            	1.347188e-03	2.371964e-20	3.421382e-03	-8.553455e-05	-4.075234e-03	3.367970e-05	5.880595e-04	7.591286e-04	3.367970e-05	-3.367970e-05	-2.364543e-03	5.785925e-03
42            	1.342627e-03	2.357598e-20	3.396503e-03	-8.491256e-05	-4.029945e-03	3.356568e-05	5.864010e-04	7.562261e-04	3.356568e-05	-3.356568e-05	-2.331694e-03	5.728197e-03
43            	1.338631e-03	2.345881e-20	3.372353e-03	-8.430883e-05	-3.985418e-03	3.346577e-05	5.850065e-04	7.536242e-04	3.346577e-05	-3.346577e-05	-2.299241e-03	5.671594e-03
44            	1.335100e-03	2.332910e-20	3.348866e-03	-8.372164e-05	-3.941581e-03	3.337751e-05	5.838285e-04	7.512718e-04	3.337751e-05	-3.337751e-05	-2.267148e-03	5.616014e-03
45            	1.331634e-03	2.318383e-20	3.326214e-03	-8.315534e-05	-3.899580e-03	3.329086e-05	5.826619e-04	7.489726e-04	3.329086e-05	-3.329086e-05	-2.236473e-03	5.562686e-03
46            	1.328342e-03	2.304262e-20	3.304479e-03	-8.261197e-05	-3.859396e-03	3.320854e-05	5.815588e-04	7.467828e-04	3.320854e-05	-3.320854e-05	-2.207157e-03	5.511635e-03
47            	1.325250e-03	2.290536e-20	3.283474e-03	-8.208685e-05	-3.820521e-03	3.313124e-05	5.805379e-04	7.447116e-04	3.313124e-05	-3.313124e-05	-2.178784e-03	5.462258e-03
48            	1.322298e-03	2.277140e-20	3.263202e-03	-8.158004e-05	-3.783058e-03	3.305746e-05	5.795691e-04	7.427292e-04	3.305746e-05	-3.305746e-05	-2.151457e-03	5.414659e-03
49            	1.319501e-03	2.264154e-20	3.243727e-03	-8.109318e-05	-3.747104e-03	3.298752e-05	5.786573e-04	7.408437e-04	3.298752e-05	-3.298752e-05	-2.125240e-03	5.368968e-03
50            	1.316876e-03	2.251679e-20	3.225113e-03	-8.062783e-05	-3.712740e-03	3.292189e-05	5.778100e-04	7.390656e-04	3.292189e-05	-3.292189e-05	-2.100184e-03	5.325297e-03
51            	1.314425e-03	2.239776e-20	3.207408e-03	-8.018520e-05	-3.680053e-03	3.286064e-05	5.770275e-04	7.373979e-04	3.286064e-05	-3.286064e-05	-2.076349e-03	5.283757e-03
52            	1.312150e-03	2.228478e-20	3.190642e-03	-7.976604e-05	-3.649097e-03	3.280376e-05	5.763091e-04	7.358412e-04	3.280376e-05	-3.280376e-05	-2.053776e-03	5.244418e-03
53            	1.310046e-03	2.217786e-20	3.174822e-03	-7.937056e-05	-3.619886e-03	3.275115e-05	5.756524e-04	7.343935e-04	3.275115e-05	-3.275115e-05	-2.032475e-03	5.207297e-03
54            	1.308101e-03	2.207679e-20	3.159938e-03	-7.899846e-05	-3.592407e-03	3.270252e-05	5.750520e-04	7.330489e-04	3.270252e-05	-3.270252e-05	-2.012438e-03	5.172376e-03
55            	1.306304e-03	2.198132e-20	3.145964e-03	-7.864910e-05	-3.566620e-03	3.265759e-05	5.745027e-04	7.318009e-04	3.265759e-05	-3.265759e-05	-1.993638e-03	5.139602e-03
56            	1.304645e-03	2.189111e-20	3.132869e-03	-7.832172e-05	-3.542469e-03	3.261612e-05	5.740006e-04	7.306440e-04	3.261612e-05	-3.261612e-05	-1.976035e-03	5.108904e-03
57            	1.303116e-03	2.180592e-20	3.120623e-03	-7.801558e-05	-3.519901e-03	3.257790e-05	5.735424e-04	7.295736e-04	3.257790e-05	-3.257790e-05	-1.959590e-03	5.080213e-03
58            	1.301710e-03	2.172549e-20	3.109198e-03	-7.772995e-05	-3.498867e-03	3.254275e-05	5.731251e-04	7.285850e-04	3.254275e-05	-3.254275e-05	-1.944268e-03	5.053466e-03
59            	1.300418e-03	2.164968e-20	3.098567e-03	-7.746417e-05	-3.479320e-03	3.251046e-05	5.727451e-04	7.276734e-04	3.251046e-05	-3.251046e-05	-1.930037e-03	5.028604e-03
60            	1.299233e-03	2.157835e-20	3.088701e-03	-7.721752e-05	-3.461214e-03	3.248082e-05	5.723989e-04	7.268339e-04	3.248082e-05	-3.248082e-05	-1.916863e-03	5.005564e-03
61            	1.298146e-03	2.151141e-20	3.079569e-03	-7.698923e-05	-3.444492e-03	3.245365e-05	5.720838e-04	7.260623e-04	3.245365e-05	-3.245365e-05	-1.904708e-03	4.984277e-03
62            	1.297153e-03	2.144881e-20	3.071142e-03	-7.677855e-05	-3.429097e-03	3.242884e-05	5.717982e-04	7.253553e-04	3.242884e-05	-3.242884e-05	-1.893527e-03	4.964668e-03
63            	1.296251e-03	2.139048e-20	3.063390e-03	-7.658475e-05	-3.414972e-03	3.240627e-05	5.715406e-04	7.247101e-04	3.240627e-05	-3.240627e-05	-1.883277e-03	4.946667e-03
64            	1.295434e-03	2.133642e-20	3.056284e-03	-7.640711e-05	-3.402058e-03	3.238586e-05	5.713100e-04	7.241243e-04	3.238586e-05	-3.238586e-05	-1.873916e-03	4.930200e-03
65            	1.294701e-03	2.128660e-20	3.049796e-03	-7.624491e-05	-3.390295e-03	3.236753e-05	5.711057e-04	7.235955e-04	3.236753e-05	-3.236753e-05	-1.865397e-03	4.915193e-03
66            	1.294031e-03	2.123885e-20	3.043899e-03	-7.609747e-05	-3.379664e-03	3.235078e-05	5.709181e-04	7.231131e-04	3.235078e-05	-3.235078e-05	-1.857714e-03	4.901613e-03
67            	1.293449e-03	2.119386e-20	3.038572e-03	-7.596429e-05	-3.370070e-03	3.233624e-05	5.707604e-04	7.226890e-04	3.233624e-05	-3.233624e-05	-1.850784e-03	4.889356e-03
68            	1.292979e-03	2.115806e-20	3.033965e-03	-7.584912e-05	-3.361801e-03	3.232447e-05	5.706403e-04	7.223385e-04	3.232447e-05	-3.232447e-05	-1.844819e-03	4.878784e-03
69            	1.292502e-03	2.112790e-20	3.029657e-03	-7.574142e-05	-3.354146e-03	3.231256e-05	5.705098e-04	7.219926e-04	3.231256e-05	-3.231256e-05	-1.839318e-03	4.868975e-03
70            	1.292140e-03	2.109950e-20	3.025914e-03	-7.564786e-05	-3.347474e-03	3.230349e-05	5.704220e-04	7.217177e-04	3.230349e-05	-3.230349e-05	-1.834517e-03	4.860431e-03
71            	1.291834e-03	2.107575e-20	3.022651e-03	-7.556626e-05	-3.341691e-03	3.229585e-05	5.703507e-04	7.214832e-04	3.229585e-05	-3.229585e-05	-1.830365e-03	4.853016e-03
72            	1.291565e-03	2.105506e-20	3.019773e-03	-7.549433e-05	-3.336641e-03	3.228913e-05	5.702884e-04	7.212770e-04	3.228913e-05	-3.228913e-05	-1.826754e-03	4.846527e-03
73            	1.291349e-03	2.103677e-20	3.017255e-03	-7.543139e-05	-3.332234e-03	3.228373e-05	5.702432e-04	7.211060e-04	3.228373e-05	-3.228373e-05	-1.823607e-03	4.840862e-03
74            	1.291183e-03	2.102061e-20	3.015093e-03	-7.537731e-05	-3.328469e-03	3.227957e-05	5.702140e-04	7.209687e-04	3.227957e-05	-3.227957e-05	-1.820923e-03	4.836015e-03
75            	1.291058e-03	2.100651e-20	3.013263e-03	-7.533158e-05	-3.325315e-03	3.227645e-05	5.701973e-04	7.208605e-04	3.227645e-05	-3.227645e-05	-1.818684e-03	4.831947e-03
76            	1.290965e-03	2.099431e-20	3.011731e-03	-7.529328e-05	-3.322713e-03	3.227414e-05	5.701895e-04	7.207760e-04	3.227414e-05	-3.227414e-05	-1.816848e-03	4.828579e-03
77            	1.290893e-03	2.098319e-20	3.010453e-03	-7.526133e-05	-3.320596e-03	3.227233e-05	5.701853e-04	7.207079e-04	3.227233e-05	-3.227233e-05	-1.815369e-03	4.825822e-03
78            	1.290842e-03	2.097257e-20	3.009409e-03	-7.523522e-05	-3.318916e-03	3.227105e-05	5.701858e-04	7.206562e-04	3.227105e-05	-3.227105e-05	-1.814212e-03	4.823621e-03
79            	1.290813e-03	2.096363e-20	3.008576e-03	-7.521440e-05	-3.317627e-03	3.227031e-05	5.701919e-04	7.206207e-04	3.227031e-05	-3.227031e-05	-1.813339e-03	4.821915e-03
80            	1.290805e-03	2.095643e-20	3.007940e-03	-7.519849e-05	-3.316697e-03	3.227014e-05	5.702042e-04	7.206012e-04	3.227014e-05	-3.227014e-05	-1.812727e-03	4.820667e-03
81            	1.290820e-03	2.095098e-20	3.007483e-03	-7.518708e-05	-3.316092e-03	3.227049e-05	5.702227e-04	7.205969e-04	3.227049e-05	-3.227049e-05	-1.812351e-03	4.819834e-03
82            	1.290853e-03	2.094715e-20	3.007190e-03	-7.517974e-05	-3.315781e-03	3.227133e-05	5.702469e-04	7.206063e-04	3.227133e-05	-3.227133e-05	-1.812186e-03	4.819376e-03
83            	1.290905e-03	2.094479e-20	3.007045e-03	-7.517613e-05	-3.315736e-03	3.227262e-05	5.702763e-04	7.206286e-04	3.227262e-05	-3.227262e-05	-1.812213e-03	4.819258e-03
84            	1.290974e-03	2.094386e-20	3.007035e-03	-7.517587e-05	-3.315929e-03	3.227434e-05	5.703110e-04	7.206628e-04	3.227434e-05	-3.227434e-05	-1.812412e-03	4.819447e-03
85            	1.291041e-03	2.094411e-20	3.007107e-03	-7.517768e-05	-3.316283e-03	3.227602e-05	5.703427e-04	7.206981e-04	3.227602e-05	-3.227602e-05	-1.812729e-03	4.819836e-03
86            	1.291126e-03	2.094486e-20	3.007289e-03	-7.518222e-05	-3.316819e-03	3.227814e-05	5.703807e-04	7.207451e-04	3.227814e-05	-3.227814e-05	-1.813175e-03	4.820464e-03
87            	1.291243e-03	2.094665e-20	3.007597e-03	-7.518992e-05	-3.317551e-03	3.228108e-05	5.704317e-04	7.208116e-04	3.228108e-05	-3.228108e-05	-1.813753e-03	4.821350e-03
88            	1.291374e-03	2.094930e-20	3.008019e-03	-7.520049e-05	-3.318489e-03	3.228436e-05	5.704868e-04	7.208877e-04	3.228436e-05	-3.228436e-05	-1.814479e-03	4.822498e-03
89            	1.291511e-03	2.095268e-20	3.008540e-03	-7.521351e-05	-3.319612e-03	3.228779e-05	5.705422e-04	7.209692e-04	3.228779e-05	-3.228779e-05	-1.815342e-03	4.823882e-03
90            	1.291653e-03	2.095670e-20	3.009146e-03	-7.522864e-05	-3.320893e-03	3.229133e-05	5.705980e-04	7.210553e-04	3.229133e-05	-3.229133e-05	-1.816320e-03	4.825466e-03
91            	1.291803e-03	2.096127e-20	3.009828e-03	-7.524570e-05	-3.322308e-03	3.229508e-05	5.706559e-04	7.211473e-04	3.229508e-05	-3.229508e-05	-1.817394e-03	4.827222e-03
92            	1.291963e-03	2.096633e-20	3.010582e-03	-7.526455e-05	-3.323840e-03	3.229907e-05	5.707169e-04	7.212459e-04	3.229907e-05	-3.229907e-05	-1.818549e-03	4.829131e-03
93            	1.292132e-03	2.097182e-20	3.011405e-03	-7.528512e-05	-3.325486e-03	3.230331e-05	5.707811e-04	7.213514e-04	3.230331e-05	-3.230331e-05	-1.819784e-03	4.831189e-03
94            	1.292311e-03	2.097769e-20	3.012294e-03	-7.530735e-05	-3.327244e-03	3.230777e-05	5.708480e-04	7.214627e-04	3.230777e-05	-3.230777e-05	-1.821097e-03	4.833391e-03
95            	1.292495e-03	2.098390e-20	3.013245e-03	-7.533113e-05	-3.329107e-03	3.231237e-05	5.709163e-04	7.215786e-04	3.231237e-05	-3.231237e-05	-1.822484e-03	4.835729e-03
96            	1.292682e-03	2.099038e-20	3.014249e-03	-7.535623e-05	-3.331063e-03	3.231706e-05	5.709850e-04	7.216974e-04	3.231706e-05	-3.231706e-05	-1.823939e-03	4.838188e-03
97            	1.292871e-03	2.099708e-20	3.015296e-03	-7.538241e-05	-3.333095e-03	3.232178e-05	5.710531e-04	7.218179e-04	3.232178e-05	-3.232178e-05	-1.825447e-03	4.840744e-03
98            	1.293060e-03	2.100395e-20	3.016378e-03	-7.540945e-05	-3.335187e-03	3.232650e-05	5.711206e-04	7.219395e-04	3.232650e-05	-3.232650e-05	-1.826998e-03	4.843376e-03
99            	1.293248e-03	2.101094e-20	3.017484e-03	-7.543710e-05	-3.337319e-03	3.233121e-05	5.711871e-04	7.220613e-04	3.233121e-05	-3.233121e-05	-1.828577e-03	4.846061e-03
100           	1.293435e-03	2.101802e-20	3.018607e-03	-7.546519e-05	-3.339479e-03	3.233587e-05	5.712523e-04	7.221826e-04	3.233587e-05	-3.233587e-05	-1.830175e-03	4.848782e-03
101           	1.293620e-03	2.102518e-20	3.019745e-03	-7.549363e-05	-3.341660e-03	3.234049e-05	5.713163e-04	7.223035e-04	3.234049e-05	-3.234049e-05	-1.831788e-03	4.851533e-03
102           	1.293802e-03	2.103238e-20	3.020889e-03	-7.552222e-05	-3.343849e-03	3.234504e-05	5.713786e-04	7.224231e-04	3.234504e-05	-3.234504e-05	-1.833404e-03	4.854293e-03
103           	1.293980e-03	2.103961e-20	3.022034e-03	-7.555084e-05	-3.346037e-03	3.234949e-05	5.714389e-04	7.225406e-04	3.234949e-05	-3.234949e-05	-1.835020e-03	4.857054e-03
104           	1.294154e-03	2.104685e-20	3.023175e-03	-7.557937e-05	-3.348215e-03	3.235384e-05	5.714974e-04	7.226561e-04	3.235384e-05	-3.235384e-05	-1.836627e-03	4.859802e-03
105           	1.294323e-03	2.105408e-20	3.024307e-03	-7.560768e-05	-3.350373e-03	3.235808e-05	5.715540e-04	7.227693e-04	3.235808e-05	-3.235808e-05	-1.838219e-03	4.862526e-03
106           	1.294489e-03	2.106127e-20	3.025427e-03	-7.563568e-05	-3.352504e-03	3.236222e-05	5.716086e-04	7.228800e-04	3.236222e-05	-3.236222e-05	-1.839791e-03	4.865218e-03
107           	1.294651e-03	2.106842e-20	3.026531e-03	-7.566328e-05	-3.354601e-03	3.236626e-05	5.716620e-04	7.229886e-04	3.236626e-05	-3.236626e-05	-1.841335e-03	4.867866e-03
108           	1.294808e-03	2.107550e-20	3.027614e-03	-7.569036e-05	-3.356653e-03	3.237020e-05	5.717137e-04	7.230944e-04	3.237020e-05	-3.237020e-05	-1.842846e-03	4.870460e-03
109           	1.294959e-03	2.108249e-20	3.028678e-03	-7.571695e-05	-3.358669e-03	3.237398e-05	5.717626e-04	7.231965e-04	3.237398e-05	-3.237398e-05	-1.844331e-03	4.873008e-03
110           	1.295105e-03	2.108938e-20	3.029714e-03	-7.574285e-05	-3.360629e-03	3.237763e-05	5.718098e-04	7.232955e-04	3.237763e-05	-3.237763e-05	-1.845772e-03	4.875486e-03
111           	1.295246e-03	2.109613e-20	3.030720e-03	-7.576800e-05	-3.362529e-03	3.238116e-05	5.718551e-04	7.233911e-04	3.238116e-05	-3.238116e-05	-1.847169e-03	4.877889e-03
112           	1.295382e-03	2.110270e-20	3.031693e-03	-7.579233e-05	-3.364363e-03	3.238454e-05	5.718985e-04	7.234832e-04	3.238454e-05	-3.238454e-05	-1.848517e-03	4.880210e-03
113           	1.295511e-03	2.110907e-20	3.032633e-03	-7.581581e-05	-3.366131e-03	3.238779e-05	5.719399e-04	7.235716e-04	3.238779e-05	-3.238779e-05	-1.849815e-03	4.882447e-03
114           	1.295636e-03	2.111525e-20	3.033538e-03	-7.583844e-05	-3.367831e-03	3.239090e-05	5.719796e-04	7.236564e-04	3.239090e-05	-3.239090e-05	-1.851062e-03	4.884600e-03
115           	1.295760e-03	2.112119e-20	3.034405e-03	-7.586012e-05	-3.369447e-03	3.239401e-05	5.720201e-04	7.237403e-04	3.239401e-05	-3.239401e-05	-1.852245e-03	4.886650e-03
116           	1.295880e-03	2.112682e-20	3.035238e-03	-7.588094e-05	-3.370996e-03	3.239700e-05	5.720590e-04	7.238209e-04	3.239700e-05	-3.239700e-05	-1.853377e-03	4.888615e-03
117           	1.295991e-03	2.113223e-20	3.036040e-03	-7.590100e-05	-3.372493e-03	3.239976e-05	5.720943e-04	7.238963e-04	3.239976e-05	-3.239976e-05	-1.854473e-03	4.890513e-03
118           	1.296094e-03	2.113743e-20	3.036810e-03	-7.592026e-05	-3.373933e-03	3.240235e-05	5.721268e-04	7.239674e-04	3.240235e-05	-3.240235e-05	-1.855528e-03	4.892338e-03
119           	1.296192e-03	2.114243e-20	3.037546e-03	-7.593866e-05	-3.375308e-03	3.240479e-05	5.721572e-04	7.240345e-04	3.240479e-05	-3.240479e-05	-1.856535e-03	4.894081e-03
120           	1.296283e-03	2.114721e-20	3.038247e-03	-7.595618e-05	-3.376617e-03	3.240709e-05	5.721855e-04	7.240979e-04	3.240709e-05	-3.240709e-05	-1.857494e-03	4.895741e-03
121           	1.296369e-03	2.115176e-20	3.038913e-03	-7.597284e-05	-3.377861e-03	3.240923e-05	5.722119e-04	7.241575e-04	3.240923e-05	-3.240923e-05	-1.858404e-03	4.897318e-03
122           	1.296450e-03	2.115610e-20	3.039545e-03	-7.598863e-05	-3.379040e-03	3.241125e-05	5.722363e-04	7.242136e-04	3.241125e-05	-3.241125e-05	-1.859267e-03	4.898813e-03
123           	1.296525e-03	2.116021e-20	3.040144e-03	-7.600359e-05	-3.380156e-03	3.241313e-05	5.722591e-04	7.242663e-04	3.241313e-05	-3.241313e-05	-1.860084e-03	4.900227e-03
124           	1.296596e-03	2.116411e-20	3.040709e-03	-7.601771e-05	-3.381208e-03	3.241490e-05	5.722802e-04	7.243156e-04	3.241490e-05	-3.241490e-05	-1.860854e-03	4.901562e-03
125           	1.296662e-03	2.116780e-20	3.041241e-03	-7.603102e-05	-3.382198e-03	3.241654e-05	5.722999e-04	7.243619e-04	3.241654e-05	-3.241654e-05	-1.861578e-03	4.902819e-03
126           	1.296723e-03	2.117127e-20	3.041742e-03	-7.604354e-05	-3.383128e-03	3.241808e-05	5.723181e-04	7.244052e-04	3.241808e-05	-3.241808e-05	-1.862258e-03	4.903999e-03
127           	1.296781e-03	2.117454e-20	3.042211e-03	-7.605528e-05	-3.383999e-03	3.241952e-05	5.723351e-04	7.244456e-04	3.241952e-05	-3.241952e-05	-1.862894e-03	4.905105e-03
128           	1.296834e-03	2.117761e-20	3.042651e-03	-7.606627e-05	-3.384814e-03	3.242085e-05	5.723507e-04	7.244833e-04	3.242085e-05	-3.242085e-05	-1.863488e-03	4.906139e-03
129           	1.296883e-03	2.118049e-20	3.043061e-03	-7.607653e-05	-3.385573e-03	3.242208e-05	5.723652e-04	7.245182e-04	3.242208e-05	-3.242208e-05	-1.864042e-03	4.907104e-03
130           	1.296929e-03	2.118318e-20	3.043444e-03	-7.608609e-05	-3.386279e-03	3.242322e-05	5.723784e-04	7.245506e-04	3.242322e-05	-3.242322e-05	-1.864557e-03	4.908001e-03
131           	1.296971e-03	2.118568e-20	3.043799e-03	-7.609497e-05	-3.386934e-03	3.242427e-05	5.723904e-04	7.245804e-04	3.242427e-05	-3.242427e-05	-1.865035e-03	4.908834e-03
132           	1.297009e-03	2.118801e-20	3.044128e-03	-7.610320e-05	-3.387540e-03	3.242523e-05	5.724014e-04	7.246078e-04	3.242523e-05	-3.242523e-05	-1.865476e-03	4.909604e-03
133           	1.297044e-03	2.119018e-20	3.044432e-03	-7.611079e-05	-3.388098e-03	3.242611e-05	5.724113e-04	7.246329e-04	3.242611e-05	-3.242611e-05	-1.865882e-03	4.910314e-03
134           	1.297076e-03	2.119218e-20	3.044711e-03	-7.611779e-05	-3.388612e-03	3.242690e-05	5.724203e-04	7.246559e-04	3.242690e-05	-3.242690e-05	-1.866256e-03	4.910967e-03
135           	1.297105e-03	2.119403e-20	3.044968e-03	-7.612421e-05	-3.389082e-03	3.242763e-05	5.724284e-04	7.246768e-04	3.242763e-05	-3.242763e-05	-1.866598e-03	4.911566e-03
136           	1.297131e-03	2.119573e-20	3.045204e-03	-7.613010e-05	-3.389512e-03	3.242829e-05	5.724356e-04	7.246958e-04	3.242829e-05	-3.242829e-05	-1.866910e-03	4.912114e-03
137           	1.297155e-03	2.119729e-20	3.045419e-03	-7.613547e-05	-3.389904e-03	3.242888e-05	5.724421e-04	7.247130e-04	3.242888e-05	-3.242888e-05	-1.867194e-03	4.912613e-03
138           	1.297176e-03	2.119872e-20	3.045614e-03	-7.614035e-05	-3.390259e-03	3.242941e-05	5.724478e-04	7.247285e-04	3.242941e-05	-3.242941e-05	-1.867452e-03	4.913066e-03
139           	1.297195e-03	2.120002e-20	3.045791e-03	-7.614478e-05	-3.390580e-03	3.242988e-05	5.724528e-04	7.247423e-04	3.242988e-05	-3.242988e-05	-1.867684e-03	4.913475e-03
140           	1.297212e-03	2.120120e-20	3.045951e-03	-7.614877e-05	-3.390868e-03	3.243030e-05	5.724572e-04	7.247547e-04	3.243030e-05	-3.243030e-05	-1.867893e-03	4.913844e-03
141           	1.297227e-03	2.120226e-20	3.046095e-03	-7.615236e-05	-3.391127e-03	3.243067e-05	5.724610e-04	7.247657e-04	3.243067e-05	-3.243067e-05	-1.868079e-03	4.914174e-03
142           	1.297240e-03	2.120322e-20	3.046223e-03	-7.615557e-05	-3.391357e-03	3.243099e-05	5.724642e-04	7.247754e-04	3.243099e-05	-3.243099e-05	-1.868245e-03	4.914468e-03
143           	1.297250e-03	2.120407e-20	3.046333e-03	-7.615833e-05	-3.391554e-03	3.243124e-05	5.724666e-04	7.247832e-04	3.243124e-05	-3.243124e-05	-1.868387e-03	4.914720e-03
144           	1.297260e-03	2.120479e-20	3.046435e-03	-7.616087e-05	-3.391732e-03	3.243151e-05	5.724693e-04	7.247910e-04	3.243151e-05	-3.243151e-05	-1.868515e-03	4.914950e-03
145           	1.297268e-03	2.120547e-20	3.046523e-03	-7.616307e-05	-3.391887e-03	3.243171e-05	5.724711e-04	7.247972e-04	3.243171e-05	-3.243171e-05	-1.868626e-03	4.915149e-03
146           	1.297275e-03	2.120604e-20	3.046599e-03	-7.616497e-05	-3.392020e-03	3.243187e-05	5.724725e-04	7.248024e-04	3.243187e-05	-3.243187e-05	-1.868721e-03	4.915319e-03
147           	1.297281e-03	2.120654e-20	3.046665e-03	-7.616662e-05	-3.392134e-03	3.243202e-05	5.724737e-04	7.248070e-04	3.243202e-05	-3.243202e-05	-1.868802e-03	4.915466e-03
148           	1.297285e-03	2.120700e-20	3.046722e-03	-7.616806e-05	-3.392232e-03	3.243214e-05	5.724747e-04	7.248108e-04	3.243214e-05	-3.243214e-05	-1.868871e-03	4.915594e-03
149           	1.297289e-03	2.120742e-20	3.046771e-03	-7.616928e-05	-3.392315e-03	3.243223e-05	5.724752e-04	7.248138e-04	3.243223e-05	-3.243223e-05	-1.868930e-03	4.915701e-03
150           	1.297292e-03	2.120776e-20	3.046812e-03	-7.617030e-05	-3.392383e-03	3.243229e-05	5.724755e-04	7.248161e-04	3.243229e-05	-3.243229e-05	-1.868977e-03	4.915789e-03
151           	1.297293e-03	2.120804e-20	3.046846e-03	-7.617114e-05	-3.392438e-03	3.243233e-05	5.724755e-04	7.248177e-04	3.243233e-05	-3.243233e-05	-1.869015e-03	4.915861e-03
152           	1.297294e-03	2.120827e-20	3.046873e-03	-7.617181e-05	-3.392480e-03	3.243235e-05	5.724752e-04	7.248189e-04	3.243235e-05	-3.243235e-05	-1.869044e-03	4.915917e-03
153           	1.297294e-03	2.120844e-20	3.046894e-03	-7.617234e-05	-3.392512e-03	3.243236e-05	5.724748e-04	7.248195e-04	3.243236e-05	-3.243236e-05	-1.869065e-03	4.915959e-03
154           	1.297294e-03	2.120857e-20	3.046909e-03	-7.617273e-05	-3.392534e-03	3.243235e-05	5.724743e-04	7.248198e-04	3.243235e-05	-3.243235e-05	-1.869080e-03	4.915989e-03
155           	1.297294e-03	2.120868e-20	3.046921e-03	-7.617303e-05	-3.392549e-03	3.243235e-05	5.724739e-04	7.248200e-04	3.243235e-05	-3.243235e-05	-1.869089e-03	4.916010e-03
156           	1.297293e-03	2.120876e-20	3.046929e-03	-7.617323e-05	-3.392557e-03	3.243232e-05	5.724732e-04	7.248197e-04	3.243232e-05	-3.243232e-05	-1.869092e-03	4.916021e-03
157           	1.297291e-03	2.120881e-20	3.046932e-03	-7.617330e-05	-3.392556e-03	3.243228e-05	5.724722e-04	7.248188e-04	3.243228e-05	-3.243228e-05	-1.869090e-03	4.916022e-03
158           	1.297289e-03	2.120882e-20	3.046931e-03	-7.617327e-05	-3.392548e-03	3.243222e-05	5.724710e-04	7.248176e-04	3.243222e-05	-3.243222e-05	-1.869083e-03	4.916013e-03
159           	1.297286e-03	2.120880e-20	3.046926e-03	-7.617314e-05	-3.392533e-03	3.243215e-05	5.724698e-04	7.248161e-04	3.243215e-05	-3.243215e-05	-1.869070e-03	4.915996e-03
160           	1.297283e-03	2.120874e-20	3.046918e-03	-7.617294e-05	-3.392512e-03	3.243208e-05	5.724686e-04	7.248145e-04	3.243208e-05	-3.243208e-05	-1.869053e-03	4.915971e-03
161           	1.297280e-03	2.120867e-20	3.046907e-03	-7.617267e-05	-3.392487e-03	3.243200e-05	5.724673e-04	7.248126e-04	3.243200e-05	-3.243200e-05	-1.869033e-03	4.915940e-03
162           	1.297276e-03	2.120858e-20	3.046894e-03	-7.617234e-05	-3.392457e-03	3.243191e-05	5.724659e-04	7.248106e-04	3.243191e-05	-3.243191e-05	-1.869010e-03	4.915903e-03
163           	1.297273e-03	2.120847e-20	3.046878e-03	-7.617195e-05	-3.392422e-03	3.243182e-05	5.724644e-04	7.248083e-04	3.243182e-05	-3.243182e-05	-1.868983e-03	4.915861e-03
164           	1.297269e-03	2.120835e-20	3.046860e-03	-7.617149e-05	-3.392384e-03	3.243171e-05	5.724628e-04	7.248058e-04	3.243171e-05	-3.243171e-05	-1.868954e-03	4.915814e-03
165           	1.297264e-03	2.120821e-20	3.046839e-03	-7.617098e-05	-3.392342e-03	3.243160e-05	5.724611e-04	7.248030e-04	3.243160e-05	-3.243160e-05	-1.868923e-03	4.915762e-03
166           	1.297259e-03	2.120806e-20	3.046817e-03	-7.617042e-05	-3.392296e-03	3.243148e-05	5.724593e-04	7.248001e-04	3.243148e-05	-3.243148e-05	-1.868888e-03	4.915705e-03
167           	1.297254e-03	2.120790e-20	3.046792e-03	-7.616981e-05	-3.392247e-03	3.243136e-05	5.724574e-04	7.247970e-04	3.243136e-05	-3.243136e-05	-1.868851e-03	4.915644e-03
168           	1.297249e-03	2.120773e-20	3.046766e-03	-7.616915e-05	-3.392196e-03	3.243124e-05	5.724556e-04	7.247939e-04	3.243124e-05	-3.243124e-05	-1.868813e-03	4.915579e-03
169           	1.297244e-03	2.120756e-20	3.046738e-03	-7.616846e-05	-3.392141e-03	3.243111e-05	5.724536e-04	7.247906e-04	3.243111e-05	-3.243111e-05	-1.868772e-03	4.915510e-03
170           	1.297239e-03	2.120737e-20	3.046710e-03	-7.616774e-05	-3.392085e-03	3.243097e-05	5.724517e-04	7.247872e-04	3.243097e-05	-3.243097e-05	-1.868730e-03	4.915440e-03
171           	1.297234e-03	2.120719e-20	3.046680e-03	-7.616699e-05	-3.392026e-03	3.243084e-05	5.724498e-04	7.247838e-04	3.243084e-05	-3.243084e-05	-1.868687e-03	4.915366e-03
172           	1.297228e-03	2.120699e-20	3.046649e-03	-7.616622e-05	-3.391967e-03	3.243071e-05	5.724480e-04	7.247804e-04	3.243071e-05	-3.243071e-05	-1.868642e-03	4.915291e-03
173           	1.297223e-03	2.120680e-20	3.046617e-03	-7.616543e-05	-3.391906e-03	3.243058e-05	5.724461e-04	7.247770e-04	3.243058e-05	-3.243058e-05	-1.868597e-03	4.915214e-03
174           	1.297218e-03	2.120660e-20	3.046585e-03	-7.616463e-05	-3.391844e-03	3.243045e-05	5.724443e-04	7.247736e-04	3.243045e-05	-3.243045e-05	-1.868551e-03	4.915137e-03
175           	1.297213e-03	2.120640e-20	3.046553e-03	-7.616383e-05	-3.391782e-03	3.243032e-05	5.724425e-04	7.247702e-04	3.243032e-05	-3.243032e-05	-1.868505e-03	4.915059e-03
176           	1.297208e-03	2.120619e-20	3.046521e-03	-7.616302e-05	-3.391720e-03	3.243019e-05	5.724408e-04	7.247668e-04	3.243019e-05	-3.243019e-05	-1.868459e-03	4.914980e-03
177           	1.297203e-03	2.120599e-20	3.046488e-03	-7.616221e-05	-3.391658e-03	3.243007e-05	5.724391e-04	7.247635e-04	3.243007e-05	-3.243007e-05	-1.868414e-03	4.914902e-03
178           	1.297198e-03	2.120578e-20	3.046456e-03	-7.616140e-05	-3.391596e-03	3.242995e-05	5.724375e-04	7.247603e-04	3.242995e-05	-3.242995e-05	-1.868368e-03	4.914824e-03
179           	1.297193e-03	2.120557e-20	3.046424e-03	-7.616060e-05	-3.391534e-03	3.242983e-05	5.724359e-04	7.247571e-04	3.242983e-05	-3.242983e-05	-1.868322e-03	4.914746e-03
180           	1.297188e-03	2.120537e-20	3.046392e-03	-7.615980e-05	-3.391474e-03	3.242971e-05	5.724344e-04	7.247540e-04	3.242971e-05	-3.242971e-05	-1.868278e-03	4.914670e-03
181           	1.297184e-03	2.120516e-20	3.046361e-03	-7.615902e-05	-3.391414e-03	3.242959e-05	5.724328e-04	7.247509e-04	3.242959e-05	-3.242959e-05	-1.868234e-03	4.914595e-03
182           	1.297179e-03	2.120495e-20	3.046330e-03	-7.615826e-05	-3.391357e-03	3.242948e-05	5.724313e-04	7.247479e-04	3.242948e-05	-3.242948e-05	-1.868191e-03	4.914522e-03
183           	1.297175e-03	2.120475e-20	3.046300e-03	-7.615751e-05	-3.391300e-03	3.242937e-05	5.724299e-04	7.247449e-04	3.242937e-05	-3.242937e-05	-1.868150e-03	4.914450e-03
184           	1.297171e-03	2.120456e-20	3.046271e-03	-7.615678e-05	-3.391245e-03	3.242926e-05	5.724285e-04	7.247420e-04	3.242926e-05	-3.242926e-05	-1.868110e-03	4.914381e-03
185           	1.297166e-03	2.120436e-20	3.046243e-03	-7.615607e-05	-3.391192e-03	3.242916e-05	5.724271e-04	7.247393e-04	3.242916e-05	-3.242916e-05	-1.868070e-03	4.914313e-03
186           	1.297162e-03	2.120418e-20	3.046215e-03	-7.615538e-05	-3.391140e-03	3.242906e-05	5.724258e-04	7.247366e-04	3.242906e-05	-3.242906e-05	-1.868032e-03	4.914247e-03
187           	1.297159e-03	2.120399e-20	3.046188e-03	-7.615471e-05	-3.391089e-03	3.242896e-05	5.724245e-04	7.247340e-04	3.242896e-05	-3.242896e-05	-1.867995e-03	4.914184e-03
188           	1.297155e-03	2.120382e-20	3.046162e-03	-7.615406e-05	-3.391041e-03	3.242887e-05	5.724233e-04	7.247314e-04	3.242887e-05	-3.242887e-05	-1.867960e-03	4.914122e-03
189           	1.297151e-03	2.120365e-20	3.046137e-03	-7.615344e-05	-3.390994e-03	3.242878e-05	5.724222e-04	7.247290e-04	3.242878e-05	-3.242878e-05	-1.867926e-03	4.914063e-03
190           	1.297148e-03	2.120349e-20	3.046113e-03	-7.615283e-05	-3.390949e-03	3.242870e-05	5.724211e-04	7.247268e-04	3.242870e-05	-3.242870e-05	-1.867892e-03	4.914006e-03
191           	1.297145e-03	2.120334e-20	3.046090e-03	-7.615225e-05	-3.390905e-03	3.242862e-05	5.724201e-04	7.247246e-04	3.242862e-05	-3.242862e-05	-1.867860e-03	4.913950e-03
192           	1.297142e-03	2.120319e-20	3.046068e-03	-7.615169e-05	-3.390864e-03	3.242854e-05	5.724192e-04	7.247226e-04	3.242854e-05	-3.242854e-05	-1.867830e-03	4.913898e-03
193           	1.297139e-03	2.120304e-20	3.046046e-03	-7.615116e-05	-3.390824e-03	3.242847e-05	5.724183e-04	7.247207e-04	3.242847e-05	-3.242847e-05	-1.867801e-03	4.913847e-03
194           	1.297136e-03	2.120291e-20	3.046026e-03	-7.615065e-05	-3.390786e-03	3.242841e-05	5.724175e-04	7.247188e-04	3.242841e-05	-3.242841e-05	-1.867773e-03	4.913799e-03
195           	1.297134e-03	2.120278e-20	3.046007e-03	-7.615017e-05	-3.390750e-03	3.242835e-05	5.724168e-04	7.247171e-04	3.242835e-05	-3.242835e-05	-1.867746e-03	4.913753e-03
196           	1.297132e-03	2.120265e-20	3.045989e-03	-7.614971e-05	-3.390715e-03	3.242829e-05	5.724160e-04	7.247155e-04	3.242829e-05	-3.242829e-05	-1.867721e-03	4.913710e-03
197           	1.297129e-03	2.120253e-20	3.045971e-03	-7.614928e-05	-3.390683e-03	3.242823e-05	5.724154e-04	7.247139e-04	3.242823e-05	-3.242823e-05	-1.867697e-03	4.913669e-03
198           	1.297127e-03	2.120242e-20	3.045955e-03	-7.614887e-05	-3.390652e-03	3.242818e-05	5.724148e-04	7.247125e-04	3.242818e-05	-3.242818e-05	-1.867675e-03	4.913630e-03
199           	1.297125e-03	2.120232e-20	3.045939e-03	-7.614848e-05	-3.390624e-03	3.242813e-05	5.724142e-04	7.247111e-04	3.242813e-05	-3.242813e-05	-1.867654e-03	4.913593e-03
200           	1.297123e-03	2.120221e-20	3.045925e-03	-7.614811e-05	-3.390596e-03	3.242809e-05	5.724136e-04	7.247099e-04	3.242809e-05	-3.242809e-05	-1.867634e-03	4.913559e-03
201           	1.297122e-03	2.120212e-20	3.045911e-03	-7.614777e-05	-3.390571e-03	3.242804e-05	5.724131e-04	7.247087e-04	3.242804e-05	-3.242804e-05	-1.867616e-03	4.913526e-03
202           	1.297120e-03	2.120203e-20	3.045898e-03	-7.614745e-05	-3.390547e-03	3.242801e-05	5.724127e-04	7.247076e-04	3.242801e-05	-3.242801e-05	-1.867598e-03	4.913496e-03
203           	1.297119e-03	2.120195e-20	3.045886e-03	-7.614715e-05	-3.390525e-03	3.242797e-05	5.724122e-04	7.247065e-04	3.242797e-05	-3.242797e-05	-1.867582e-03	4.913468e-03
204           	1.297117e-03	2.120187e-20	3.045875e-03	-7.614686e-05	-3.390504e-03	3.242793e-05	5.724118e-04	7.247056e-04	3.242793e-05	-3.242793e-05	-1.867567e-03	4.913441e-03
205           	1.297116e-03	2.120179e-20	3.045864e-03	-7.614660e-05	-3.390484e-03	3.242790e-05	5.724115e-04	7.247047e-04	3.242790e-05	-3.242790e-05	-1.867552e-03	4.913417e-03
206           	1.297115e-03	2.120172e-20	3.045854e-03	-7.614636e-05	-3.390467e-03	3.242787e-05	5.724111e-04	7.247038e-04	3.242787e-05	-3.242787e-05	-1.867539e-03	4.913394e-03
207           	1.297114e-03	2.120166e-20	3.045845e-03	-7.614613e-05	-3.390450e-03	3.242785e-05	5.724108e-04	7.247031e-04	3.242785e-05	-3.242785e-05	-1.867527e-03	4.913372e-03
208           	1.297113e-03	2.120160e-20	3.045837e-03	-7.614592e-05	-3.390434e-03	3.242782e-05	5.724105e-04	7.247024e-04	3.242782e-05	-3.242782e-05	-1.867516e-03	4.913353e-03
209           	1.297112e-03	2.120154e-20	3.045829e-03	-7.614573e-05	-3.390420e-03	3.242780e-05	5.724103e-04	7.247017e-04	3.242780e-05	-3.242780e-05	-1.867506e-03	4.913335e-03
210           	1.297111e-03	2.120149e-20	3.045822e-03	-7.614555e-05	-3.390407e-03	3.242778e-05	5.724100e-04	7.247012e-04	3.242778e-05	-3.242778e-05	-1.867496e-03	4.913318e-03
211           	1.297110e-03	2.120144e-20	3.045816e-03	-7.614539e-05	-3.390396e-03	3.242776e-05	5.724098e-04	7.247006e-04	3.242776e-05	-3.242776e-05	-1.867488e-03	4.913303e-03
212           	1.297110e-03	2.120140e-20	3.045810e-03	-7.614524e-05	-3.390385e-03	3.242774e-05	5.724097e-04	7.247001e-04	3.242774e-05	-3.242774e-05	-1.867480e-03	4.913289e-03
213           	1.297109e-03	2.120136e-20	3.045804e-03	-7.614510e-05	-3.390375e-03	3.242773e-05	5.724095e-04	7.246997e-04	3.242773e-05	-3.242773e-05	-1.867473e-03	4.913277e-03
214           	1.297109e-03	2.120133e-20	3.045799e-03	-7.614498e-05	-3.390366e-03	3.242772e-05	5.724094e-04	7.246993e-04	3.242772e-05	-3.242772e-05	-1.867466e-03	4.913266e-03
215           	1.297108e-03	2.120129e-20	3.045795e-03	-7.614487e-05	-3.390358e-03	3.242771e-05	5.724092e-04	7.246990e-04	3.242771e-05	-3.242771e-05	-1.867461e-03	4.913256e-03
216           	1.297108e-03	2.120126e-20	3.045791e-03	-7.614477e-05	-3.390351e-03	3.242769e-05	5.724091e-04	7.246987e-04	3.242769e-05	-3.242769e-05	-1.867456e-03	4.913247e-03
217           	1.297107e-03	2.120124e-20	3.045787e-03	-7.614468e-05	-3.390345e-03	3.242769e-05	5.724090e-04	7.246984e-04	3.242769e-05	-3.242769e-05	-1.867451e-03	4.913238e-03
218           	1.297107e-03	2.120122e-20	3.045784e-03	-7.614461e-05	-3.390339e-03	3.242768e-05	5.724089e-04	7.246982e-04	3.242768e-05	-3.242768e-05	-1.867447e-03	4.913231e-03
219           	1.297107e-03	2.120120e-20	3.045781e-03	-7.614454e-05	-3.390334e-03	3.242767e-05	5.724089e-04	7.246979e-04	3.242767e-05	-3.242767e-05	-1.867444e-03	4.913225e-03
220           	1.297107e-03	2.120118e-20	3.045779e-03	-7.614447e-05	-3.390330e-03	3.242766e-05	5.724088e-04	7.246978e-04	3.242766e-05	-3.242766e-05	-1.867441e-03	4.913219e-03
221           	1.297106e-03	2.120116e-20	3.045777e-03	-7.614442e-05	-3.390326e-03	3.242766e-05	5.724088e-04	7.246976e-04	3.242766e-05	-3.242766e-05	-1.867438e-03	4.913215e-03
222           	1.297106e-03	2.120115e-20	3.045775e-03	-7.614437e-05	-3.390323e-03	3.242766e-05	5.724087e-04	7.246975e-04	3.242766e-05	-3.242766e-05	-1.867436e-03	4.913210e-03
223           	1.297106e-03	2.120113e-20	3.045773e-03	-7.614433e-05	-3.390320e-03	3.242765e-05	5.724087e-04	7.246974e-04	3.242765e-05	-3.242765e-05	-1.867434e-03	4.913207e-03
224           	1.297106e-03	2.120112e-20	3.045772e-03	-7.614430e-05	-3.390318e-03	3.242765e-05	5.724087e-04	7.246973e-04	3.242765e-05	-3.242765e-05	-1.867432e-03	4.913204e-03
225           	1.297106e-03	2.120111e-20	3.045771e-03	-7.614427e-05	-3.390316e-03	3.242765e-05	5.724087e-04	7.246972e-04	3.242765e-05	-3.242765e-05	-1.867431e-03	4.913201e-03
226           	1.297106e-03	2.120110e-20	3.045770e-03	-7.614425e-05	-3.390314e-03	3.242765e-05	5.724087e-04	7.246972e-04	3.242765e-05	-3.242765e-05	-1.867430e-03	4.913199e-03
227           	1.297106e-03	2.120110e-20	3.045769e-03	-7.614423e-05	-3.390313e-03	3.242765e-05	5.724087e-04	7.246971e-04	3.242765e-05	-3.242765e-05	-1.867429e-03	4.913198e-03
228           	1.297106e-03	2.120109e-20	3.045768e-03	-7.614421e-05	-3.390312e-03	3.242765e-05	5.724087e-04	7.246971e-04	3.242765e-05	-3.242765e-05	-1.867428e-03	4.913196e-03
229           	1.297106e-03	2.120109e-20	3.045768e-03	-7.614420e-05	-3.390312e-03	3.242765e-05	5.724087e-04	7.246971e-04	3.242765e-05	-3.242765e-05	-1.867428e-03	4.913196e-03
