# Force coefficients
# dragDir     : (1.000000e+00 0.000000e+00 0.000000e+00)
# sideDir     : (0.000000e+00 0.000000e+00 -1.000000e+00)
# liftDir     : (0.000000e+00 1.000000e+00 0.000000e+00)
# rollAxis    : (1.000000e+00 0.000000e+00 0.000000e+00)
# pitchAxis   : (0.000000e+00 0.000000e+00 -1.000000e+00)
# yawAxis     : (0.000000e+00 1.000000e+00 0.000000e+00)
# magUInf     : 2.000000e-02
# lRef        : 1.000000e-01
# Aref        : 1.000000e-01
# CofR        : (0.000000e+00 0.000000e+00 0.000000e+00)
#
# Time        	Cd            	Cs            	Cl            	CmRoll        	CmPitch       	CmYaw         	Cd(f)         	Cd(r)         	Cs(f)         	Cs(r)         	Cl(f)         	Cl(r)         
1             	1.082665e-03	-4.055965e-19	1.753761e-03	-4.384402e-05	-1.382459e-03	2.706664e-05	4.974887e-04	5.851767e-04	2.706664e-05	-2.706664e-05	-5.055784e-04	2.259339e-03
2             	2.427419e-03	-3.257040e-19	3.308578e-03	-8.271446e-05	-1.754100e-03	6.068548e-05	1.130995e-03	1.296424e-03	6.068548e-05	-6.068548e-05	-9.981126e-05	3.408390e-03
3             	1.992926e-03	-3.933330e-20	2.184913e-03	-5.462282e-05	-2.606361e-04	4.982315e-05	9.418403e-04	1.051086e-03	4.982315e-05	-4.982315e-05	8.318203e-04	1.353092e-03
4             	1.646186e-03	3.014245e-20	1.985347e-03	-4.963367e-05	-5.182832e-04	4.115466e-05	7.734595e-04	8.727269e-04	4.115466e-05	-4.115466e-05	4.743903e-04	1.510957e-03
5             	1.486760e-03	3.851857e-20	2.037070e-03	-5.092676e-05	-9.764362e-04	3.716899e-05	6.924530e-04	7.943065e-04	3.716899e-05	-3.716899e-05	4.209895e-05	1.994971e-03
6             	1.335750e-03	1.485107e-20	2.141593e-03	-5.353983e-05	-1.516668e-03	3.339375e-05	6.143352e-04	7.214149e-04	3.339375e-05	-3.339375e-05	-4.458714e-04	2.587465e-03
7             	1.318394e-03	-1.089737e-20	2.183457e-03	-5.458642e-05	-1.644878e-03	3.295984e-05	6.046103e-04	7.137832e-04	3.295984e-05	-3.295984e-05	-5.531496e-04	2.736607e-03
8             	1.399618e-03	-2.272401e-20	2.215708e-03	-5.539269e-05	-1.541864e-03	3.499044e-05	6.444161e-04	7.552015e-04	3.499044e-05	-3.499044e-05	-4.340102e-04	2.649718e-03
9             	1.526052e-03	-2.707291e-20	2.377038e-03	-5.942594e-05	-1.594096e-03	3.815129e-05	7.035999e-04	8.224518e-04	3.815129e-05	-3.815129e-05	-4.055775e-04	2.782615e-03
10            	1.658678e-03	-2.896562e-20	2.617727e-03	-6.544318e-05	-1.788834e-03	4.146696e-05	7.638960e-04	8.947823e-04	4.146696e-05	-4.146696e-05	-4.799701e-04	3.097697e-03
11            	1.795148e-03	-2.760637e-20	2.916571e-03	-7.291428e-05	-2.094051e-03	4.487869e-05	8.246596e-04	9.704881e-04	4.487869e-05	-4.487869e-05	-6.357652e-04	3.552337e-03
12            	1.885073e-03	-2.893618e-20	3.148020e-03	-7.870049e-05	-2.352542e-03	4.712682e-05	8.638360e-04	1.021237e-03	4.712682e-05	-4.712682e-05	-7.785321e-04	3.926552e-03
13            	1.940773e-03	-2.956708e-20	3.325538e-03	-8.313846e-05	-2.573346e-03	4.851932e-05	8.872479e-04	1.053525e-03	4.851932e-05	-4.851932e-05	-9.105770e-04	4.236115e-03
14            	1.981281e-03	-3.028002e-20	3.459820e-03	-8.649551e-05	-2.738965e-03	4.953203e-05	9.041451e-04	1.077136e-03	4.953203e-05	-4.953203e-05	-1.009055e-03	4.468875e-03
15            	2.006595e-03	-3.108457e-20	3.549732e-03	-8.874329e-05	-2.847841e-03	5.016487e-05	9.145540e-04	1.092041e-03	5.016487e-05	-5.016487e-05	-1.072976e-03	4.622707e-03
16            	2.022288e-03	-3.175378e-20	3.612997e-03	-9.032493e-05	-2.924748e-03	5.055720e-05	9.208191e-04	1.101469e-03	5.055720e-05	-5.055720e-05	-1.118249e-03	4.731246e-03
17            	2.031359e-03	-3.236352e-20	3.659579e-03	-9.148946e-05	-2.984141e-03	5.078398e-05	9.241901e-04	1.107169e-03	5.078398e-05	-5.078398e-05	-1.154352e-03	4.813931e-03
18            	2.037643e-03	-3.359654e-20	3.700472e-03	-9.251179e-05	-3.039728e-03	5.094107e-05	9.263096e-04	1.111333e-03	5.094107e-05	-5.094107e-05	-1.189492e-03	4.889963e-03
19            	2.038666e-03	-3.431554e-20	3.726357e-03	-9.315894e-05	-3.077631e-03	5.096665e-05	9.261741e-04	1.112492e-03	5.096665e-05	-5.096665e-05	-1.214452e-03	4.940809e-03
20            	2.035404e-03	-3.459901e-20	3.741177e-03	-9.352942e-05	-3.103377e-03	5.088509e-05	9.241724e-04	1.111231e-03	5.088509e-05	-5.088509e-05	-1.232788e-03	4.973965e-03
21            	2.029550e-03	-3.462427e-20	3.746111e-03	-9.365276e-05	-3.115863e-03	5.073876e-05	9.211223e-04	1.108428e-03	5.073876e-05	-5.073876e-05	-1.242807e-03	4.988918e-03
22            	2.022333e-03	-3.456910e-20	3.742838e-03	-9.357094e-05	-3.115756e-03	5.055831e-05	9.175953e-04	1.104737e-03	5.055831e-05	-5.055831e-05	-1.244337e-03	4.987174e-03
23            	2.014347e-03	-3.442608e-20	3.732546e-03	-9.331366e-05	-3.104109e-03	5.035868e-05	9.138599e-04	1.100487e-03	5.035868e-05	-5.035868e-05	-1.237836e-03	4.970382e-03
24            	2.006051e-03	-3.421712e-20	3.716924e-03	-9.292309e-05	-3.083282e-03	5.015126e-05	9.101022e-04	1.095948e-03	5.015126e-05	-5.015126e-05	-1.224820e-03	4.941743e-03
25            	1.997651e-03	-3.395795e-20	3.697191e-03	-9.242977e-05	-3.055236e-03	4.994128e-05	9.063958e-04	1.091255e-03	4.994128e-05	-4.994128e-05	-1.206640e-03	4.903831e-03
26            	1.989292e-03	-3.366724e-20	3.674721e-03	-9.186803e-05	-3.022414e-03	4.973230e-05	9.027779e-04	1.086514e-03	4.973230e-05	-4.973230e-05	-1.185054e-03	4.859775e-03
27            	1.980496e-03	-3.326090e-20	3.648847e-03	-9.122118e-05	-2.984290e-03	4.951239e-05	8.990266e-04	1.081469e-03	4.951239e-05	-4.951239e-05	-1.159866e-03	4.808714e-03
28            	1.972450e-03	-3.298377e-20	3.623079e-03	-9.057696e-05	-2.945579e-03	4.931126e-05	8.956482e-04	1.076802e-03	4.931126e-05	-4.931126e-05	-1.134039e-03	4.757118e-03
29            	1.964637e-03	-3.268170e-20	3.595980e-03	-8.989950e-05	-2.904258e-03	4.911593e-05	8.924190e-04	1.072218e-03	4.911593e-05	-4.911593e-05	-1.106268e-03	4.702247e-03
30            	1.957203e-03	-3.239245e-20	3.568194e-03	-8.920486e-05	-2.861273e-03	4.893008e-05	8.893968e-04	1.067806e-03	4.893008e-05	-4.893008e-05	-1.077176e-03	4.645370e-03
31            	1.950332e-03	-3.211812e-20	3.540669e-03	-8.851672e-05	-2.818078e-03	4.875829e-05	8.866491e-04	1.063683e-03	4.875829e-05	-4.875829e-05	-1.047743e-03	4.588412e-03
32            	1.944273e-03	-3.192079e-20	3.514171e-03	-8.785427e-05	-2.775677e-03	4.860683e-05	8.842823e-04	1.059991e-03	4.860683e-05	-4.860683e-05	-1.018591e-03	4.532762e-03
33            	1.938928e-03	-3.171834e-20	3.488899e-03	-8.722248e-05	-2.734600e-03	4.847319e-05	8.822413e-04	1.056686e-03	4.847319e-05	-4.847319e-05	-9.901508e-04	4.479050e-03
34            	1.934127e-03	-3.151095e-20	3.465081e-03	-8.662703e-05	-2.695596e-03	4.835317e-05	8.804363e-04	1.053690e-03	4.835317e-05	-4.835317e-05	-9.630550e-04	4.428136e-03
35            	1.929767e-03	-3.129622e-20	3.442775e-03	-8.606937e-05	-2.658958e-03	4.824417e-05	8.788140e-04	1.050953e-03	4.824417e-05	-4.824417e-05	-9.375706e-04	4.380345e-03
36            	1.925690e-03	-3.106550e-20	3.421736e-03	-8.554341e-05	-2.624494e-03	4.814225e-05	8.773016e-04	1.048388e-03	4.814225e-05	-4.814225e-05	-9.136260e-04	4.335362e-03
37            	1.921782e-03	-3.083590e-20	3.401214e-03	-8.503036e-05	-2.590895e-03	4.804455e-05	8.758606e-04	1.045921e-03	4.804455e-05	-4.804455e-05	-8.902874e-04	4.291502e-03
38            	1.918226e-03	-3.062188e-20	3.382190e-03	-8.455476e-05	-2.559737e-03	4.795566e-05	8.745585e-04	1.043668e-03	4.795566e-05	-4.795566e-05	-8.686414e-04	4.250832e-03
39            	1.915162e-03	-3.042535e-20	3.364938e-03	-8.412345e-05	-2.531296e-03	4.787906e-05	8.734578e-04	1.041705e-03	4.787906e-05	-4.787906e-05	-8.488270e-04	4.213765e-03
40            	1.912374e-03	-3.024042e-20	3.348989e-03	-8.372473e-05	-2.505039e-03	4.780935e-05	8.724623e-04	1.039912e-03	4.780935e-05	-4.780935e-05	-8.305448e-04	4.179534e-03
41            	1.909899e-03	-3.007353e-20	3.334424e-03	-8.336059e-05	-2.481040e-03	4.774748e-05	8.715891e-04	1.038310e-03	4.774748e-05	-4.774748e-05	-8.138280e-04	4.148252e-03
42            	1.907631e-03	-2.991782e-20	3.320963e-03	-8.302407e-05	-2.458918e-03	4.769076e-05	8.707912e-04	1.036839e-03	4.769076e-05	-4.769076e-05	-7.984363e-04	4.119399e-03
43            	1.905621e-03	-2.977674e-20	3.308703e-03	-8.271756e-05	-2.438744e-03	4.764054e-05	8.700932e-04	1.035528e-03	4.764054e-05	-4.764054e-05	-7.843931e-04	4.093096e-03
44            	1.903903e-03	-2.965088e-20	3.297716e-03	-8.244291e-05	-2.420598e-03	4.759757e-05	8.695084e-04	1.034394e-03	4.759757e-05	-4.759757e-05	-7.717403e-04	4.069457e-03
45            	1.902459e-03	-2.953942e-20	3.288004e-03	-8.220010e-05	-2.404498e-03	4.756148e-05	8.690294e-04	1.033430e-03	4.756148e-05	-4.756148e-05	-7.604963e-04	4.048500e-03
46            	1.901218e-03	-2.943986e-20	3.279439e-03	-8.198599e-05	-2.390314e-03	4.753046e-05	8.686232e-04	1.032595e-03	4.753046e-05	-4.753046e-05	-7.505946e-04	4.030034e-03
47            	1.900197e-03	-2.936307e-20	3.272014e-03	-8.180035e-05	-2.377990e-03	4.750493e-05	8.682982e-04	1.031899e-03	4.750493e-05	-4.750493e-05	-7.419833e-04	4.013997e-03
48            	1.899391e-03	-2.929432e-20	3.265668e-03	-8.164171e-05	-2.367409e-03	4.748478e-05	8.680538e-04	1.031337e-03	4.748478e-05	-4.748478e-05	-7.345752e-04	4.000243e-03
49            	1.898813e-03	-2.923559e-20	3.260352e-03	-8.150881e-05	-2.358451e-03	4.747033e-05	8.678977e-04	1.030915e-03	4.747033e-05	-4.747033e-05	-7.282747e-04	3.988627e-03
50            	1.898319e-03	-2.917715e-20	3.255809e-03	-8.139522e-05	-2.350858e-03	4.745799e-05	8.677645e-04	1.030555e-03	4.745799e-05	-4.745799e-05	-7.229541e-04	3.978763e-03
51            	1.897912e-03	-2.912732e-20	3.251970e-03	-8.129926e-05	-2.344493e-03	4.744780e-05	8.676568e-04	1.030255e-03	4.744780e-05	-4.744780e-05	-7.185080e-04	3.970478e-03
52            	1.897608e-03	-2.908501e-20	3.248817e-03	-8.122043e-05	-2.339281e-03	4.744019e-05	8.675834e-04	1.030024e-03	4.744019e-05	-4.744019e-05	-7.148721e-04	3.963689e-03
53            	1.897404e-03	-2.904985e-20	3.246313e-03	-8.115783e-05	-2.335151e-03	4.743511e-05	8.675443e-04	1.029860e-03	4.743511e-05	-4.743511e-05	-7.119942e-04	3.958307e-03
54            	1.897290e-03	-2.902115e-20	3.244386e-03	-8.110966e-05	-2.331985e-03	4.743224e-05	8.675351e-04	1.029754e-03	4.743224e-05	-4.743224e-05	-7.097915e-04	3.954178e-03
55            	1.897250e-03	-2.899822e-20	3.242959e-03	-8.107398e-05	-2.329652e-03	4.743124e-05	8.675509e-04	1.029699e-03	4.743124e-05	-4.743124e-05	-7.081723e-04	3.951131e-03
56            	1.897275e-03	-2.898047e-20	3.241963e-03	-8.104907e-05	-2.328034e-03	4.743187e-05	8.675883e-04	1.029686e-03	4.743187e-05	-4.743187e-05	-7.070530e-04	3.949016e-03
57            	1.897357e-03	-2.896735e-20	3.241341e-03	-8.103353e-05	-2.327034e-03	4.743392e-05	8.676449e-04	1.029712e-03	4.743392e-05	-4.743392e-05	-7.063638e-04	3.947705e-03
58            	1.897461e-03	-2.895729e-20	3.241007e-03	-8.102517e-05	-2.326541e-03	4.743652e-05	8.677053e-04	1.029756e-03	4.743652e-05	-4.743652e-05	-7.060372e-04	3.947044e-03
59            	1.897606e-03	-2.895077e-20	3.240939e-03	-8.102347e-05	-2.326479e-03	4.744014e-05	8.677793e-04	1.029826e-03	4.744014e-05	-4.744014e-05	-7.060091e-04	3.946948e-03
60            	1.897786e-03	-2.894762e-20	3.241119e-03	-8.102798e-05	-2.326822e-03	4.744465e-05	8.678650e-04	1.029921e-03	4.744465e-05	-4.744465e-05	-7.062622e-04	3.947381e-03
61            	1.897996e-03	-2.894730e-20	3.241515e-03	-8.103787e-05	-2.327518e-03	4.744989e-05	8.679599e-04	1.030036e-03	4.744989e-05	-4.744989e-05	-7.067611e-04	3.948276e-03
62            	1.898227e-03	-2.894934e-20	3.242090e-03	-8.105224e-05	-2.328512e-03	4.745567e-05	8.680611e-04	1.030166e-03	4.745567e-05	-4.745567e-05	-7.074675e-04	3.949557e-03
63            	1.898473e-03	-2.895340e-20	3.242814e-03	-8.107035e-05	-2.329755e-03	4.746183e-05	8.681663e-04	1.030307e-03	4.746183e-05	-4.746183e-05	-7.083485e-04	3.951162e-03
64            	1.898732e-03	-2.895921e-20	3.243665e-03	-8.109163e-05	-2.331210e-03	4.746831e-05	8.682745e-04	1.030458e-03	4.746831e-05	-4.746831e-05	-7.093777e-04	3.953043e-03
65            	1.899002e-03	-2.896657e-20	3.244627e-03	-8.111569e-05	-2.332847e-03	4.747505e-05	8.683854e-04	1.030617e-03	4.747505e-05	-4.747505e-05	-7.105336e-04	3.955161e-03
66            	1.899282e-03	-2.897532e-20	3.245687e-03	-8.114218e-05	-2.334642e-03	4.748205e-05	8.684989e-04	1.030783e-03	4.748205e-05	-4.748205e-05	-7.117981e-04	3.957485e-03
67            	1.899571e-03	-2.898529e-20	3.246831e-03	-8.117077e-05	-2.336570e-03	4.748927e-05	8.686146e-04	1.030956e-03	4.748927e-05	-4.748927e-05	-7.131542e-04	3.959985e-03
68            	1.899865e-03	-2.899627e-20	3.248043e-03	-8.120108e-05	-2.338606e-03	4.749664e-05	8.687316e-04	1.031134e-03	4.749664e-05	-4.749664e-05	-7.145845e-04	3.962628e-03
69            	1.900163e-03	-2.900808e-20	3.249309e-03	-8.123272e-05	-2.340726e-03	4.750408e-05	8.688489e-04	1.031314e-03	4.750408e-05	-4.750408e-05	-7.160716e-04	3.965380e-03
70            	1.900461e-03	-2.902052e-20	3.250612e-03	-8.126529e-05	-2.342905e-03	4.751152e-05	8.689651e-04	1.031496e-03	4.751152e-05	-4.751152e-05	-7.175994e-04	3.968211e-03
71            	1.900764e-03	-2.903538e-20	3.251958e-03	-8.129894e-05	-2.345144e-03	4.751910e-05	8.690830e-04	1.031681e-03	4.751910e-05	-4.751910e-05	-7.191648e-04	3.971122e-03
72            	1.901050e-03	-2.904762e-20	3.253271e-03	-8.133179e-05	-2.347337e-03	4.752624e-05	8.691930e-04	1.031857e-03	4.752624e-05	-4.752624e-05	-7.207008e-04	3.973972e-03
73            	1.901327e-03	-2.906052e-20	3.254588e-03	-8.136469e-05	-2.349537e-03	4.753317e-05	8.692987e-04	1.032028e-03	4.753317e-05	-4.753317e-05	-7.222436e-04	3.976831e-03
74            	1.901598e-03	-2.907331e-20	3.255896e-03	-8.139739e-05	-2.351723e-03	4.753994e-05	8.694014e-04	1.032196e-03	4.753994e-05	-4.753994e-05	-7.237747e-04	3.979670e-03
75            	1.901856e-03	-2.908581e-20	3.257172e-03	-8.142931e-05	-2.353857e-03	4.754640e-05	8.694986e-04	1.032357e-03	4.754640e-05	-4.754640e-05	-7.252711e-04	3.982443e-03
76            	1.902100e-03	-2.909781e-20	3.258402e-03	-8.146006e-05	-2.355914e-03	4.755251e-05	8.695901e-04	1.032510e-03	4.755251e-05	-4.755251e-05	-7.267133e-04	3.985116e-03
77            	1.902335e-03	-2.910972e-20	3.259607e-03	-8.149018e-05	-2.357930e-03	4.755839e-05	8.696775e-04	1.032658e-03	4.755839e-05	-4.755839e-05	-7.281262e-04	3.987733e-03
78            	1.902562e-03	-2.912147e-20	3.260790e-03	-8.151975e-05	-2.359910e-03	4.756405e-05	8.697612e-04	1.032801e-03	4.756405e-05	-4.756405e-05	-7.295149e-04	3.990305e-03
79            	1.902774e-03	-2.913308e-20	3.261941e-03	-8.154851e-05	-2.361847e-03	4.756934e-05	8.698384e-04	1.032935e-03	4.756934e-05	-4.756934e-05	-7.308764e-04	3.992817e-03
80            	1.902963e-03	-2.914348e-20	3.262998e-03	-8.157494e-05	-2.363632e-03	4.757408e-05	8.699067e-04	1.033057e-03	4.757408e-05	-4.757408e-05	-7.321336e-04	3.995131e-03
81            	1.903135e-03	-2.915335e-20	3.263980e-03	-8.159949e-05	-2.365295e-03	4.757838e-05	8.699681e-04	1.033167e-03	4.757838e-05	-4.757838e-05	-7.333052e-04	3.997285e-03
82            	1.903297e-03	-2.916278e-20	3.264910e-03	-8.162275e-05	-2.366867e-03	4.758243e-05	8.700259e-04	1.033271e-03	4.758243e-05	-4.758243e-05	-7.344121e-04	3.999322e-03
83            	1.903451e-03	-2.917172e-20	3.265792e-03	-8.164481e-05	-2.368356e-03	4.758626e-05	8.700805e-04	1.033370e-03	4.758626e-05	-4.758626e-05	-7.354600e-04	4.001252e-03
84            	1.903593e-03	-2.918011e-20	3.266623e-03	-8.166556e-05	-2.369757e-03	4.758982e-05	8.701309e-04	1.033462e-03	4.758982e-05	-4.758982e-05	-7.364459e-04	4.003068e-03
85            	1.903724e-03	-2.918796e-20	3.267398e-03	-8.168494e-05	-2.371066e-03	4.759310e-05	8.701770e-04	1.033547e-03	4.759310e-05	-4.759310e-05	-7.373675e-04	4.004765e-03
86            	1.903844e-03	-2.919527e-20	3.268117e-03	-8.170293e-05	-2.372282e-03	4.759610e-05	8.702190e-04	1.033625e-03	4.759610e-05	-4.759610e-05	-7.382237e-04	4.006341e-03
87            	1.903952e-03	-2.920184e-20	3.268775e-03	-8.171936e-05	-2.373394e-03	4.759879e-05	8.702565e-04	1.033695e-03	4.759879e-05	-4.759879e-05	-7.390065e-04	4.007781e-03
88            	1.904054e-03	-2.920820e-20	3.269393e-03	-8.173484e-05	-2.374437e-03	4.760135e-05	8.702922e-04	1.033762e-03	4.760135e-05	-4.760135e-05	-7.397398e-04	4.009133e-03
89            	1.904150e-03	-2.921412e-20	3.269970e-03	-8.174926e-05	-2.375406e-03	4.760375e-05	8.703257e-04	1.033824e-03	4.760375e-05	-4.760375e-05	-7.404207e-04	4.010391e-03
90            	1.904236e-03	-2.921955e-20	3.270498e-03	-8.176245e-05	-2.376294e-03	4.760590e-05	8.703555e-04	1.033880e-03	4.760590e-05	-4.760590e-05	-7.410451e-04	4.011543e-03
91            	1.904312e-03	-2.922453e-20	3.270976e-03	-8.177439e-05	-2.377100e-03	4.760780e-05	8.703816e-04	1.033930e-03	4.760780e-05	-4.760780e-05	-7.416124e-04	4.012588e-03
92            	1.904380e-03	-2.922911e-20	3.271409e-03	-8.178523e-05	-2.377832e-03	4.760949e-05	8.704046e-04	1.033975e-03	4.760949e-05	-4.760949e-05	-7.421271e-04	4.013536e-03
93            	1.904440e-03	-2.923332e-20	3.271803e-03	-8.179506e-05	-2.378496e-03	4.761101e-05	8.704252e-04	1.034015e-03	4.761101e-05	-4.761101e-05	-7.425945e-04	4.014397e-03
94            	1.904495e-03	-2.923719e-20	3.272160e-03	-8.180399e-05	-2.379099e-03	4.761237e-05	8.704435e-04	1.034051e-03	4.761237e-05	-4.761237e-05	-7.430187e-04	4.015178e-03
95            	1.904543e-03	-2.924079e-20	3.272484e-03	-8.181211e-05	-2.379648e-03	4.761358e-05	8.704594e-04	1.034084e-03	4.761358e-05	-4.761358e-05	-7.434056e-04	4.015890e-03
96            	1.904584e-03	-2.924398e-20	3.272773e-03	-8.181931e-05	-2.380138e-03	4.761459e-05	8.704724e-04	1.034111e-03	4.761459e-05	-4.761459e-05	-7.437521e-04	4.016525e-03
97            	1.904619e-03	-2.924687e-20	3.273029e-03	-8.182573e-05	-2.380575e-03	4.761547e-05	8.704837e-04	1.034135e-03	4.761547e-05	-4.761547e-05	-7.440607e-04	4.017090e-03
98            	1.904650e-03	-2.924949e-20	3.273258e-03	-8.183145e-05	-2.380963e-03	4.761626e-05	8.704938e-04	1.034157e-03	4.761626e-05	-4.761626e-05	-7.443344e-04	4.017592e-03
99            	1.904679e-03	-2.925185e-20	3.273462e-03	-8.183655e-05	-2.381308e-03	4.761697e-05	8.705029e-04	1.034176e-03	4.761697e-05	-4.761697e-05	-7.445768e-04	4.018039e-03
100           	1.904704e-03	-2.925395e-20	3.273643e-03	-8.184106e-05	-2.381612e-03	4.761760e-05	8.705109e-04	1.034193e-03	4.761760e-05	-4.761760e-05	-7.447904e-04	4.018433e-03
101           	1.904726e-03	-2.925581e-20	3.273801e-03	-8.184503e-05	-2.381878e-03	4.761814e-05	8.705178e-04	1.034208e-03	4.761814e-05	-4.761814e-05	-7.449777e-04	4.018779e-03
102           	1.904744e-03	-2.925744e-20	3.273939e-03	-8.184848e-05	-2.382110e-03	4.761860e-05	8.705236e-04	1.034221e-03	4.761860e-05	-4.761860e-05	-7.451408e-04	4.019080e-03
103           	1.904760e-03	-2.925888e-20	3.274059e-03	-8.185148e-05	-2.382312e-03	4.761899e-05	8.705284e-04	1.034231e-03	4.761899e-05	-4.761899e-05	-7.452820e-04	4.019341e-03
104           	1.904773e-03	-2.926024e-20	3.274164e-03	-8.185409e-05	-2.382486e-03	4.761933e-05	8.705326e-04	1.034241e-03	4.761933e-05	-4.761933e-05	-7.454038e-04	4.019567e-03
105           	1.904784e-03	-2.926127e-20	3.274251e-03	-8.185628e-05	-2.382632e-03	4.761959e-05	8.705356e-04	1.034248e-03	4.761959e-05	-4.761959e-05	-7.455068e-04	4.019758e-03
106           	1.904792e-03	-2.926218e-20	3.274326e-03	-8.185814e-05	-2.382757e-03	4.761980e-05	8.705379e-04	1.034254e-03	4.761980e-05	-4.761980e-05	-7.455943e-04	4.019920e-03
107           	1.904799e-03	-2.926294e-20	3.274388e-03	-8.185970e-05	-2.382861e-03	4.761997e-05	8.705397e-04	1.034259e-03	4.761997e-05	-4.761997e-05	-7.456673e-04	4.020055e-03
108           	1.904804e-03	-2.926358e-20	3.274440e-03	-8.186099e-05	-2.382947e-03	4.762010e-05	8.705409e-04	1.034263e-03	4.762010e-05	-4.762010e-05	-7.457274e-04	4.020167e-03
109           	1.904807e-03	-2.926410e-20	3.274481e-03	-8.186204e-05	-2.383017e-03	4.762019e-05	8.705417e-04	1.034266e-03	4.762019e-05	-4.762019e-05	-7.457759e-04	4.020257e-03
110           	1.904810e-03	-2.926453e-20	3.274515e-03	-8.186286e-05	-2.383071e-03	4.762025e-05	8.705421e-04	1.034268e-03	4.762025e-05	-4.762025e-05	-7.458142e-04	4.020329e-03
111           	1.904811e-03	-2.926486e-20	3.274540e-03	-8.186350e-05	-2.383113e-03	4.762028e-05	8.705421e-04	1.034269e-03	4.762028e-05	-4.762028e-05	-7.458433e-04	4.020383e-03
112           	1.904811e-03	-2.926507e-20	3.274559e-03	-8.186397e-05	-2.383144e-03	4.762029e-05	8.705418e-04	1.034270e-03	4.762029e-05	-4.762029e-05	-7.458645e-04	4.020423e-03
113           	1.904811e-03	-2.926522e-20	3.274571e-03	-8.186428e-05	-2.383164e-03	4.762027e-05	8.705412e-04	1.034270e-03	4.762027e-05	-4.762027e-05	-7.458787e-04	4.020450e-03
114           	1.904810e-03	-2.926532e-20	3.274579e-03	-8.186447e-05	-2.383176e-03	4.762024e-05	8.705404e-04	1.034269e-03	4.762024e-05	-4.762024e-05	-7.458868e-04	4.020466e-03
115           	1.904808e-03	-2.926540e-20	3.274582e-03	-8.186454e-05	-2.383180e-03	4.762020e-05	8.705394e-04	1.034268e-03	4.762020e-05	-4.762020e-05	-7.458896e-04	4.020471e-03
116           	1.904806e-03	-2.926542e-20	3.274581e-03	-8.186452e-05	-2.383178e-03	4.762014e-05	8.705383e-04	1.034267e-03	4.762014e-05	-4.762014e-05	-7.458878e-04	4.020469e-03
117           	1.904803e-03	-2.926541e-20	3.274577e-03	-8.186442e-05	-2.383171e-03	4.762007e-05	8.705370e-04	1.034266e-03	4.762007e-05	-4.762007e-05	-7.458821e-04	4.020459e-03
118           	1.904800e-03	-2.926536e-20	3.274570e-03	-8.186425e-05	-2.383158e-03	4.762000e-05	8.705357e-04	1.034264e-03	4.762000e-05	-4.762000e-05	-7.458732e-04	4.020443e-03
119           	1.904797e-03	-2.926528e-20	3.274561e-03	-8.186401e-05	-2.383142e-03	4.761992e-05	8.705343e-04	1.034262e-03	4.761992e-05	-4.761992e-05	-7.458615e-04	4.020422e-03
120           	1.904793e-03	-2.926518e-20	3.274549e-03	-8.186373e-05	-2.383122e-03	4.761983e-05	8.705329e-04	1.034260e-03	4.761983e-05	-4.761983e-05	-7.458475e-04	4.020397e-03
121           	1.904790e-03	-2.926505e-20	3.274536e-03	-8.186341e-05	-2.383100e-03	4.761974e-05	8.705314e-04	1.034258e-03	4.761974e-05	-4.761974e-05	-7.458316e-04	4.020368e-03
122           	1.904786e-03	-2.926491e-20	3.274522e-03	-8.186304e-05	-2.383075e-03	4.761964e-05	8.705298e-04	1.034256e-03	4.761964e-05	-4.761964e-05	-7.458140e-04	4.020336e-03
123           	1.904782e-03	-2.926475e-20	3.274506e-03	-8.186265e-05	-2.383048e-03	4.761955e-05	8.705283e-04	1.034254e-03	4.761955e-05	-4.761955e-05	-7.457951e-04	4.020301e-03
124           	1.904778e-03	-2.926458e-20	3.274489e-03	-8.186224e-05	-2.383020e-03	4.761944e-05	8.705267e-04	1.034251e-03	4.761944e-05	-4.761944e-05	-7.457750e-04	4.020264e-03
125           	1.904774e-03	-2.926440e-20	3.274472e-03	-8.186180e-05	-2.382990e-03	4.761934e-05	8.705250e-04	1.034249e-03	4.761934e-05	-4.761934e-05	-7.457542e-04	4.020226e-03
126           	1.904770e-03	-2.926422e-20	3.274454e-03	-8.186134e-05	-2.382960e-03	4.761924e-05	8.705234e-04	1.034246e-03	4.761924e-05	-4.761924e-05	-7.457326e-04	4.020186e-03
127           	1.904765e-03	-2.926402e-20	3.274435e-03	-8.186088e-05	-2.382928e-03	4.761913e-05	8.705218e-04	1.034244e-03	4.761913e-05	-4.761913e-05	-7.457107e-04	4.020146e-03
128           	1.904761e-03	-2.926383e-20	3.274416e-03	-8.186041e-05	-2.382897e-03	4.761903e-05	8.705202e-04	1.034241e-03	4.761903e-05	-4.761903e-05	-7.456886e-04	4.020105e-03
129           	1.904757e-03	-2.926363e-20	3.274397e-03	-8.185993e-05	-2.382865e-03	4.761893e-05	8.705187e-04	1.034239e-03	4.761893e-05	-4.761893e-05	-7.456661e-04	4.020063e-03
130           	1.904753e-03	-2.926343e-20	3.274378e-03	-8.185946e-05	-2.382833e-03	4.761883e-05	8.705172e-04	1.034236e-03	4.761883e-05	-4.761883e-05	-7.456439e-04	4.020022e-03
131           	1.904749e-03	-2.926323e-20	3.274360e-03	-8.185900e-05	-2.382802e-03	4.761873e-05	8.705157e-04	1.034234e-03	4.761873e-05	-4.761873e-05	-7.456220e-04	4.019982e-03
132           	1.904746e-03	-2.926304e-20	3.274342e-03	-8.185854e-05	-2.382771e-03	4.761864e-05	8.705143e-04	1.034231e-03	4.761864e-05	-4.761864e-05	-7.456005e-04	4.019942e-03
133           	1.904742e-03	-2.926286e-20	3.274324e-03	-8.185810e-05	-2.382742e-03	4.761856e-05	8.705130e-04	1.034229e-03	4.761856e-05	-4.761856e-05	-7.455799e-04	4.019904e-03
134           	1.904739e-03	-2.926268e-20	3.274307e-03	-8.185767e-05	-2.382713e-03	4.761847e-05	8.705117e-04	1.034227e-03	4.761847e-05	-4.761847e-05	-7.455598e-04	4.019867e-03
135           	1.904736e-03	-2.926251e-20	3.274290e-03	-8.185725e-05	-2.382685e-03	4.761839e-05	8.705105e-04	1.034225e-03	4.761839e-05	-4.761839e-05	-7.455402e-04	4.019830e-03
136           	1.904732e-03	-2.926234e-20	3.274274e-03	-8.185684e-05	-2.382658e-03	4.761831e-05	8.705094e-04	1.034223e-03	4.761831e-05	-4.761831e-05	-7.455212e-04	4.019795e-03
137           	1.904730e-03	-2.926218e-20	3.274258e-03	-8.185646e-05	-2.382632e-03	4.761824e-05	8.705083e-04	1.034221e-03	4.761824e-05	-4.761824e-05	-7.455029e-04	4.019761e-03
138           	1.904727e-03	-2.926202e-20	3.274243e-03	-8.185609e-05	-2.382607e-03	4.761817e-05	8.705074e-04	1.034220e-03	4.761817e-05	-4.761817e-05	-7.454854e-04	4.019729e-03
139           	1.904724e-03	-2.926187e-20	3.274230e-03	-8.185574e-05	-2.382584e-03	4.761811e-05	8.705065e-04	1.034218e-03	4.761811e-05	-4.761811e-05	-7.454689e-04	4.019698e-03
140           	1.904722e-03	-2.926174e-20	3.274216e-03	-8.185541e-05	-2.382561e-03	4.761805e-05	8.705057e-04	1.034216e-03	4.761805e-05	-4.761805e-05	-7.454532e-04	4.019670e-03
141           	1.904720e-03	-2.926161e-20	3.274204e-03	-8.185510e-05	-2.382541e-03	4.761800e-05	8.705049e-04	1.034215e-03	4.761800e-05	-4.761800e-05	-7.454385e-04	4.019643e-03
142           	1.904718e-03	-2.926148e-20	3.274193e-03	-8.185482e-05	-2.382521e-03	4.761795e-05	8.705042e-04	1.034214e-03	4.761795e-05	-4.761795e-05	-7.454249e-04	4.019618e-03
143           	1.904716e-03	-2.926137e-20	3.274182e-03	-8.185455e-05	-2.382503e-03	4.761791e-05	8.705037e-04	1.034213e-03	4.761791e-05	-4.761791e-05	-7.454122e-04	4.019594e-03
144           	1.904715e-03	-2.926127e-20	3.274172e-03	-8.185431e-05	-2.382487e-03	4.761787e-05	8.705031e-04	1.034212e-03	4.761787e-05	-4.761787e-05	-7.454006e-04	4.019573e-03
145           	1.904713e-03	-2.926117e-20	3.274163e-03	-8.185408e-05	-2.382471e-03	4.761784e-05	8.705026e-04	1.034211e-03	4.761784e-05	-4.761784e-05	-7.453897e-04	4.019553e-03
146           	1.904712e-03	-2.926108e-20	3.274155e-03	-8.185387e-05	-2.382457e-03	4.761780e-05	8.705022e-04	1.034210e-03	4.761780e-05	-4.761780e-05	-7.453795e-04	4.019534e-03
147           	1.904711e-03	-2.926099e-20	3.274147e-03	-8.185367e-05	-2.382444e-03	4.761777e-05	8.705017e-04	1.034209e-03	4.761777e-05	-4.761777e-05	-7.453701e-04	4.019517e-03
148           	1.904710e-03	-2.926091e-20	3.274140e-03	-8.185349e-05	-2.382431e-03	4.761774e-05	8.705013e-04	1.034208e-03	4.761774e-05	-4.761774e-05	-7.453616e-04	4.019501e-03
149           	1.904709e-03	-2.926084e-20	3.274133e-03	-8.185333e-05	-2.382421e-03	4.761772e-05	8.705010e-04	1.034208e-03	4.761772e-05	-4.761772e-05	-7.453540e-04	4.019487e-03
150           	1.904708e-03	-2.926078e-20	3.274127e-03	-8.185319e-05	-2.382411e-03	4.761769e-05	8.705007e-04	1.034207e-03	4.761769e-05	-4.761769e-05	-7.453470e-04	4.019475e-03
151           	1.904707e-03	-2.926072e-20	3.274122e-03	-8.185306e-05	-2.382402e-03	4.761767e-05	8.705004e-04	1.034207e-03	4.761767e-05	-4.761767e-05	-7.453408e-04	4.019463e-03
152           	1.904706e-03	-2.926066e-20	3.274117e-03	-8.185294e-05	-2.382394e-03	4.761766e-05	8.705002e-04	1.034206e-03	4.761766e-05	-4.761766e-05	-7.453351e-04	4.019453e-03
153           	1.904706e-03	-2.926061e-20	3.274113e-03	-8.185283e-05	-2.382387e-03	4.761764e-05	8.705000e-04	1.034206e-03	4.761764e-05	-4.761764e-05	-7.453301e-04	4.019443e-03
154           	1.904705e-03	-2.926057e-20	3.274109e-03	-8.185273e-05	-2.382380e-03	4.761763e-05	8.704998e-04	1.034205e-03	4.761763e-05	-4.761763e-05	-7.453255e-04	4.019435e-03
155           	1.904705e-03	-2.926053e-20	3.274106e-03	-8.185265e-05	-2.382374e-03	4.761761e-05	8.704997e-04	1.034205e-03	4.761761e-05	-4.761761e-05	-7.453214e-04	4.019427e-03
156           	1.904704e-03	-2.926049e-20	3.274103e-03	-8.185257e-05	-2.382369e-03	4.761760e-05	8.704995e-04	1.034205e-03	4.761760e-05	-4.761760e-05	-7.453178e-04	4.019421e-03
157           	1.904704e-03	-2.926046e-20	3.274100e-03	-8.185251e-05	-2.382365e-03	4.761760e-05	8.704994e-04	1.034204e-03	4.761760e-05	-4.761760e-05	-7.453146e-04	4.019415e-03
158           	1.904703e-03	-2.926043e-20	3.274098e-03	-8.185245e-05	-2.382361e-03	4.761759e-05	8.704993e-04	1.034204e-03	4.761759e-05	-4.761759e-05	-7.453118e-04	4.019410e-03
159           	1.904703e-03	-2.926041e-20	3.274096e-03	-8.185240e-05	-2.382357e-03	4.761758e-05	8.704992e-04	1.034204e-03	4.761758e-05	-4.761758e-05	-7.453094e-04	4.019405e-03
160           	1.904703e-03	-2.926039e-20	3.274094e-03	-8.185235e-05	-2.382354e-03	4.761758e-05	8.704992e-04	1.034204e-03	4.761758e-05	-4.761758e-05	-7.453073e-04	4.019401e-03
161           	1.904703e-03	-2.926038e-20	3.274093e-03	-8.185233e-05	-2.382353e-03	4.761758e-05	8.704992e-04	1.034204e-03	4.761758e-05	-4.761758e-05	-7.453061e-04	4.019399e-03
162           	1.904703e-03	-2.926035e-20	3.274092e-03	-8.185229e-05	-2.382350e-03	4.761757e-05	8.704990e-04	1.034204e-03	4.761757e-05	-4.761757e-05	-7.453045e-04	4.019396e-03
163           	1.904703e-03	-2.926034e-20	3.274091e-03	-8.185227e-05	-2.382349e-03	4.761757e-05	8.704990e-04	1.034204e-03	4.761757e-05	-4.761757e-05	-7.453032e-04	4.019394e-03
164           	1.904703e-03	-2.926034e-20	3.274090e-03	-8.185225e-05	-2.382347e-03	4.761757e-05	8.704991e-04	1.034204e-03	4.761757e-05	-4.761757e-05	-7.453024e-04	4.019393e-03
165           	1.904702e-03	-2.926032e-20	3.274089e-03	-8.185223e-05	-2.382346e-03	4.761756e-05	8.704990e-04	1.034203e-03	4.761756e-05	-4.761756e-05	-7.453015e-04	4.019391e-03
166           	1.904702e-03	-2.926032e-20	3.274089e-03	-8.185221e-05	-2.382345e-03	4.761756e-05	8.704990e-04	1.034203e-03	4.761756e-05	-4.761756e-05	-7.453008e-04	4.019389e-03
167           	1.904702e-03	-2.926031e-20	3.274088e-03	-8.185220e-05	-2.382344e-03	4.761756e-05	8.704990e-04	1.034203e-03	4.761756e-05	-4.761756e-05	-7.453000e-04	4.019388e-03
168           	1.904703e-03	-2.926031e-20	3.274088e-03	-8.185220e-05	-2.382344e-03	4.761756e-05	8.704991e-04	1.034203e-03	4.761756e-05	-4.761756e-05	-7.452996e-04	4.019387e-03
169           	1.904702e-03	-2.926030e-20	3.274087e-03	-8.185218e-05	-2.382343e-03	4.761756e-05	8.704990e-04	1.034203e-03	4.761756e-05	-4.761756e-05	-7.452993e-04	4.019387e-03
