# Force coefficients
# dragDir     : (1.000000e+00 0.000000e+00 0.000000e+00)
# sideDir     : (0.000000e+00 0.000000e+00 -1.000000e+00)
# liftDir     : (0.000000e+00 1.000000e+00 0.000000e+00)
# rollAxis    : (1.000000e+00 0.000000e+00 0.000000e+00)
# pitchAxis   : (0.000000e+00 0.000000e+00 -1.000000e+00)
# yawAxis     : (0.000000e+00 1.000000e+00 0.000000e+00)
# magUInf     : 2.000000e-02
# lRef        : 1.000000e-01
# Aref        : 1.000000e-01
# CofR        : (0.000000e+00 0.000000e+00 0.000000e+00)
#
# Time        	Cd            	Cs            	Cl            	CmRoll        	CmPitch       	CmYaw         	Cd(f)         	Cd(r)         	Cs(f)         	Cs(r)         	Cl(f)         	Cl(r)         
1             	2.558864e-03	2.835950e-20	2.432668e-03	-6.081669e-05	3.979716e-04	6.397161e-05	1.218615e-03	1.340249e-03	6.397161e-05	-6.397161e-05	1.614305e-03	8.183622e-04
2             	5.654925e-03	1.696933e-19	2.365323e-03	-5.913307e-05	7.284462e-03	1.413731e-04	2.768329e-03	2.886595e-03	1.413731e-04	-1.413731e-04	8.467124e-03	-6.101801e-03
3             	5.168769e-03	1.591384e-19	-6.401575e-04	1.600394e-05	1.248857e-02	1.292192e-04	2.600388e-03	2.568380e-03	1.292192e-04	-1.292192e-04	1.216849e-02	-1.280865e-02
4             	4.088780e-03	4.128184e-20	-1.344656e-03	3.361640e-05	1.140285e-02	1.022195e-04	2.078007e-03	2.010774e-03	1.022195e-04	-1.022195e-04	1.073052e-02	-1.207518e-02
5             	2.973625e-03	-1.544325e-20	-1.265214e-03	3.163034e-05	8.618571e-03	7.434063e-05	1.518443e-03	1.455182e-03	7.434063e-05	-7.434063e-05	7.985964e-03	-9.251177e-03
6             	2.271611e-03	-2.443038e-20	-9.728729e-04	2.432182e-05	6.376980e-03	5.679027e-05	1.160127e-03	1.111484e-03	5.679027e-05	-5.679027e-05	5.890544e-03	-6.863416e-03
7             	1.941472e-03	-1.830750e-20	-1.277547e-03	3.193867e-05	6.206334e-03	4.853679e-05	1.002674e-03	9.387971e-04	4.853679e-05	-4.853679e-05	5.567561e-03	-6.845108e-03
8             	2.088997e-03	-1.093673e-20	-1.556575e-03	3.891437e-05	7.087905e-03	5.222492e-05	1.083413e-03	1.005584e-03	5.222492e-05	-5.222492e-05	6.309617e-03	-7.866192e-03
9             	2.298980e-03	-4.492503e-21	-1.908732e-03	4.771830e-05	8.263109e-03	5.747451e-05	1.197208e-03	1.101772e-03	5.747451e-05	-5.747451e-05	7.308743e-03	-9.217475e-03
10            	2.526649e-03	-1.772656e-21	-1.924514e-03	4.811285e-05	8.802599e-03	6.316622e-05	1.311437e-03	1.215211e-03	6.316622e-05	-6.316622e-05	7.840342e-03	-9.764856e-03
11            	2.625848e-03	-1.375197e-24	-1.846890e-03	4.617225e-05	8.898951e-03	6.564619e-05	1.359096e-03	1.266752e-03	6.564619e-05	-6.564619e-05	7.975506e-03	-9.822396e-03
12            	2.677743e-03	1.140403e-21	-1.578290e-03	3.945725e-05	8.502478e-03	6.694357e-05	1.378329e-03	1.299414e-03	6.694357e-05	-6.694357e-05	7.713333e-03	-9.291623e-03
13            	2.692780e-03	1.714785e-21	-1.263854e-03	3.159636e-05	7.933549e-03	6.731950e-05	1.377986e-03	1.314794e-03	6.731950e-05	-6.731950e-05	7.301622e-03	-8.565476e-03
14            	2.686790e-03	2.135718e-21	-9.623669e-04	2.405917e-05	7.343658e-03	6.716975e-05	1.367454e-03	1.319336e-03	6.716975e-05	-6.716975e-05	6.862475e-03	-7.824842e-03
15            	2.667947e-03	2.518455e-21	-6.871500e-04	1.717875e-05	6.776511e-03	6.669868e-05	1.351152e-03	1.316795e-03	6.669868e-05	-6.669868e-05	6.432936e-03	-7.120086e-03
16            	2.657060e-03	2.568553e-21	-4.856664e-04	1.214166e-05	6.371301e-03	6.642649e-05	1.340672e-03	1.316388e-03	6.642649e-05	-6.642649e-05	6.128468e-03	-6.614134e-03
17            	2.652004e-03	2.785609e-21	-3.440966e-04	8.602414e-06	6.094236e-03	6.630010e-05	1.334604e-03	1.317400e-03	6.630010e-05	-6.630010e-05	5.922188e-03	-6.266285e-03
18            	2.660159e-03	2.920331e-21	-2.614767e-04	6.536917e-06	5.961970e-03	6.650397e-05	1.336616e-03	1.323543e-03	6.650397e-05	-6.650397e-05	5.831232e-03	-6.092709e-03
19            	2.676348e-03	3.204044e-21	-2.306722e-04	5.766806e-06	5.949391e-03	6.690869e-05	1.343941e-03	1.332407e-03	6.690869e-05	-6.690869e-05	5.834054e-03	-6.064727e-03
20            	2.701237e-03	3.510425e-21	-2.355998e-04	5.889994e-06	6.026188e-03	6.753093e-05	1.356509e-03	1.344729e-03	6.753093e-05	-6.753093e-05	5.908388e-03	-6.143988e-03
21            	2.732172e-03	3.824621e-21	-2.609528e-04	6.523821e-06	6.154728e-03	6.830431e-05	1.372610e-03	1.359562e-03	6.830431e-05	-6.830431e-05	6.024251e-03	-6.285204e-03
22            	2.766565e-03	4.131330e-21	-2.848428e-04	7.121069e-06	6.283785e-03	6.916412e-05	1.390403e-03	1.376161e-03	6.916412e-05	-6.916412e-05	6.141363e-03	-6.426206e-03
23            	2.804054e-03	4.476777e-21	-2.921836e-04	7.304589e-06	6.380786e-03	7.010135e-05	1.409332e-03	1.394722e-03	7.010135e-05	-7.010135e-05	6.234694e-03	-6.526878e-03
24            	2.838658e-03	5.020628e-21	-2.659320e-04	6.648301e-06	6.398370e-03	7.096644e-05	1.425977e-03	1.412681e-03	7.096644e-05	-7.096644e-05	6.265404e-03	-6.531336e-03
25            	2.868334e-03	5.529048e-21	-2.082296e-04	5.205739e-06	6.337960e-03	7.170835e-05	1.439373e-03	1.428961e-03	7.170835e-05	-7.170835e-05	6.233845e-03	-6.442074e-03
26            	2.889989e-03	5.971781e-21	-1.337688e-04	3.344221e-06	6.225503e-03	7.224972e-05	1.448339e-03	1.441650e-03	7.224972e-05	-7.224972e-05	6.158618e-03	-6.292387e-03
27            	2.903498e-03	6.325932e-21	-6.441720e-05	1.610430e-06	6.108166e-03	7.258746e-05	1.453360e-03	1.450139e-03	7.258746e-05	-7.258746e-05	6.075957e-03	-6.140375e-03
28            	2.910529e-03	6.576466e-21	-1.777432e-05	4.443581e-07	6.027314e-03	7.276322e-05	1.455709e-03	1.454820e-03	7.276322e-05	-7.276322e-05	6.018426e-03	-6.036201e-03
29            	2.914416e-03	6.706845e-21	5.036124e-06	-1.259031e-07	5.992065e-03	7.286039e-05	1.457082e-03	1.457334e-03	7.286039e-05	-7.286039e-05	5.994583e-03	-5.989547e-03
30            	2.917742e-03	6.793257e-21	3.498618e-06	-8.746546e-08	6.008560e-03	7.294354e-05	1.458783e-03	1.458958e-03	7.294354e-05	-7.294354e-05	6.010310e-03	-6.006811e-03
31            	2.919190e-03	6.839062e-21	-2.795562e-05	6.988905e-07	6.085583e-03	7.297974e-05	1.460294e-03	1.458896e-03	7.297974e-05	-7.297974e-05	6.071606e-03	-6.099561e-03
32            	2.922047e-03	6.893294e-21	-5.920639e-05	1.480160e-06	6.163734e-03	7.305118e-05	1.462504e-03	1.459543e-03	7.305118e-05	-7.305118e-05	6.134131e-03	-6.193337e-03
33            	2.925070e-03	6.905491e-21	-7.981061e-05	1.995265e-06	6.217976e-03	7.312676e-05	1.464530e-03	1.460540e-03	7.312676e-05	-7.312676e-05	6.178070e-03	-6.257881e-03
34            	2.927452e-03	6.918856e-21	-8.281201e-05	2.070300e-06	6.231703e-03	7.318630e-05	1.465796e-03	1.461656e-03	7.318630e-05	-7.318630e-05	6.190297e-03	-6.273109e-03
35            	2.928626e-03	6.937669e-21	-7.447418e-05	1.861855e-06	6.217441e-03	7.321564e-05	1.466175e-03	1.462451e-03	7.321564e-05	-7.321564e-05	6.180204e-03	-6.254678e-03
36            	2.929203e-03	6.963962e-21	-4.685343e-05	1.171336e-06	6.159759e-03	7.323008e-05	1.465773e-03	1.463430e-03	7.323008e-05	-7.323008e-05	6.136332e-03	-6.183186e-03
37            	2.928057e-03	7.008932e-21	-1.609233e-05	4.023081e-07	6.092309e-03	7.320142e-05	1.464431e-03	1.463626e-03	7.320142e-05	-7.320142e-05	6.084263e-03	-6.100355e-03
38            	2.924855e-03	7.044975e-21	3.730177e-06	-9.325442e-08	6.044279e-03	7.312138e-05	1.462334e-03	1.462521e-03	7.312138e-05	-7.312138e-05	6.046144e-03	-6.042414e-03
39            	2.921390e-03	7.060610e-21	9.192440e-06	-2.298110e-07	6.027098e-03	7.303474e-05	1.460465e-03	1.460925e-03	7.303474e-05	-7.303474e-05	6.031694e-03	-6.022502e-03
40            	2.918767e-03	7.056226e-21	-1.147210e-06	2.868025e-08	6.045870e-03	7.296919e-05	1.459412e-03	1.459355e-03	7.296919e-05	-7.296919e-05	6.045296e-03	-6.046443e-03
41            	2.916814e-03	7.019288e-21	-2.960526e-05	7.401315e-07	6.104636e-03	7.292036e-05	1.459147e-03	1.457667e-03	7.292036e-05	-7.292036e-05	6.089834e-03	-6.119439e-03
42            	2.916893e-03	6.933902e-21	-6.015082e-05	1.503770e-06	6.171465e-03	7.292233e-05	1.459950e-03	1.456943e-03	7.292233e-05	-7.292233e-05	6.141390e-03	-6.201541e-03
43            	2.918344e-03	6.882327e-21	-8.376396e-05	2.094099e-06	6.225708e-03	7.295860e-05	1.461266e-03	1.457078e-03	7.295860e-05	-7.295860e-05	6.183826e-03	-6.267590e-03
44            	2.919800e-03	6.839219e-21	-9.559249e-05	2.389812e-06	6.253882e-03	7.299500e-05	1.462290e-03	1.457510e-03	7.299500e-05	-7.299500e-05	6.206086e-03	-6.301678e-03
45            	2.920658e-03	6.807483e-21	-9.533273e-05	2.383318e-06	6.254239e-03	7.301644e-05	1.462712e-03	1.457945e-03	7.301644e-05	-7.301644e-05	6.206573e-03	-6.301906e-03
46            	2.920522e-03	6.783034e-21	-8.419645e-05	2.104911e-06	6.228782e-03	7.301304e-05	1.462366e-03	1.458156e-03	7.301304e-05	-7.301304e-05	6.186684e-03	-6.270880e-03
47            	2.919050e-03	6.774853e-21	-6.636216e-05	1.659054e-06	6.186317e-03	7.297625e-05	1.461184e-03	1.457866e-03	7.297625e-05	-7.297625e-05	6.153136e-03	-6.219498e-03
48            	2.916565e-03	6.769530e-21	-5.243213e-05	1.310803e-06	6.150532e-03	7.291412e-05	1.459593e-03	1.456972e-03	7.291412e-05	-7.291412e-05	6.124316e-03	-6.176748e-03
49            	2.913948e-03	6.759995e-21	-4.724103e-05	1.181026e-06	6.133714e-03	7.284869e-05	1.458155e-03	1.455793e-03	7.284869e-05	-7.284869e-05	6.110094e-03	-6.157335e-03
50            	2.911882e-03	6.743022e-21	-5.129755e-05	1.282439e-06	6.138295e-03	7.279704e-05	1.457223e-03	1.454658e-03	7.279704e-05	-7.279704e-05	6.112646e-03	-6.163944e-03
51            	2.910337e-03	6.713467e-21	-6.659384e-05	1.664846e-06	6.168230e-03	7.275841e-05	1.456833e-03	1.453503e-03	7.275841e-05	-7.275841e-05	6.134933e-03	-6.201527e-03
52            	2.909931e-03	6.667095e-21	-8.774204e-05	2.193551e-06	6.212887e-03	7.274829e-05	1.457159e-03	1.452772e-03	7.274829e-05	-7.274829e-05	6.169016e-03	-6.256758e-03
53            	2.910527e-03	6.620074e-21	-1.053402e-04	2.633504e-06	6.251680e-03	7.276317e-05	1.457897e-03	1.452630e-03	7.276317e-05	-7.276317e-05	6.199010e-03	-6.304350e-03
54            	2.911579e-03	6.584335e-21	-1.152703e-04	2.881758e-06	6.274656e-03	7.278948e-05	1.458671e-03	1.452908e-03	7.278948e-05	-7.278948e-05	6.217020e-03	-6.332291e-03
55            	2.912440e-03	6.560227e-21	-1.173318e-04	2.933295e-06	6.279993e-03	7.281100e-05	1.459153e-03	1.453287e-03	7.281100e-05	-7.281100e-05	6.221327e-03	-6.338659e-03
56            	2.912865e-03	6.545779e-21	-1.114151e-04	2.785378e-06	6.266990e-03	7.282163e-05	1.459218e-03	1.453647e-03	7.282163e-05	-7.282163e-05	6.211283e-03	-6.322698e-03
57            	2.912586e-03	6.542926e-21	-9.817511e-05	2.454378e-06	6.236932e-03	7.281465e-05	1.458747e-03	1.453839e-03	7.281465e-05	-7.281465e-05	6.187844e-03	-6.286020e-03
58            	2.911559e-03	6.550390e-21	-8.586159e-05	2.146540e-06	6.207651e-03	7.278898e-05	1.457926e-03	1.453633e-03	7.278898e-05	-7.278898e-05	6.164720e-03	-6.250582e-03
59            	2.910171e-03	6.555040e-21	-7.894388e-05	1.973597e-06	6.189507e-03	7.275428e-05	1.457059e-03	1.453112e-03	7.275428e-05	-7.275428e-05	6.150035e-03	-6.228979e-03
60            	2.909050e-03	6.554590e-21	-7.794108e-05	1.948527e-06	6.184982e-03	7.272625e-05	1.456473e-03	1.452576e-03	7.272625e-05	-7.272625e-05	6.146011e-03	-6.223952e-03
61            	2.908352e-03	6.549860e-21	-8.316549e-05	2.079137e-06	6.194924e-03	7.270879e-05	1.456255e-03	1.452097e-03	7.270879e-05	-7.270879e-05	6.153341e-03	-6.236507e-03
62            	2.908305e-03	6.534080e-21	-9.442701e-05	2.360675e-06	6.219196e-03	7.270763e-05	1.456513e-03	1.451792e-03	7.270763e-05	-7.270763e-05	6.171983e-03	-6.266410e-03
63            	2.908970e-03	6.513018e-21	-1.060314e-04	2.650784e-06	6.245476e-03	7.272426e-05	1.457136e-03	1.451834e-03	7.272426e-05	-7.272426e-05	6.192460e-03	-6.298491e-03
64            	2.909953e-03	6.494462e-21	-1.133683e-04	2.834207e-06	6.263040e-03	7.274882e-05	1.457811e-03	1.452142e-03	7.274882e-05	-7.274882e-05	6.206356e-03	-6.319724e-03
65            	2.910886e-03	6.481385e-21	-1.152911e-04	2.882278e-06	6.268645e-03	7.277216e-05	1.458325e-03	1.452561e-03	7.277216e-05	-7.277216e-05	6.211000e-03	-6.326291e-03
66            	2.911608e-03	6.475435e-21	-1.116365e-04	2.790913e-06	6.261651e-03	7.279019e-05	1.458595e-03	1.453013e-03	7.279019e-05	-7.279019e-05	6.205833e-03	-6.317469e-03
67            	2.911933e-03	6.477113e-21	-1.023936e-04	2.559839e-06	6.241847e-03	7.279832e-05	1.458526e-03	1.453407e-03	7.279832e-05	-7.279832e-05	6.190650e-03	-6.293044e-03
68            	2.911638e-03	6.484935e-21	-9.284202e-05	2.321050e-06	6.220305e-03	7.279094e-05	1.458140e-03	1.453498e-03	7.279094e-05	-7.279094e-05	6.173884e-03	-6.266726e-03
69            	2.910945e-03	6.490711e-21	-8.582596e-05	2.145649e-06	6.203592e-03	7.277362e-05	1.457618e-03	1.453327e-03	7.277362e-05	-7.277362e-05	6.160679e-03	-6.246505e-03
70            	2.910257e-03	6.494651e-21	-8.232992e-05	2.058248e-06	6.194670e-03	7.275643e-05	1.457187e-03	1.453070e-03	7.275643e-05	-7.275643e-05	6.153505e-03	-6.235835e-03
71            	2.909779e-03	6.495013e-21	-8.314759e-05	2.078690e-06	6.195633e-03	7.274448e-05	1.456968e-03	1.452811e-03	7.274448e-05	-7.274448e-05	6.154059e-03	-6.237207e-03
72            	2.909661e-03	6.490574e-21	-8.845247e-05	2.211312e-06	6.207087e-03	7.274153e-05	1.457042e-03	1.452619e-03	7.274153e-05	-7.274153e-05	6.162861e-03	-6.251313e-03
73            	2.909996e-03	6.480736e-21	-9.586640e-05	2.396660e-06	6.223912e-03	7.274989e-05	1.457395e-03	1.452601e-03	7.274989e-05	-7.274989e-05	6.175978e-03	-6.271845e-03
74            	2.910624e-03	6.470000e-21	-1.012242e-04	2.530604e-06	6.236774e-03	7.276561e-05	1.457843e-03	1.452782e-03	7.276561e-05	-7.276561e-05	6.186162e-03	-6.287386e-03
75            	2.911297e-03	6.463369e-21	-1.031064e-04	2.577661e-06	6.242106e-03	7.278242e-05	1.458226e-03	1.453071e-03	7.278242e-05	-7.278242e-05	6.190552e-03	-6.293659e-03
76            	2.911840e-03	6.461733e-21	-1.014847e-04	2.537118e-06	6.239505e-03	7.279600e-05	1.458457e-03	1.453383e-03	7.279600e-05	-7.279600e-05	6.188763e-03	-6.290247e-03
77            	2.912232e-03	6.465288e-21	-9.600649e-05	2.400162e-06	6.228265e-03	7.280579e-05	1.458516e-03	1.453716e-03	7.280579e-05	-7.280579e-05	6.180262e-03	-6.276268e-03
78            	2.912240e-03	6.473997e-21	-8.904793e-05	2.226198e-06	6.213146e-03	7.280601e-05	1.458346e-03	1.453894e-03	7.280601e-05	-7.280601e-05	6.168622e-03	-6.257670e-03
79            	2.911896e-03	6.482586e-21	-8.347206e-05	2.086801e-06	6.200385e-03	7.279739e-05	1.458035e-03	1.453861e-03	7.279739e-05	-7.279739e-05	6.158649e-03	-6.242121e-03
80            	2.911468e-03	6.489069e-21	-8.035673e-05	2.008918e-06	6.192863e-03	7.278669e-05	1.457743e-03	1.453725e-03	7.278669e-05	-7.278669e-05	6.152684e-03	-6.233041e-03
81            	2.911141e-03	6.492933e-21	-7.971841e-05	1.992960e-06	6.190993e-03	7.277854e-05	1.457564e-03	1.453578e-03	7.277854e-05	-7.277854e-05	6.151134e-03	-6.230852e-03
82            	2.910964e-03	6.494164e-21	-8.170404e-05	2.042601e-06	6.195179e-03	7.277411e-05	1.457525e-03	1.453440e-03	7.277411e-05	-7.277411e-05	6.154327e-03	-6.236031e-03
83            	2.911099e-03	6.492660e-21	-8.597687e-05	2.149422e-06	6.204915e-03	7.277747e-05	1.457699e-03	1.453400e-03	7.277747e-05	-7.277747e-05	6.161926e-03	-6.247903e-03
84            	2.911464e-03	6.489114e-21	-8.989714e-05	2.247429e-06	6.214234e-03	7.278659e-05	1.457979e-03	1.453484e-03	7.278659e-05	-7.278659e-05	6.169286e-03	-6.259183e-03
85            	2.911906e-03	6.486517e-21	-9.185004e-05	2.296251e-06	6.219389e-03	7.279766e-05	1.458249e-03	1.453657e-03	7.279766e-05	-7.279766e-05	6.173464e-03	-6.265314e-03
86            	2.912307e-03	6.486184e-21	-9.168140e-05	2.292035e-06	6.219799e-03	7.280766e-05	1.458445e-03	1.453861e-03	7.280766e-05	-7.280766e-05	6.173958e-03	-6.265639e-03
87            	2.912612e-03	6.488384e-21	-8.927488e-05	2.231872e-06	6.215126e-03	7.281530e-05	1.458538e-03	1.454074e-03	7.281530e-05	-7.281530e-05	6.170488e-03	-6.259763e-03
88            	2.912703e-03	6.493714e-21	-8.505548e-05	2.126387e-06	6.206150e-03	7.281758e-05	1.458478e-03	1.454225e-03	7.281758e-05	-7.281758e-05	6.163623e-03	-6.248678e-03
89            	2.912546e-03	6.500501e-21	-8.098392e-05	2.024598e-06	6.197050e-03	7.281365e-05	1.458298e-03	1.454248e-03	7.281365e-05	-7.281365e-05	6.156558e-03	-6.237542e-03
90            	2.912234e-03	6.505985e-21	-7.839231e-05	1.959808e-06	6.190880e-03	7.280585e-05	1.458077e-03	1.454157e-03	7.280585e-05	-7.280585e-05	6.151683e-03	-6.230076e-03
91            	2.911971e-03	6.509569e-21	-7.757661e-05	1.939415e-06	6.188713e-03	7.279927e-05	1.457925e-03	1.454046e-03	7.279927e-05	-7.279927e-05	6.149924e-03	-6.227501e-03
92            	2.911788e-03	6.511062e-21	-7.852739e-05	1.963185e-06	6.190572e-03	7.279469e-05	1.457857e-03	1.453931e-03	7.279469e-05	-7.279469e-05	6.151308e-03	-6.229836e-03
93            	2.911771e-03	6.510363e-21	-8.118780e-05	2.029695e-06	6.196450e-03	7.279426e-05	1.457915e-03	1.453856e-03	7.279426e-05	-7.279426e-05	6.155856e-03	-6.237044e-03
94            	2.911947e-03	6.507801e-21	-8.412236e-05	2.103059e-06	6.203246e-03	7.279868e-05	1.458077e-03	1.453871e-03	7.279868e-05	-7.279868e-05	6.161185e-03	-6.245307e-03
95            	2.912215e-03	6.505324e-21	-8.598650e-05	2.149663e-06	6.207858e-03	7.280537e-05	1.458257e-03	1.453958e-03	7.280537e-05	-7.280537e-05	6.164865e-03	-6.250851e-03
96            	2.912455e-03	6.504160e-21	-8.637934e-05	2.159483e-06	6.209179e-03	7.281137e-05	1.458387e-03	1.454068e-03	7.281137e-05	-7.281137e-05	6.165990e-03	-6.252369e-03
97            	2.912642e-03	6.504783e-21	-8.534009e-05	2.133502e-06	6.207255e-03	7.281605e-05	1.458454e-03	1.454187e-03	7.281605e-05	-7.281605e-05	6.164585e-03	-6.249925e-03
98            	2.912706e-03	6.507253e-21	-8.290280e-05	2.072570e-06	6.202072e-03	7.281765e-05	1.458426e-03	1.454280e-03	7.281765e-05	-7.281765e-05	6.160621e-03	-6.243524e-03
99            	2.912602e-03	6.511117e-21	-8.024818e-05	2.006204e-06	6.196118e-03	7.281504e-05	1.458307e-03	1.454295e-03	7.281504e-05	-7.281504e-05	6.155994e-03	-6.236242e-03
100           	2.912396e-03	6.514522e-21	-7.835722e-05	1.958931e-06	6.191641e-03	7.280989e-05	1.458157e-03	1.454239e-03	7.280989e-05	-7.280989e-05	6.152462e-03	-6.230819e-03
101           	2.912194e-03	6.516951e-21	-7.758664e-05	1.939666e-06	6.189630e-03	7.280484e-05	1.458037e-03	1.454157e-03	7.280484e-05	-7.280484e-05	6.150837e-03	-6.228423e-03
102           	2.912039e-03	6.517994e-21	-7.800688e-05	1.950172e-06	6.190322e-03	7.280098e-05	1.457970e-03	1.454070e-03	7.280098e-05	-7.280098e-05	6.151319e-03	-6.229326e-03
103           	2.911962e-03	6.517513e-21	-7.965206e-05	1.991302e-06	6.193830e-03	7.279905e-05	1.457972e-03	1.453990e-03	7.279905e-05	-7.279905e-05	6.154004e-03	-6.233656e-03
104           	2.912029e-03	6.515678e-21	-8.178985e-05	2.044746e-06	6.198654e-03	7.280073e-05	1.458059e-03	1.453970e-03	7.280073e-05	-7.280073e-05	6.157759e-03	-6.239549e-03
105           	2.912179e-03	6.513647e-21	-8.340715e-05	2.085179e-06	6.202479e-03	7.280448e-05	1.458175e-03	1.454005e-03	7.280448e-05	-7.280448e-05	6.160776e-03	-6.244183e-03
106           	2.912341e-03	6.512314e-21	-8.408180e-05	2.102045e-06	6.204257e-03	7.280851e-05	1.458272e-03	1.454068e-03	7.280851e-05	-7.280851e-05	6.162216e-03	-6.246298e-03
107           	2.912467e-03	6.512070e-21	-8.382303e-05	2.095576e-06	6.203914e-03	7.281167e-05	1.458329e-03	1.454138e-03	7.281167e-05	-7.281167e-05	6.162002e-03	-6.245825e-03
108           	2.912532e-03	6.512951e-21	-8.262514e-05	2.065629e-06	6.201401e-03	7.281331e-05	1.458332e-03	1.454200e-03	7.281331e-05	-7.281331e-05	6.160089e-03	-6.242714e-03
109           	2.912488e-03	6.514941e-21	-8.091830e-05	2.022958e-06	6.197592e-03	7.281221e-05	1.458267e-03	1.454221e-03	7.281221e-05	-7.281221e-05	6.157133e-03	-6.238052e-03
110           	2.912365e-03	6.517169e-21	-7.949908e-05	1.987477e-06	6.194274e-03	7.280913e-05	1.458170e-03	1.454195e-03	7.280913e-05	-7.280913e-05	6.154525e-03	-6.234024e-03
111           	2.912224e-03	6.518842e-21	-7.883976e-05	1.970994e-06	6.192585e-03	7.280561e-05	1.458083e-03	1.454141e-03	7.280561e-05	-7.280561e-05	6.153165e-03	-6.232005e-03
112           	2.912108e-03	6.519482e-21	-7.894164e-05	1.973541e-06	6.192611e-03	7.280270e-05	1.458027e-03	1.454080e-03	7.280270e-05	-7.280270e-05	6.153140e-03	-6.232082e-03
113           	2.912030e-03	6.519192e-21	-7.982360e-05	1.995590e-06	6.194420e-03	7.280076e-05	1.458011e-03	1.454020e-03	7.280076e-05	-7.280076e-05	6.154508e-03	-6.234332e-03
114           	2.912035e-03	6.517934e-21	-8.119060e-05	2.029765e-06	6.197424e-03	7.280088e-05	1.458047e-03	1.453988e-03	7.280088e-05	-7.280088e-05	6.156828e-03	-6.238019e-03
115           	2.912111e-03	6.516387e-21	-8.236605e-05	2.059151e-06	6.200133e-03	7.280279e-05	1.458115e-03	1.453997e-03	7.280279e-05	-7.280279e-05	6.158950e-03	-6.241316e-03
116           	2.912211e-03	6.515160e-21	-8.304767e-05	2.076192e-06	6.201804e-03	7.280529e-05	1.458182e-03	1.454030e-03	7.280529e-05	-7.280529e-05	6.160280e-03	-6.243328e-03
117           	2.912298e-03	6.514498e-21	-8.316024e-05	2.079006e-06	6.202197e-03	7.280745e-05	1.458228e-03	1.454070e-03	7.280745e-05	-7.280745e-05	6.160617e-03	-6.243777e-03
118           	2.912354e-03	6.514496e-21	-8.269460e-05	2.067365e-06	6.201261e-03	7.280884e-05	1.458244e-03	1.454109e-03	7.280884e-05	-7.280884e-05	6.159913e-03	-6.242608e-03
119           	2.912350e-03	6.515168e-21	-8.173155e-05	2.043289e-06	6.199134e-03	7.280875e-05	1.458218e-03	1.454132e-03	7.280875e-05	-7.280875e-05	6.158269e-03	-6.240000e-03
120           	2.912286e-03	6.516266e-21	-8.077808e-05	2.019452e-06	6.196927e-03	7.280715e-05	1.458162e-03	1.454124e-03	7.280715e-05	-7.280715e-05	6.156538e-03	-6.237317e-03
121           	2.912196e-03	6.517207e-21	-8.021454e-05	2.005363e-06	6.195526e-03	7.280490e-05	1.458103e-03	1.454093e-03	7.280490e-05	-7.280490e-05	6.155419e-03	-6.235634e-03
122           	2.912117e-03	6.517659e-21	-8.008956e-05	2.002239e-06	6.195111e-03	7.280292e-05	1.458061e-03	1.454056e-03	7.280292e-05	-7.280292e-05	6.155066e-03	-6.235156e-03
123           	2.912059e-03	6.517621e-21	-8.042224e-05	2.010556e-06	6.195743e-03	7.280147e-05	1.458040e-03	1.454019e-03	7.280147e-05	-7.280147e-05	6.155532e-03	-6.235954e-03
124           	2.912037e-03	6.516962e-21	-8.122733e-05	2.030683e-06	6.197467e-03	7.280093e-05	1.458049e-03	1.453988e-03	7.280093e-05	-7.280093e-05	6.156854e-03	-6.238081e-03
125           	2.912071e-03	6.515817e-21	-8.206232e-05	2.051558e-06	6.199351e-03	7.280177e-05	1.458087e-03	1.453984e-03	7.280177e-05	-7.280177e-05	6.158319e-03	-6.240382e-03
126           	2.912132e-03	6.514823e-21	-8.261794e-05	2.065449e-06	6.200671e-03	7.280329e-05	1.458131e-03	1.454000e-03	7.280329e-05	-7.280329e-05	6.159362e-03	-6.241980e-03
127           	2.912189e-03	6.514191e-21	-8.280019e-05	2.070005e-06	6.201167e-03	7.280473e-05	1.458165e-03	1.454025e-03	7.280473e-05	-7.280473e-05	6.159767e-03	-6.242567e-03
128           	2.912232e-03	6.514032e-21	-8.262592e-05	2.065648e-06	6.200850e-03	7.280579e-05	1.458181e-03	1.454050e-03	7.280579e-05	-7.280579e-05	6.159537e-03	-6.242163e-03
129           	2.912246e-03	6.514310e-21	-8.210126e-05	2.052532e-06	6.199717e-03	7.280614e-05	1.458175e-03	1.454070e-03	7.280614e-05	-7.280614e-05	6.158666e-03	-6.240767e-03
130           	2.912219e-03	6.514953e-21	-8.146975e-05	2.036744e-06	6.198283e-03	7.280548e-05	1.458146e-03	1.454073e-03	7.280548e-05	-7.280548e-05	6.157549e-03	-6.239018e-03
131           	2.912168e-03	6.515612e-21	-8.098849e-05	2.024712e-06	6.197135e-03	7.280421e-05	1.458109e-03	1.454059e-03	7.280421e-05	-7.280421e-05	6.156640e-03	-6.237629e-03
132           	2.912117e-03	6.516057e-21	-8.080261e-05	2.020065e-06	6.196633e-03	7.280291e-05	1.458078e-03	1.454038e-03	7.280291e-05	-7.280291e-05	6.156232e-03	-6.237035e-03
133           	2.912077e-03	6.516148e-21	-8.091416e-05	2.022854e-06	6.196809e-03	7.280192e-05	1.458061e-03	1.454016e-03	7.280192e-05	-7.280192e-05	6.156351e-03	-6.237266e-03
134           	2.912055e-03	6.515871e-21	-8.131775e-05	2.032944e-06	6.197655e-03	7.280137e-05	1.458060e-03	1.453995e-03	7.280137e-05	-7.280137e-05	6.156996e-03	-6.238314e-03
135           	2.912068e-03	6.515271e-21	-8.186497e-05	2.046624e-06	6.198874e-03	7.280170e-05	1.458081e-03	1.453987e-03	7.280170e-05	-7.280170e-05	6.157942e-03	-6.239807e-03
136           	2.912105e-03	6.514607e-21	-8.231721e-05	2.057930e-06	6.199928e-03	7.280263e-05	1.458111e-03	1.453995e-03	7.280263e-05	-7.280263e-05	6.158769e-03	-6.241086e-03
137           	2.912147e-03	6.514106e-21	-8.252663e-05	2.063166e-06	6.200459e-03	7.280368e-05	1.458137e-03	1.454010e-03	7.280368e-05	-7.280368e-05	6.159196e-03	-6.241722e-03
138           	2.912181e-03	6.513900e-21	-8.249565e-05	2.062391e-06	6.200445e-03	7.280451e-05	1.458153e-03	1.454028e-03	7.280451e-05	-7.280451e-05	6.159198e-03	-6.241693e-03
139           	2.912200e-03	6.513971e-21	-8.223267e-05	2.055817e-06	6.199898e-03	7.280501e-05	1.458156e-03	1.454044e-03	7.280501e-05	-7.280501e-05	6.158781e-03	-6.241014e-03
140           	2.912194e-03	6.514328e-21	-8.179798e-05	2.044950e-06	6.198932e-03	7.280486e-05	1.458142e-03	1.454052e-03	7.280486e-05	-7.280486e-05	6.158033e-03	-6.239831e-03
141           	2.912166e-03	6.514816e-21	-8.141680e-05	2.035420e-06	6.198044e-03	7.280414e-05	1.458118e-03	1.454047e-03	7.280414e-05	-7.280414e-05	6.157336e-03	-6.238753e-03
142           	2.912131e-03	6.515190e-21	-8.123032e-05	2.030758e-06	6.197573e-03	7.280328e-05	1.458096e-03	1.454035e-03	7.280328e-05	-7.280328e-05	6.156958e-03	-6.238188e-03
143           	2.912102e-03	6.515328e-21	-8.123197e-05	2.030799e-06	6.197525e-03	7.280255e-05	1.458082e-03	1.454020e-03	7.280255e-05	-7.280255e-05	6.156909e-03	-6.238141e-03
144           	2.912083e-03	6.515249e-21	-8.141452e-05	2.035363e-06	6.197894e-03	7.280207e-05	1.458077e-03	1.454006e-03	7.280207e-05	-7.280207e-05	6.157187e-03	-6.238601e-03
145           	2.912083e-03	6.514948e-21	-8.175513e-05	2.043878e-06	6.198641e-03	7.280208e-05	1.458085e-03	1.453998e-03	7.280208e-05	-7.280208e-05	6.157764e-03	-6.239519e-03
146           	2.912104e-03	6.514513e-21	-8.207415e-05	2.051854e-06	6.199375e-03	7.280259e-05	1.458104e-03	1.454000e-03	7.280259e-05	-7.280259e-05	6.158338e-03	-6.240412e-03
147           	2.912131e-03	6.514151e-21	-8.226005e-05	2.056501e-06	6.199830e-03	7.280328e-05	1.458122e-03	1.454009e-03	7.280328e-05	-7.280328e-05	6.158700e-03	-6.240960e-03
148           	2.912156e-03	6.513951e-21	-8.229061e-05	2.057265e-06	6.199939e-03	7.280389e-05	1.458135e-03	1.454021e-03	7.280389e-05	-7.280389e-05	6.158793e-03	-6.241084e-03
149           	2.912173e-03	6.513951e-21	-8.216423e-05	2.054106e-06	6.199689e-03	7.280432e-05	1.458141e-03	1.454032e-03	7.280432e-05	-7.280432e-05	6.158607e-03	-6.240771e-03
150           	2.912176e-03	6.514153e-21	-8.189718e-05	2.047429e-06	6.199108e-03	7.280440e-05	1.458135e-03	1.454041e-03	7.280440e-05	-7.280440e-05	6.158160e-03	-6.240057e-03
151           	2.912162e-03	6.514478e-21	-8.163729e-05	2.040932e-06	6.198514e-03	7.280404e-05	1.458122e-03	1.454040e-03	7.280404e-05	-7.280404e-05	6.157695e-03	-6.239332e-03
152           	2.912140e-03	6.514748e-21	-8.147133e-05	2.036783e-06	6.198111e-03	7.280349e-05	1.458107e-03	1.454033e-03	7.280349e-05	-7.280349e-05	6.157375e-03	-6.238846e-03
153           	2.912120e-03	6.514909e-21	-8.142601e-05	2.035650e-06	6.197977e-03	7.280300e-05	1.458096e-03	1.454024e-03	7.280300e-05	-7.280300e-05	6.157264e-03	-6.238690e-03
154           	2.912106e-03	6.514923e-21	-8.149729e-05	2.037432e-06	6.198110e-03	7.280264e-05	1.458090e-03	1.454015e-03	7.280264e-05	-7.280264e-05	6.157361e-03	-6.238859e-03
155           	2.912102e-03	6.514796e-21	-8.168794e-05	2.042199e-06	6.198523e-03	7.280256e-05	1.458093e-03	1.454009e-03	7.280256e-05	-7.280256e-05	6.157679e-03	-6.239367e-03
156           	2.912112e-03	6.514545e-21	-8.190301e-05	2.047575e-06	6.199011e-03	7.280280e-05	1.458104e-03	1.454008e-03	7.280280e-05	-7.280280e-05	6.158060e-03	-6.239963e-03
157           	2.912129e-03	6.514310e-21	-8.205162e-05	2.051290e-06	6.199368e-03	7.280323e-05	1.458116e-03	1.454013e-03	7.280323e-05	-7.280323e-05	6.158342e-03	-6.240393e-03
158           	2.912146e-03	6.514163e-21	-8.210110e-05	2.052527e-06	6.199505e-03	7.280364e-05	1.458125e-03	1.454020e-03	7.280364e-05	-7.280364e-05	6.158455e-03	-6.240556e-03
159           	2.912158e-03	6.514137e-21	-8.205445e-05	2.051361e-06	6.199424e-03	7.280395e-05	1.458130e-03	1.454028e-03	7.280395e-05	-7.280395e-05	6.158396e-03	-6.240451e-03
160           	2.912164e-03	6.514232e-21	-8.191255e-05	2.047814e-06	6.199122e-03	7.280410e-05	1.458130e-03	1.454034e-03	7.280410e-05	-7.280410e-05	6.158166e-03	-6.240079e-03
161           	2.912159e-03	6.514431e-21	-8.173765e-05	2.043441e-06	6.198730e-03	7.280396e-05	1.458123e-03	1.454036e-03	7.280396e-05	-7.280396e-05	6.157861e-03	-6.239599e-03
162           	2.912146e-03	6.514634e-21	-8.160018e-05	2.040004e-06	6.198407e-03	7.280365e-05	1.458113e-03	1.454033e-03	7.280365e-05	-7.280365e-05	6.157607e-03	-6.239207e-03
163           	2.912132e-03	6.514780e-21	-8.154076e-05	2.038519e-06	6.198253e-03	7.280331e-05	1.458105e-03	1.454028e-03	7.280331e-05	-7.280331e-05	6.157483e-03	-6.239023e-03
164           	2.912122e-03	6.514832e-21	-8.155975e-05	2.038994e-06	6.198278e-03	7.280305e-05	1.458100e-03	1.454022e-03	7.280305e-05	-7.280305e-05	6.157498e-03	-6.239058e-03
165           	2.912116e-03	6.514790e-21	-8.165422e-05	2.041355e-06	6.198476e-03	7.280291e-05	1.458100e-03	1.454017e-03	7.280291e-05	-7.280291e-05	6.157649e-03	-6.239303e-03
166           	2.912120e-03	6.514662e-21	-8.179466e-05	2.044866e-06	6.198790e-03	7.280300e-05	1.458105e-03	1.454015e-03	7.280300e-05	-7.280300e-05	6.157893e-03	-6.239688e-03
167           	2.912130e-03	6.514501e-21	-8.191576e-05	2.047894e-06	6.199073e-03	7.280324e-05	1.458113e-03	1.454017e-03	7.280324e-05	-7.280324e-05	6.158115e-03	-6.240031e-03
168           	2.912141e-03	6.514378e-21	-8.197271e-05	2.049318e-06	6.199218e-03	7.280352e-05	1.458120e-03	1.454021e-03	7.280352e-05	-7.280352e-05	6.158232e-03	-6.240204e-03
169           	2.912150e-03	6.514335e-21	-8.196676e-05	2.049169e-06	6.199221e-03	7.280375e-05	1.458124e-03	1.454026e-03	7.280375e-05	-7.280375e-05	6.158238e-03	-6.240205e-03
170           	2.912156e-03	6.514363e-21	-8.190073e-05	2.047518e-06	6.199086e-03	7.280390e-05	1.458126e-03	1.454031e-03	7.280390e-05	-7.280390e-05	6.158136e-03	-6.240036e-03
171           	2.912155e-03	6.514465e-21	-8.178693e-05	2.044673e-06	6.198835e-03	7.280388e-05	1.458122e-03	1.454033e-03	7.280388e-05	-7.280388e-05	6.157942e-03	-6.239729e-03
172           	2.912148e-03	6.514602e-21	-8.168401e-05	2.042100e-06	6.198597e-03	7.280370e-05	1.458116e-03	1.454032e-03	7.280370e-05	-7.280370e-05	6.157755e-03	-6.239439e-03
173           	2.912139e-03	6.514713e-21	-8.162943e-05	2.040736e-06	6.198462e-03	7.280348e-05	1.458110e-03	1.454029e-03	7.280348e-05	-7.280348e-05	6.157647e-03	-6.239277e-03
174           	2.912132e-03	6.514765e-21	-8.162381e-05	2.040595e-06	6.198436e-03	7.280329e-05	1.458106e-03	1.454025e-03	7.280329e-05	-7.280329e-05	6.157624e-03	-6.239248e-03
175           	2.912126e-03	6.514760e-21	-8.166626e-05	2.041657e-06	6.198522e-03	7.280316e-05	1.458105e-03	1.454022e-03	7.280316e-05	-7.280316e-05	6.157688e-03	-6.239355e-03
176           	2.912126e-03	6.514694e-21	-8.175274e-05	2.043818e-06	6.198711e-03	7.280315e-05	1.458107e-03	1.454019e-03	7.280315e-05	-7.280315e-05	6.157834e-03	-6.239587e-03
177           	2.912131e-03	6.514588e-21	-8.183544e-05	2.045886e-06	6.198901e-03	7.280327e-05	1.458111e-03	1.454020e-03	7.280327e-05	-7.280327e-05	6.157983e-03	-6.239818e-03
178           	2.912138e-03	6.514501e-21	-8.188617e-05	2.047154e-06	6.199025e-03	7.280345e-05	1.458116e-03	1.454022e-03	7.280345e-05	-7.280345e-05	6.158082e-03	-6.239968e-03
179           	2.912144e-03	6.514451e-21	-8.189680e-05	2.047420e-06	6.199059e-03	7.280361e-05	1.458120e-03	1.454025e-03	7.280361e-05	-7.280361e-05	6.158110e-03	-6.240007e-03
180           	2.912149e-03	6.514453e-21	-8.186908e-05	2.046727e-06	6.199006e-03	7.280372e-05	1.458121e-03	1.454028e-03	7.280372e-05	-7.280372e-05	6.158071e-03	-6.239940e-03
181           	2.912150e-03	6.514501e-21	-8.180440e-05	2.045110e-06	6.198865e-03	7.280375e-05	1.458120e-03	1.454030e-03	7.280375e-05	-7.280375e-05	6.157963e-03	-6.239768e-03
182           	2.912147e-03	6.514585e-21	-8.173508e-05	2.043377e-06	6.198708e-03	7.280366e-05	1.458117e-03	1.454030e-03	7.280366e-05	-7.280366e-05	6.157840e-03	-6.239575e-03
183           	2.912141e-03	6.514662e-21	-8.168928e-05	2.042232e-06	6.198597e-03	7.280352e-05	1.458113e-03	1.454028e-03	7.280352e-05	-7.280352e-05	6.157753e-03	-6.239442e-03
184           	2.912136e-03	6.514710e-21	-8.167537e-05	2.041884e-06	6.198558e-03	7.280339e-05	1.458110e-03	1.454026e-03	7.280339e-05	-7.280339e-05	6.157720e-03	-6.239396e-03
185           	2.912132e-03	6.514718e-21	-8.169197e-05	2.042299e-06	6.198588e-03	7.280330e-05	1.458108e-03	1.454024e-03	7.280330e-05	-7.280330e-05	6.157742e-03	-6.239434e-03
186           	2.912130e-03	6.514688e-21	-8.173883e-05	2.043471e-06	6.198688e-03	7.280326e-05	1.458109e-03	1.454022e-03	7.280326e-05	-7.280326e-05	6.157819e-03	-6.239558e-03
187           	2.912132e-03	6.514627e-21	-8.179425e-05	2.044856e-06	6.198814e-03	7.280331e-05	1.458111e-03	1.454021e-03	7.280331e-05	-7.280331e-05	6.157916e-03	-6.239711e-03
188           	2.912137e-03	6.514566e-21	-8.183647e-05	2.045912e-06	6.198914e-03	7.280342e-05	1.458114e-03	1.454022e-03	7.280342e-05	-7.280342e-05	6.157995e-03	-6.239832e-03
189           	2.912141e-03	6.514524e-21	-8.185313e-05	2.046328e-06	6.198958e-03	7.280353e-05	1.458117e-03	1.454024e-03	7.280353e-05	-7.280353e-05	6.158031e-03	-6.239884e-03
190           	2.912144e-03	6.514512e-21	-8.184437e-05	2.046109e-06	6.198944e-03	7.280361e-05	1.458118e-03	1.454026e-03	7.280361e-05	-7.280361e-05	6.158022e-03	-6.239866e-03
191           	2.912146e-03	6.514531e-21	-8.181102e-05	2.045275e-06	6.198874e-03	7.280365e-05	1.458118e-03	1.454028e-03	7.280365e-05	-7.280365e-05	6.157968e-03	-6.239779e-03
192           	2.912145e-03	6.514578e-21	-8.176524e-05	2.044131e-06	6.198771e-03	7.280362e-05	1.458117e-03	1.454028e-03	7.280362e-05	-7.280362e-05	6.157888e-03	-6.239654e-03
193           	2.912142e-03	6.514632e-21	-8.172752e-05	2.043188e-06	6.198683e-03	7.280354e-05	1.458114e-03	1.454028e-03	7.280354e-05	-7.280354e-05	6.157819e-03	-6.239547e-03
194           	2.912138e-03	6.514671e-21	-8.171044e-05	2.042761e-06	6.198639e-03	7.280345e-05	1.458112e-03	1.454026e-03	7.280345e-05	-7.280345e-05	6.157784e-03	-6.239494e-03
195           	2.912135e-03	6.514685e-21	-8.171362e-05	2.042841e-06	6.198641e-03	7.280338e-05	1.458110e-03	1.454025e-03	7.280338e-05	-7.280338e-05	6.157784e-03	-6.239498e-03
196           	2.912133e-03	6.514676e-21	-8.173654e-05	2.043414e-06	6.198689e-03	7.280333e-05	1.458110e-03	1.454023e-03	7.280333e-05	-7.280333e-05	6.157820e-03	-6.239557e-03
197           	2.912134e-03	6.514642e-21	-8.177344e-05	2.044336e-06	6.198771e-03	7.280335e-05	1.458111e-03	1.454023e-03	7.280335e-05	-7.280335e-05	6.157884e-03	-6.239657e-03
198           	2.912136e-03	6.514597e-21	-8.180631e-05	2.045158e-06	6.198847e-03	7.280340e-05	1.458113e-03	1.454023e-03	7.280340e-05	-7.280340e-05	6.157943e-03	-6.239750e-03
199           	2.912139e-03	6.514563e-21	-8.182290e-05	2.045573e-06	6.198888e-03	7.280348e-05	1.458115e-03	1.454024e-03	7.280348e-05	-7.280348e-05	6.157977e-03	-6.239800e-03
200           	2.912142e-03	6.514547e-21	-8.182375e-05	2.045594e-06	6.198894e-03	7.280354e-05	1.458116e-03	1.454025e-03	7.280354e-05	-7.280354e-05	6.157982e-03	-6.239806e-03
201           	2.912143e-03	6.514551e-21	-8.180934e-05	2.045234e-06	6.198865e-03	7.280358e-05	1.458117e-03	1.454026e-03	7.280358e-05	-7.280358e-05	6.157960e-03	-6.239770e-03
202           	2.912143e-03	6.514573e-21	-8.178122e-05	2.044530e-06	6.198803e-03	7.280358e-05	1.458116e-03	1.454027e-03	7.280358e-05	-7.280358e-05	6.157913e-03	-6.239694e-03
203           	2.912141e-03	6.514607e-21	-8.175348e-05	2.043837e-06	6.198740e-03	7.280354e-05	1.458115e-03	1.454027e-03	7.280354e-05	-7.280354e-05	6.157863e-03	-6.239616e-03
204           	2.912139e-03	6.514637e-21	-8.173651e-05	2.043413e-06	6.198698e-03	7.280348e-05	1.458113e-03	1.454026e-03	7.280348e-05	-7.280348e-05	6.157830e-03	-6.239566e-03
205           	2.912137e-03	6.514654e-21	-8.173296e-05	2.043324e-06	6.198687e-03	7.280343e-05	1.458112e-03	1.454025e-03	7.280343e-05	-7.280343e-05	6.157820e-03	-6.239553e-03
206           	2.912135e-03	6.514654e-21	-8.174245e-05	2.043561e-06	6.198705e-03	7.280339e-05	1.458111e-03	1.454024e-03	7.280339e-05	-7.280339e-05	6.157834e-03	-6.239576e-03
207           	2.912135e-03	6.514638e-21	-8.176451e-05	2.044113e-06	6.198753e-03	7.280338e-05	1.458112e-03	1.454023e-03	7.280338e-05	-7.280338e-05	6.157871e-03	-6.239635e-03
208           	2.912136e-03	6.514610e-21	-8.178770e-05	2.044693e-06	6.198806e-03	7.280341e-05	1.458113e-03	1.454023e-03	7.280341e-05	-7.280341e-05	6.157912e-03	-6.239700e-03
209           	2.912138e-03	6.514584e-21	-8.180294e-05	2.045074e-06	6.198842e-03	7.280345e-05	1.458114e-03	1.454024e-03	7.280345e-05	-7.280345e-05	6.157941e-03	-6.239744e-03
210           	2.912140e-03	6.514569e-21	-8.180760e-05	2.045190e-06	6.198856e-03	7.280350e-05	1.458115e-03	1.454025e-03	7.280350e-05	-7.280350e-05	6.157952e-03	-6.239760e-03
211           	2.912141e-03	6.514566e-21	-8.180230e-05	2.045058e-06	6.198846e-03	7.280353e-05	1.458116e-03	1.454026e-03	7.280353e-05	-7.280353e-05	6.157945e-03	-6.239747e-03
212           	2.912142e-03	6.514576e-21	-8.178683e-05	2.044671e-06	6.198813e-03	7.280354e-05	1.458116e-03	1.454026e-03	7.280354e-05	-7.280354e-05	6.157920e-03	-6.239707e-03
213           	2.912141e-03	6.514596e-21	-8.176814e-05	2.044204e-06	6.198771e-03	7.280352e-05	1.458115e-03	1.454026e-03	7.280352e-05	-7.280352e-05	6.157887e-03	-6.239655e-03
214           	2.912140e-03	6.514617e-21	-8.175388e-05	2.043847e-06	6.198737e-03	7.280349e-05	1.458114e-03	1.454026e-03	7.280349e-05	-7.280349e-05	6.157860e-03	-6.239614e-03
215           	2.912138e-03	6.514632e-21	-8.174825e-05	2.043706e-06	6.198722e-03	7.280345e-05	1.458113e-03	1.454025e-03	7.280345e-05	-7.280345e-05	6.157848e-03	-6.239596e-03
216           	2.912137e-03	6.514636e-21	-8.175110e-05	2.043777e-06	6.198727e-03	7.280342e-05	1.458112e-03	1.454025e-03	7.280342e-05	-7.280342e-05	6.157851e-03	-6.239602e-03
217           	2.912136e-03	6.514630e-21	-8.176220e-05	2.044055e-06	6.198750e-03	7.280341e-05	1.458112e-03	1.454024e-03	7.280341e-05	-7.280341e-05	6.157869e-03	-6.239631e-03
218           	2.912137e-03	6.514614e-21	-8.177757e-05	2.044439e-06	6.198784e-03	7.280342e-05	1.458113e-03	1.454024e-03	7.280342e-05	-7.280342e-05	6.157896e-03	-6.239673e-03
219           	2.912138e-03	6.514596e-21	-8.179047e-05	2.044762e-06	6.198814e-03	7.280345e-05	1.458114e-03	1.454024e-03	7.280345e-05	-7.280345e-05	6.157919e-03	-6.239710e-03
220           	2.912139e-03	6.514582e-21	-8.179640e-05	2.044910e-06	6.198830e-03	7.280348e-05	1.458114e-03	1.454025e-03	7.280348e-05	-7.280348e-05	6.157931e-03	-6.239728e-03
221           	2.912140e-03	6.514578e-21	-8.179542e-05	2.044886e-06	6.198829e-03	7.280350e-05	1.458115e-03	1.454025e-03	7.280350e-05	-7.280350e-05	6.157931e-03	-6.239727e-03
222           	2.912141e-03	6.514581e-21	-8.178782e-05	2.044695e-06	6.198813e-03	7.280352e-05	1.458115e-03	1.454026e-03	7.280352e-05	-7.280352e-05	6.157919e-03	-6.239707e-03
223           	2.912140e-03	6.514592e-21	-8.177517e-05	2.044379e-06	6.198785e-03	7.280351e-05	1.458115e-03	1.454026e-03	7.280351e-05	-7.280351e-05	6.157898e-03	-6.239673e-03
224           	2.912140e-03	6.514607e-21	-8.176409e-05	2.044102e-06	6.198760e-03	7.280349e-05	1.458114e-03	1.454026e-03	7.280349e-05	-7.280349e-05	6.157878e-03	-6.239642e-03
225           	2.912139e-03	6.514618e-21	-8.175866e-05	2.043967e-06	6.198746e-03	7.280347e-05	1.458113e-03	1.454025e-03	7.280347e-05	-7.280347e-05	6.157867e-03	-6.239625e-03
226           	2.912138e-03	6.514623e-21	-8.175866e-05	2.043967e-06	6.198744e-03	7.280345e-05	1.458113e-03	1.454025e-03	7.280345e-05	-7.280345e-05	6.157865e-03	-6.239624e-03
227           	2.912137e-03	6.514621e-21	-8.176382e-05	2.044095e-06	6.198755e-03	7.280343e-05	1.458113e-03	1.454025e-03	7.280343e-05	-7.280343e-05	6.157873e-03	-6.239637e-03
228           	2.912137e-03	6.514613e-21	-8.177349e-05	2.044337e-06	6.198776e-03	7.280343e-05	1.458113e-03	1.454024e-03	7.280343e-05	-7.280343e-05	6.157889e-03	-6.239663e-03
229           	2.912138e-03	6.514601e-21	-8.178258e-05	2.044564e-06	6.198797e-03	7.280345e-05	1.458113e-03	1.454024e-03	7.280345e-05	-7.280345e-05	6.157906e-03	-6.239688e-03
230           	2.912139e-03	6.514592e-21	-8.178786e-05	2.044696e-06	6.198810e-03	7.280347e-05	1.458114e-03	1.454025e-03	7.280347e-05	-7.280347e-05	6.157916e-03	-6.239704e-03
231           	2.912139e-03	6.514586e-21	-8.178876e-05	2.044719e-06	6.198813e-03	7.280348e-05	1.458114e-03	1.454025e-03	7.280348e-05	-7.280348e-05	6.157919e-03	-6.239708e-03
232           	2.912140e-03	6.514587e-21	-8.178533e-05	2.044633e-06	6.198807e-03	7.280350e-05	1.458115e-03	1.454025e-03	7.280350e-05	-7.280350e-05	6.157914e-03	-6.239699e-03
233           	2.912140e-03	6.514592e-21	-8.177789e-05	2.044447e-06	6.198790e-03	7.280350e-05	1.458114e-03	1.454026e-03	7.280350e-05	-7.280350e-05	6.157901e-03	-6.239679e-03
234           	2.912140e-03	6.514602e-21	-8.177033e-05	2.044258e-06	6.198773e-03	7.280349e-05	1.458114e-03	1.454026e-03	7.280349e-05	-7.280349e-05	6.157888e-03	-6.239658e-03
235           	2.912139e-03	6.514610e-21	-8.176552e-05	2.044138e-06	6.198761e-03	7.280347e-05	1.458114e-03	1.454025e-03	7.280347e-05	-7.280347e-05	6.157879e-03	-6.239644e-03
236           	2.912138e-03	6.514615e-21	-8.176423e-05	2.044106e-06	6.198758e-03	7.280346e-05	1.458113e-03	1.454025e-03	7.280346e-05	-7.280346e-05	6.157875e-03	-6.239640e-03
237           	2.912138e-03	6.514615e-21	-8.176625e-05	2.044156e-06	6.198761e-03	7.280345e-05	1.458113e-03	1.454025e-03	7.280345e-05	-7.280345e-05	6.157878e-03	-6.239644e-03
238           	2.912138e-03	6.514611e-21	-8.177161e-05	2.044290e-06	6.198773e-03	7.280344e-05	1.458113e-03	1.454025e-03	7.280344e-05	-7.280344e-05	6.157887e-03	-6.239659e-03
239           	2.912138e-03	6.514605e-21	-8.177776e-05	2.044444e-06	6.198787e-03	7.280345e-05	1.458113e-03	1.454025e-03	7.280345e-05	-7.280345e-05	6.157898e-03	-6.239676e-03
240           	2.912139e-03	6.514598e-21	-8.178231e-05	2.044558e-06	6.198798e-03	7.280346e-05	1.458114e-03	1.454025e-03	7.280346e-05	-7.280346e-05	6.157906e-03	-6.239689e-03
241           	2.912139e-03	6.514593e-21	-8.178400e-05	2.044600e-06	6.198802e-03	7.280347e-05	1.458114e-03	1.454025e-03	7.280347e-05	-7.280347e-05	6.157910e-03	-6.239694e-03
242           	2.912139e-03	6.514592e-21	-8.178287e-05	2.044572e-06	6.198800e-03	7.280348e-05	1.458114e-03	1.454025e-03	7.280348e-05	-7.280348e-05	6.157909e-03	-6.239692e-03
243           	2.912140e-03	6.514594e-21	-8.177896e-05	2.044474e-06	6.198792e-03	7.280349e-05	1.458114e-03	1.454025e-03	7.280349e-05	-7.280349e-05	6.157903e-03	-6.239682e-03
244           	2.912139e-03	6.514600e-21	-8.177387e-05	2.044347e-06	6.198781e-03	7.280348e-05	1.458114e-03	1.454025e-03	7.280348e-05	-7.280348e-05	6.157894e-03	-6.239668e-03
245           	2.912139e-03	6.514605e-21	-8.176978e-05	2.044245e-06	6.198771e-03	7.280348e-05	1.458114e-03	1.454025e-03	7.280348e-05	-7.280348e-05	6.157886e-03	-6.239656e-03
246           	2.912139e-03	6.514610e-21	-8.176800e-05	2.044200e-06	6.198766e-03	7.280347e-05	1.458114e-03	1.454025e-03	7.280347e-05	-7.280347e-05	6.157882e-03	-6.239650e-03
247           	2.912138e-03	6.514611e-21	-8.176848e-05	2.044212e-06	6.198767e-03	7.280346e-05	1.458113e-03	1.454025e-03	7.280346e-05	-7.280346e-05	6.157883e-03	-6.239651e-03
248           	2.912138e-03	6.514610e-21	-8.177114e-05	2.044278e-06	6.198772e-03	7.280345e-05	1.458113e-03	1.454025e-03	7.280345e-05	-7.280345e-05	6.157887e-03	-6.239658e-03
249           	2.912138e-03	6.514606e-21	-8.177523e-05	2.044381e-06	6.198782e-03	7.280345e-05	1.458113e-03	1.454025e-03	7.280345e-05	-7.280345e-05	6.157894e-03	-6.239669e-03
250           	2.912138e-03	6.514601e-21	-8.177881e-05	2.044470e-06	6.198790e-03	7.280346e-05	1.458114e-03	1.454025e-03	7.280346e-05	-7.280346e-05	6.157900e-03	-6.239679e-03
251           	2.912139e-03	6.514597e-21	-8.178058e-05	2.044514e-06	6.198794e-03	7.280347e-05	1.458114e-03	1.454025e-03	7.280347e-05	-7.280347e-05	6.157904e-03	-6.239685e-03
252           	2.912139e-03	6.514596e-21	-8.178056e-05	2.044514e-06	6.198795e-03	7.280348e-05	1.458114e-03	1.454025e-03	7.280348e-05	-7.280348e-05	6.157904e-03	-6.239685e-03
253           	2.912139e-03	6.514596e-21	-8.177882e-05	2.044471e-06	6.198791e-03	7.280348e-05	1.458114e-03	1.454025e-03	7.280348e-05	-7.280348e-05	6.157902e-03	-6.239681e-03
254           	2.912139e-03	6.514599e-21	-8.177556e-05	2.044389e-06	6.198784e-03	7.280348e-05	1.458114e-03	1.454025e-03	7.280348e-05	-7.280348e-05	6.157896e-03	-6.239672e-03
