# Force coefficients
# dragDir     : (1.000000e+00 0.000000e+00 0.000000e+00)
# sideDir     : (0.000000e+00 0.000000e+00 -1.000000e+00)
# liftDir     : (0.000000e+00 1.000000e+00 0.000000e+00)
# rollAxis    : (1.000000e+00 0.000000e+00 0.000000e+00)
# pitchAxis   : (0.000000e+00 0.000000e+00 -1.000000e+00)
# yawAxis     : (0.000000e+00 1.000000e+00 0.000000e+00)
# magUInf     : 4.000000e-02
# lRef        : 1.000000e-01
# Aref        : 1.000000e-01
# CofR        : (0.000000e+00 0.000000e+00 0.000000e+00)
#
# Time        	Cd            	Cs            	Cl            	CmRoll        	CmPitch       	CmYaw         	Cd(f)         	Cd(r)         	Cs(f)         	Cs(r)         	Cl(f)         	Cl(r)         
1             	5.954385e-04	2.101514e-21	1.475146e-03	-3.687865e-05	-1.940318e-03	1.488596e-05	2.608406e-04	3.345979e-04	1.488596e-05	-1.488596e-05	-1.202745e-03	2.677891e-03
2             	1.952038e-03	1.179516e-19	4.579554e-03	-1.144889e-04	-5.803589e-03	4.880096e-05	8.615304e-04	1.090508e-03	4.880096e-05	-4.880096e-05	-3.513812e-03	8.093366e-03
3             	1.482920e-03	1.616233e-19	3.113092e-03	-7.782729e-05	-3.404416e-03	3.707300e-05	6.636327e-04	8.192873e-04	3.707300e-05	-3.707300e-05	-1.847870e-03	4.960962e-03
4             	1.263642e-03	7.738759e-20	2.596478e-03	-6.491195e-05	-2.644371e-03	3.159106e-05	5.669092e-04	6.967331e-04	3.159106e-05	-3.159106e-05	-1.346132e-03	3.942610e-03
5             	1.100737e-03	2.547114e-20	2.221059e-03	-5.552648e-05	-2.211367e-03	2.751843e-05	4.948421e-04	6.058951e-04	2.751843e-05	-2.751843e-05	-1.100837e-03	3.321896e-03
6             	1.006471e-03	-5.557568e-21	2.244393e-03	-5.610981e-05	-2.506873e-03	2.516179e-05	4.471259e-04	5.593455e-04	2.516179e-05	-2.516179e-05	-1.384677e-03	3.629070e-03
7             	8.962881e-04	-9.929520e-21	2.061628e-03	-5.154071e-05	-2.385986e-03	2.240720e-05	3.966033e-04	4.996847e-04	2.240720e-05	-2.240720e-05	-1.355172e-03	3.416800e-03
8             	8.876682e-04	-2.916824e-21	2.001249e-03	-5.003123e-05	-2.292681e-03	2.219170e-05	3.938029e-04	4.938653e-04	2.219170e-05	-2.219170e-05	-1.292056e-03	3.293306e-03
9             	9.599210e-04	7.447291e-21	2.245412e-03	-5.613529e-05	-2.662728e-03	2.399802e-05	4.238252e-04	5.360958e-04	2.399802e-05	-2.399802e-05	-1.540022e-03	3.785434e-03
10            	1.075861e-03	1.661180e-20	2.657692e-03	-6.644231e-05	-3.284858e-03	2.689652e-05	4.714881e-04	6.043728e-04	2.689652e-05	-2.689652e-05	-1.956012e-03	4.613704e-03
11            	1.218757e-03	2.289837e-20	3.130520e-03	-7.826299e-05	-3.971103e-03	3.046892e-05	5.311153e-04	6.876413e-04	3.046892e-05	-3.046892e-05	-2.405843e-03	5.536363e-03
12            	1.322345e-03	2.622104e-20	3.475155e-03	-8.687888e-05	-4.457399e-03	3.305864e-05	5.742938e-04	7.480516e-04	3.305864e-05	-3.305864e-05	-2.719821e-03	6.194977e-03
13            	1.412182e-03	2.772859e-20	3.776346e-03	-9.440866e-05	-4.879702e-03	3.530455e-05	6.116824e-04	8.004997e-04	3.530455e-05	-3.530455e-05	-2.991529e-03	6.767875e-03
14            	1.482923e-03	2.849888e-20	3.997151e-03	-9.992877e-05	-5.172388e-03	3.707307e-05	6.415327e-04	8.413902e-04	3.707307e-05	-3.707307e-05	-3.173813e-03	7.170964e-03
15            	1.532891e-03	2.930803e-20	4.143763e-03	-1.035941e-04	-5.350592e-03	3.832228e-05	6.628515e-04	8.700397e-04	3.832228e-05	-3.832228e-05	-3.278710e-03	7.422474e-03
16            	1.567246e-03	3.005476e-20	4.248546e-03	-1.062136e-04	-5.474030e-03	3.918116e-05	6.774095e-04	8.898368e-04	3.918116e-05	-3.918116e-05	-3.349757e-03	7.598303e-03
17            	1.591553e-03	3.075346e-20	4.329863e-03	-1.082466e-04	-5.570876e-03	3.978883e-05	6.875301e-04	9.040232e-04	3.978883e-05	-3.978883e-05	-3.405945e-03	7.735808e-03
18            	1.608543e-03	3.148935e-20	4.395439e-03	-1.098860e-04	-5.652408e-03	4.021358e-05	6.943856e-04	9.141576e-04	4.021358e-05	-4.021358e-05	-3.454688e-03	7.850127e-03
19            	1.618308e-03	3.225845e-20	4.443217e-03	-1.110804e-04	-5.713999e-03	4.045769e-05	6.980734e-04	9.202343e-04	4.045769e-05	-4.045769e-05	-3.492390e-03	7.935607e-03
20            	1.622182e-03	3.292748e-20	4.476188e-03	-1.119047e-04	-5.759068e-03	4.055454e-05	6.991862e-04	9.229956e-04	4.055454e-05	-4.055454e-05	-3.520974e-03	7.997161e-03
21            	1.621882e-03	3.345657e-20	4.494433e-03	-1.123608e-04	-5.784303e-03	4.054705e-05	6.985801e-04	9.233018e-04	4.054705e-05	-4.054705e-05	-3.537086e-03	8.031519e-03
22            	1.619174e-03	3.382517e-20	4.500074e-03	-1.125019e-04	-5.789969e-03	4.047935e-05	6.970851e-04	9.220888e-04	4.047935e-05	-4.047935e-05	-3.539932e-03	8.040007e-03
23            	1.615021e-03	3.404958e-20	4.496033e-03	-1.124008e-04	-5.779516e-03	4.037552e-05	6.951095e-04	9.199112e-04	4.037552e-05	-4.037552e-05	-3.531499e-03	8.027532e-03
24            	1.609906e-03	3.419665e-20	4.485297e-03	-1.121324e-04	-5.758002e-03	4.024766e-05	6.928207e-04	9.170855e-04	4.024766e-05	-4.024766e-05	-3.515353e-03	8.000650e-03
25            	1.603943e-03	3.426079e-20	4.468186e-03	-1.117046e-04	-5.725560e-03	4.009857e-05	6.902668e-04	9.136761e-04	4.009857e-05	-4.009857e-05	-3.491467e-03	7.959653e-03
26            	1.597719e-03	3.425528e-20	4.447343e-03	-1.111836e-04	-5.686688e-03	3.994297e-05	6.876758e-04	9.100430e-04	3.994297e-05	-3.994297e-05	-3.463017e-03	7.910360e-03
27            	1.591267e-03	3.413054e-20	4.423026e-03	-1.105757e-04	-5.641641e-03	3.978168e-05	6.850579e-04	9.062092e-04	3.978168e-05	-3.978168e-05	-3.430128e-03	7.853154e-03
28            	1.584491e-03	3.401199e-20	4.395169e-03	-1.098792e-04	-5.590499e-03	3.961227e-05	6.823662e-04	9.021247e-04	3.961227e-05	-3.961227e-05	-3.392915e-03	7.788084e-03
29            	1.577275e-03	3.381307e-20	4.362878e-03	-1.090720e-04	-5.531440e-03	3.943187e-05	6.795655e-04	8.977094e-04	3.943187e-05	-3.943187e-05	-3.350001e-03	7.712879e-03
30            	1.569493e-03	3.361243e-20	4.326760e-03	-1.081690e-04	-5.465893e-03	3.923733e-05	6.765777e-04	8.929157e-04	3.923733e-05	-3.923733e-05	-3.302513e-03	7.629273e-03
31            	1.561559e-03	3.338094e-20	4.287863e-03	-1.071966e-04	-5.395236e-03	3.903898e-05	6.735829e-04	8.879761e-04	3.903898e-05	-3.903898e-05	-3.251304e-03	7.539168e-03
32            	1.553569e-03	3.312694e-20	4.247775e-03	-1.061944e-04	-5.322623e-03	3.883922e-05	6.705901e-04	8.829788e-04	3.883922e-05	-3.883922e-05	-3.198735e-03	7.446511e-03
33            	1.545840e-03	3.286085e-20	4.207675e-03	-1.051919e-04	-5.249959e-03	3.864600e-05	6.677281e-04	8.781119e-04	3.864600e-05	-3.864600e-05	-3.146121e-03	7.353796e-03
34            	1.538462e-03	3.258812e-20	4.168581e-03	-1.042145e-04	-5.179263e-03	3.846156e-05	6.650167e-04	8.734457e-04	3.846156e-05	-3.846156e-05	-3.094973e-03	7.263553e-03
35            	1.531029e-03	3.231948e-20	4.128404e-03	-1.032101e-04	-5.106910e-03	3.827572e-05	6.623043e-04	8.687245e-04	3.827572e-05	-3.827572e-05	-3.042708e-03	7.171112e-03
36            	1.523724e-03	3.204723e-20	4.087999e-03	-1.022000e-04	-5.034309e-03	3.809310e-05	6.596620e-04	8.640620e-04	3.809310e-05	-3.809310e-05	-2.990310e-03	7.078309e-03
37            	1.516848e-03	3.178258e-20	4.048354e-03	-1.012089e-04	-4.962913e-03	3.792120e-05	6.572151e-04	8.596328e-04	3.792120e-05	-3.792120e-05	-2.938736e-03	6.987090e-03
38            	1.510547e-03	3.152960e-20	4.010590e-03	-1.002648e-04	-4.894728e-03	3.776368e-05	6.550088e-04	8.555383e-04	3.776368e-05	-3.776368e-05	-2.889433e-03	6.900023e-03
39            	1.504742e-03	3.129181e-20	3.974165e-03	-9.935413e-05	-4.828729e-03	3.761855e-05	6.530169e-04	8.517251e-04	3.761855e-05	-3.761855e-05	-2.841647e-03	6.815812e-03
40            	1.499366e-03	3.106405e-20	3.939297e-03	-9.848242e-05	-4.765430e-03	3.748415e-05	6.512006e-04	8.481655e-04	3.748415e-05	-3.748415e-05	-2.795781e-03	6.735078e-03
41            	1.494413e-03	3.084773e-20	3.906351e-03	-9.765877e-05	-4.705580e-03	3.736033e-05	6.495478e-04	8.448653e-04	3.736033e-05	-3.736033e-05	-2.752404e-03	6.658755e-03
42            	1.489899e-03	3.064346e-20	3.875564e-03	-9.688911e-05	-4.649626e-03	3.724749e-05	6.480606e-04	8.418388e-04	3.724749e-05	-3.724749e-05	-2.711843e-03	6.587408e-03
43            	1.485793e-03	3.045091e-20	3.846877e-03	-9.617192e-05	-4.597477e-03	3.714482e-05	6.467244e-04	8.390683e-04	3.714482e-05	-3.714482e-05	-2.674038e-03	6.520915e-03
44            	1.482048e-03	3.026935e-20	3.820109e-03	-9.550274e-05	-4.548813e-03	3.705121e-05	6.455215e-04	8.365269e-04	3.705121e-05	-3.705121e-05	-2.638758e-03	6.458868e-03
45            	1.478637e-03	3.009871e-20	3.795200e-03	-9.488001e-05	-4.503532e-03	3.696592e-05	6.444384e-04	8.341985e-04	3.696592e-05	-3.696592e-05	-2.605932e-03	6.401132e-03
46            	1.475533e-03	2.993874e-20	3.772159e-03	-9.430397e-05	-4.461675e-03	3.688832e-05	6.434625e-04	8.320705e-04	3.688832e-05	-3.688832e-05	-2.575595e-03	6.347754e-03
47            	1.472715e-03	2.978939e-20	3.750991e-03	-9.377478e-05	-4.423277e-03	3.681788e-05	6.425829e-04	8.301325e-04	3.681788e-05	-3.681788e-05	-2.547781e-03	6.298772e-03
48            	1.470169e-03	2.965078e-20	3.731684e-03	-9.329210e-05	-4.388325e-03	3.675422e-05	6.417922e-04	8.283764e-04	3.675422e-05	-3.675422e-05	-2.522483e-03	6.254167e-03
49            	1.467879e-03	2.952304e-20	3.714175e-03	-9.285438e-05	-4.356705e-03	3.669698e-05	6.410852e-04	8.267940e-04	3.669698e-05	-3.669698e-05	-2.499618e-03	6.213793e-03
50            	1.465834e-03	2.940614e-20	3.698366e-03	-9.245915e-05	-4.328227e-03	3.664586e-05	6.404580e-04	8.253763e-04	3.664586e-05	-3.664586e-05	-2.479044e-03	6.177410e-03
51            	1.464025e-03	2.929987e-20	3.684151e-03	-9.210378e-05	-4.302677e-03	3.660061e-05	6.399085e-04	8.241160e-04	3.660061e-05	-3.660061e-05	-2.460602e-03	6.144753e-03
52            	1.462437e-03	2.920390e-20	3.671434e-03	-9.178585e-05	-4.279866e-03	3.656092e-05	6.394326e-04	8.230043e-04	3.656092e-05	-3.656092e-05	-2.444149e-03	6.115583e-03
53            	1.461058e-03	2.911779e-20	3.660133e-03	-9.150331e-05	-4.259638e-03	3.652646e-05	6.390259e-04	8.220325e-04	3.652646e-05	-3.652646e-05	-2.429572e-03	6.089704e-03
54            	1.459877e-03	2.904111e-20	3.650178e-03	-9.125446e-05	-4.241864e-03	3.649693e-05	6.386841e-04	8.211930e-04	3.649693e-05	-3.649693e-05	-2.416775e-03	6.066953e-03
55            	1.458875e-03	2.897335e-20	3.641487e-03	-9.103717e-05	-4.226393e-03	3.647188e-05	6.384004e-04	8.204748e-04	3.647188e-05	-3.647188e-05	-2.405650e-03	6.047137e-03
56            	1.458036e-03	2.891388e-20	3.633973e-03	-9.084933e-05	-4.213077e-03	3.645089e-05	6.381685e-04	8.198671e-04	3.645089e-05	-3.645089e-05	-2.396090e-03	6.030064e-03
57            	1.457346e-03	2.886219e-20	3.627557e-03	-9.068893e-05	-4.201768e-03	3.643365e-05	6.379841e-04	8.193620e-04	3.643365e-05	-3.643365e-05	-2.387989e-03	6.015547e-03
58            	1.456792e-03	2.881773e-20	3.622137e-03	-9.055341e-05	-4.192277e-03	3.641980e-05	6.378426e-04	8.189494e-04	3.641980e-05	-3.641980e-05	-2.381209e-03	6.003346e-03
59            	1.456397e-03	2.877973e-20	3.617686e-03	-9.044214e-05	-4.184489e-03	3.640992e-05	6.377564e-04	8.186406e-04	3.640992e-05	-3.640992e-05	-2.375647e-03	5.993332e-03
60            	1.456006e-03	2.874888e-20	3.613899e-03	-9.034748e-05	-4.178070e-03	3.640015e-05	6.376556e-04	8.183506e-04	3.640015e-05	-3.640015e-05	-2.371120e-03	5.985019e-03
61            	1.455708e-03	2.872193e-20	3.610719e-03	-9.026797e-05	-4.172722e-03	3.639269e-05	6.375858e-04	8.181218e-04	3.639269e-05	-3.639269e-05	-2.367362e-03	5.978081e-03
62            	1.455542e-03	2.869960e-20	3.608293e-03	-9.020731e-05	-4.168677e-03	3.638856e-05	6.375639e-04	8.179785e-04	3.638856e-05	-3.638856e-05	-2.364531e-03	5.972824e-03
63            	1.455426e-03	2.868223e-20	3.606492e-03	-9.016230e-05	-4.165829e-03	3.638564e-05	6.375505e-04	8.178751e-04	3.638564e-05	-3.638564e-05	-2.362583e-03	5.969075e-03
64            	1.455418e-03	2.866925e-20	3.605233e-03	-9.013081e-05	-4.163894e-03	3.638546e-05	6.375784e-04	8.178400e-04	3.638546e-05	-3.638546e-05	-2.361277e-03	5.966510e-03
65            	1.455453e-03	2.865981e-20	3.604434e-03	-9.011085e-05	-4.162817e-03	3.638633e-05	6.376158e-04	8.178375e-04	3.638633e-05	-3.638633e-05	-2.360600e-03	5.965034e-03
66            	1.455502e-03	2.865374e-20	3.603981e-03	-9.009952e-05	-4.162419e-03	3.638754e-05	6.376514e-04	8.178504e-04	3.638754e-05	-3.638754e-05	-2.360429e-03	5.964409e-03
67            	1.455611e-03	2.865033e-20	3.603844e-03	-9.009610e-05	-4.162544e-03	3.639027e-05	6.377094e-04	8.179016e-04	3.639027e-05	-3.639027e-05	-2.360622e-03	5.964466e-03
68            	1.455741e-03	2.864927e-20	3.604018e-03	-9.010045e-05	-4.163252e-03	3.639352e-05	6.377700e-04	8.179709e-04	3.639352e-05	-3.639352e-05	-2.361243e-03	5.965261e-03
69            	1.455905e-03	2.865057e-20	3.604467e-03	-9.011167e-05	-4.164447e-03	3.639761e-05	6.378406e-04	8.180639e-04	3.639761e-05	-3.639761e-05	-2.362214e-03	5.966681e-03
70            	1.456094e-03	2.865378e-20	3.605139e-03	-9.012849e-05	-4.166038e-03	3.640235e-05	6.379185e-04	8.181755e-04	3.640235e-05	-3.640235e-05	-2.363468e-03	5.968607e-03
71            	1.456302e-03	2.865856e-20	3.606000e-03	-9.015001e-05	-4.167963e-03	3.640755e-05	6.380010e-04	8.183010e-04	3.640755e-05	-3.640755e-05	-2.364963e-03	5.970963e-03
72            	1.456541e-03	2.866480e-20	3.607042e-03	-9.017606e-05	-4.170185e-03	3.641352e-05	6.380944e-04	8.184466e-04	3.641352e-05	-3.641352e-05	-2.366664e-03	5.973706e-03
73            	1.456790e-03	2.867240e-20	3.608242e-03	-9.020606e-05	-4.172699e-03	3.641974e-05	6.381887e-04	8.186009e-04	3.641974e-05	-3.641974e-05	-2.368578e-03	5.976820e-03
74            	1.457048e-03	2.868122e-20	3.609533e-03	-9.023832e-05	-4.175356e-03	3.642620e-05	6.382857e-04	8.187623e-04	3.642620e-05	-3.642620e-05	-2.370589e-03	5.980122e-03
75            	1.457316e-03	2.869088e-20	3.610953e-03	-9.027383e-05	-4.178250e-03	3.643290e-05	6.383843e-04	8.189319e-04	3.643290e-05	-3.643290e-05	-2.372773e-03	5.983727e-03
76            	1.457607e-03	2.870155e-20	3.612475e-03	-9.031186e-05	-4.181289e-03	3.644017e-05	6.384915e-04	8.191152e-04	3.644017e-05	-3.644017e-05	-2.375052e-03	5.987527e-03
77            	1.457904e-03	2.871298e-20	3.614117e-03	-9.035291e-05	-4.184550e-03	3.644760e-05	6.385991e-04	8.193049e-04	3.644760e-05	-3.644760e-05	-2.377492e-03	5.991608e-03
78            	1.458213e-03	2.872527e-20	3.615822e-03	-9.039555e-05	-4.187897e-03	3.645532e-05	6.387108e-04	8.195019e-04	3.645532e-05	-3.645532e-05	-2.379986e-03	5.995808e-03
79            	1.458535e-03	2.873811e-20	3.617603e-03	-9.044008e-05	-4.191357e-03	3.646338e-05	6.388276e-04	8.197077e-04	3.646338e-05	-3.646338e-05	-2.382555e-03	6.000158e-03
80            	1.458869e-03	2.875155e-20	3.619469e-03	-9.048672e-05	-4.194950e-03	3.647174e-05	6.389480e-04	8.199215e-04	3.647174e-05	-3.647174e-05	-2.385216e-03	6.004685e-03
81            	1.459211e-03	2.876564e-20	3.621391e-03	-9.053477e-05	-4.198623e-03	3.648028e-05	6.390708e-04	8.201403e-04	3.648028e-05	-3.648028e-05	-2.387927e-03	6.009318e-03
82            	1.459563e-03	2.878007e-20	3.623364e-03	-9.058411e-05	-4.202363e-03	3.648907e-05	6.391973e-04	8.203655e-04	3.648907e-05	-3.648907e-05	-2.390681e-03	6.014045e-03
83            	1.459915e-03	2.879468e-20	3.625364e-03	-9.063411e-05	-4.206136e-03	3.649786e-05	6.393232e-04	8.205914e-04	3.649786e-05	-3.649786e-05	-2.393454e-03	6.018818e-03
84            	1.460264e-03	2.880937e-20	3.627376e-03	-9.068441e-05	-4.209919e-03	3.650659e-05	6.394474e-04	8.208162e-04	3.650659e-05	-3.650659e-05	-2.396231e-03	6.023607e-03
85            	1.460608e-03	2.882402e-20	3.629384e-03	-9.073460e-05	-4.213681e-03	3.651519e-05	6.395692e-04	8.210384e-04	3.651519e-05	-3.651519e-05	-2.398989e-03	6.028373e-03
86            	1.460944e-03	2.883852e-20	3.631373e-03	-9.078433e-05	-4.217400e-03	3.652360e-05	6.396877e-04	8.212564e-04	3.652360e-05	-3.652360e-05	-2.401713e-03	6.033086e-03
87            	1.461272e-03	2.885278e-20	3.633337e-03	-9.083343e-05	-4.221062e-03	3.653181e-05	6.398028e-04	8.214696e-04	3.653181e-05	-3.653181e-05	-2.404394e-03	6.037731e-03
88            	1.461592e-03	2.886675e-20	3.635267e-03	-9.088168e-05	-4.224653e-03	3.653979e-05	6.399142e-04	8.216775e-04	3.653979e-05	-3.653979e-05	-2.407019e-03	6.042286e-03
89            	1.461898e-03	2.888038e-20	3.637117e-03	-9.092793e-05	-4.228084e-03	3.654745e-05	6.400211e-04	8.218770e-04	3.654745e-05	-3.654745e-05	-2.409525e-03	6.046642e-03
90            	1.462194e-03	2.889338e-20	3.638917e-03	-9.097293e-05	-4.231412e-03	3.655485e-05	6.401241e-04	8.220700e-04	3.655485e-05	-3.655485e-05	-2.411954e-03	6.050871e-03
91            	1.462481e-03	2.890603e-20	3.640676e-03	-9.101690e-05	-4.234660e-03	3.656202e-05	6.402236e-04	8.222574e-04	3.656202e-05	-3.656202e-05	-2.414322e-03	6.054998e-03
92            	1.462756e-03	2.891825e-20	3.642375e-03	-9.105937e-05	-4.237790e-03	3.656889e-05	6.403185e-04	8.224373e-04	3.656889e-05	-3.656889e-05	-2.416603e-03	6.058978e-03
93            	1.463017e-03	2.893004e-20	3.644001e-03	-9.110004e-05	-4.240785e-03	3.657542e-05	6.404084e-04	8.226084e-04	3.657542e-05	-3.657542e-05	-2.418784e-03	6.062786e-03
94            	1.463263e-03	2.894135e-20	3.645552e-03	-9.113880e-05	-4.243636e-03	3.658159e-05	6.404929e-04	8.227705e-04	3.658159e-05	-3.658159e-05	-2.420860e-03	6.066412e-03
95            	1.463496e-03	2.895217e-20	3.647029e-03	-9.117573e-05	-4.246348e-03	3.658741e-05	6.405724e-04	8.229239e-04	3.658741e-05	-3.658741e-05	-2.422834e-03	6.069863e-03
96            	1.463715e-03	2.896250e-20	3.648432e-03	-9.121081e-05	-4.248922e-03	3.659288e-05	6.406467e-04	8.230683e-04	3.659288e-05	-3.659288e-05	-2.424706e-03	6.073138e-03
97            	1.463920e-03	2.897233e-20	3.649761e-03	-9.124403e-05	-4.251358e-03	3.659800e-05	6.407160e-04	8.232040e-04	3.659800e-05	-3.659800e-05	-2.426478e-03	6.076239e-03
98            	1.464112e-03	2.898165e-20	3.651016e-03	-9.127541e-05	-4.253657e-03	3.660279e-05	6.407804e-04	8.233312e-04	3.660279e-05	-3.660279e-05	-2.428149e-03	6.079165e-03
99            	1.464290e-03	2.899047e-20	3.652196e-03	-9.130490e-05	-4.255816e-03	3.660726e-05	6.408403e-04	8.234501e-04	3.660726e-05	-3.660726e-05	-2.429718e-03	6.081914e-03
100           	1.464457e-03	2.899880e-20	3.653300e-03	-9.133251e-05	-4.257834e-03	3.661142e-05	6.408958e-04	8.235608e-04	3.661142e-05	-3.661142e-05	-2.431184e-03	6.084484e-03
101           	1.464610e-03	2.900661e-20	3.654327e-03	-9.135819e-05	-4.259709e-03	3.661525e-05	6.409469e-04	8.236633e-04	3.661525e-05	-3.661525e-05	-2.432545e-03	6.086873e-03
102           	1.464753e-03	2.901390e-20	3.655285e-03	-9.138212e-05	-4.261454e-03	3.661882e-05	6.409942e-04	8.237585e-04	3.661882e-05	-3.661882e-05	-2.433811e-03	6.089096e-03
103           	1.464885e-03	2.902070e-20	3.656174e-03	-9.140435e-05	-4.263070e-03	3.662211e-05	6.410380e-04	8.238466e-04	3.662211e-05	-3.662211e-05	-2.434983e-03	6.091157e-03
104           	1.465006e-03	2.902702e-20	3.656996e-03	-9.142490e-05	-4.264563e-03	3.662515e-05	6.410780e-04	8.239278e-04	3.662515e-05	-3.662515e-05	-2.436065e-03	6.093061e-03
105           	1.465117e-03	2.903285e-20	3.657753e-03	-9.144382e-05	-4.265935e-03	3.662792e-05	6.411146e-04	8.240022e-04	3.662792e-05	-3.662792e-05	-2.437058e-03	6.094811e-03
106           	1.465218e-03	2.903819e-20	3.658446e-03	-9.146116e-05	-4.267190e-03	3.663044e-05	6.411477e-04	8.240700e-04	3.663044e-05	-3.663044e-05	-2.437967e-03	6.096413e-03
107           	1.465309e-03	2.904308e-20	3.659080e-03	-9.147699e-05	-4.268334e-03	3.663273e-05	6.411776e-04	8.241316e-04	3.663273e-05	-3.663273e-05	-2.438794e-03	6.097874e-03
108           	1.465392e-03	2.904752e-20	3.659655e-03	-9.149137e-05	-4.269371e-03	3.663479e-05	6.412044e-04	8.241872e-04	3.663479e-05	-3.663479e-05	-2.439544e-03	6.099198e-03
109           	1.465466e-03	2.905154e-20	3.660175e-03	-9.150438e-05	-4.270308e-03	3.663664e-05	6.412285e-04	8.242372e-04	3.663664e-05	-3.663664e-05	-2.440220e-03	6.100395e-03
110           	1.465532e-03	2.905516e-20	3.660645e-03	-9.151612e-05	-4.271150e-03	3.663830e-05	6.412499e-04	8.242821e-04	3.663830e-05	-3.663830e-05	-2.440828e-03	6.101472e-03
111           	1.465591e-03	2.905842e-20	3.661066e-03	-9.152665e-05	-4.271904e-03	3.663978e-05	6.412689e-04	8.243222e-04	3.663978e-05	-3.663978e-05	-2.441371e-03	6.102437e-03
112           	1.465643e-03	2.906133e-20	3.661442e-03	-9.153605e-05	-4.272576e-03	3.664108e-05	6.412856e-04	8.243577e-04	3.664108e-05	-3.664108e-05	-2.441855e-03	6.103297e-03
113           	1.465689e-03	2.906391e-20	3.661776e-03	-9.154440e-05	-4.273170e-03	3.664223e-05	6.413002e-04	8.243890e-04	3.664223e-05	-3.664223e-05	-2.442282e-03	6.104058e-03
114           	1.465729e-03	2.906620e-20	3.662071e-03	-9.155177e-05	-4.273692e-03	3.664323e-05	6.413129e-04	8.244164e-04	3.664323e-05	-3.664323e-05	-2.442657e-03	6.104728e-03
115           	1.465764e-03	2.906821e-20	3.662329e-03	-9.155822e-05	-4.274148e-03	3.664410e-05	6.413238e-04	8.244403e-04	3.664410e-05	-3.664410e-05	-2.442984e-03	6.105312e-03
116           	1.465796e-03	2.906999e-20	3.662558e-03	-9.156396e-05	-4.274551e-03	3.664489e-05	6.413338e-04	8.244618e-04	3.664489e-05	-3.664489e-05	-2.443272e-03	6.105830e-03
117           	1.465821e-03	2.907153e-20	3.662749e-03	-9.156873e-05	-4.274883e-03	3.664552e-05	6.413417e-04	8.244791e-04	3.664552e-05	-3.664552e-05	-2.443508e-03	6.106257e-03
118           	1.465843e-03	2.907285e-20	3.662920e-03	-9.157299e-05	-4.275179e-03	3.664608e-05	6.413486e-04	8.244946e-04	3.664608e-05	-3.664608e-05	-2.443719e-03	6.106639e-03
119           	1.465862e-03	2.907400e-20	3.663062e-03	-9.157656e-05	-4.275422e-03	3.664656e-05	6.413546e-04	8.245077e-04	3.664656e-05	-3.664656e-05	-2.443891e-03	6.106953e-03
120           	1.465878e-03	2.907498e-20	3.663181e-03	-9.157954e-05	-4.275624e-03	3.664694e-05	6.413593e-04	8.245183e-04	3.664694e-05	-3.664694e-05	-2.444034e-03	6.107215e-03
121           	1.465890e-03	2.907580e-20	3.663279e-03	-9.158198e-05	-4.275788e-03	3.664724e-05	6.413628e-04	8.245268e-04	3.664724e-05	-3.664724e-05	-2.444148e-03	6.107428e-03
122           	1.465899e-03	2.907648e-20	3.663359e-03	-9.158398e-05	-4.275919e-03	3.664748e-05	6.413657e-04	8.245336e-04	3.664748e-05	-3.664748e-05	-2.444239e-03	6.107599e-03
123           	1.465907e-03	2.907704e-20	3.663424e-03	-9.158559e-05	-4.276021e-03	3.664767e-05	6.413679e-04	8.245391e-04	3.664767e-05	-3.664767e-05	-2.444309e-03	6.107733e-03
124           	1.465913e-03	2.907749e-20	3.663473e-03	-9.158683e-05	-4.276097e-03	3.664782e-05	6.413695e-04	8.245432e-04	3.664782e-05	-3.664782e-05	-2.444360e-03	6.107834e-03
125           	1.465916e-03	2.907784e-20	3.663510e-03	-9.158775e-05	-4.276151e-03	3.664790e-05	6.413703e-04	8.245458e-04	3.664790e-05	-3.664790e-05	-2.444396e-03	6.107906e-03
126           	1.465917e-03	2.907810e-20	3.663533e-03	-9.158832e-05	-4.276179e-03	3.664793e-05	6.413704e-04	8.245470e-04	3.664793e-05	-3.664793e-05	-2.444412e-03	6.107945e-03
127           	1.465918e-03	2.907827e-20	3.663545e-03	-9.158864e-05	-4.276188e-03	3.664794e-05	6.413702e-04	8.245474e-04	3.664794e-05	-3.664794e-05	-2.444416e-03	6.107961e-03
128           	1.465917e-03	2.907838e-20	3.663551e-03	-9.158878e-05	-4.276186e-03	3.664792e-05	6.413697e-04	8.245473e-04	3.664792e-05	-3.664792e-05	-2.444410e-03	6.107961e-03
129           	1.465914e-03	2.907849e-20	3.663544e-03	-9.158861e-05	-4.276161e-03	3.664785e-05	6.413685e-04	8.245457e-04	3.664785e-05	-3.664785e-05	-2.444389e-03	6.107933e-03
130           	1.465910e-03	2.907845e-20	3.663531e-03	-9.158828e-05	-4.276126e-03	3.664776e-05	6.413668e-04	8.245434e-04	3.664776e-05	-3.664776e-05	-2.444360e-03	6.107892e-03
131           	1.465907e-03	2.907835e-20	3.663513e-03	-9.158782e-05	-4.276080e-03	3.664767e-05	6.413655e-04	8.245412e-04	3.664767e-05	-3.664767e-05	-2.444324e-03	6.107837e-03
132           	1.465902e-03	2.907822e-20	3.663489e-03	-9.158723e-05	-4.276026e-03	3.664754e-05	6.413636e-04	8.245380e-04	3.664754e-05	-3.664754e-05	-2.444282e-03	6.107771e-03
133           	1.465896e-03	2.907804e-20	3.663460e-03	-9.158649e-05	-4.275962e-03	3.664740e-05	6.413616e-04	8.245345e-04	3.664740e-05	-3.664740e-05	-2.444232e-03	6.107692e-03
134           	1.465890e-03	2.907783e-20	3.663426e-03	-9.158564e-05	-4.275890e-03	3.664725e-05	6.413594e-04	8.245306e-04	3.664725e-05	-3.664725e-05	-2.444177e-03	6.107603e-03
135           	1.465884e-03	2.907759e-20	3.663389e-03	-9.158473e-05	-4.275814e-03	3.664709e-05	6.413570e-04	8.245265e-04	3.664709e-05	-3.664709e-05	-2.444119e-03	6.107508e-03
136           	1.465877e-03	2.907732e-20	3.663349e-03	-9.158373e-05	-4.275731e-03	3.664692e-05	6.413546e-04	8.245221e-04	3.664692e-05	-3.664692e-05	-2.444057e-03	6.107406e-03
137           	1.465870e-03	2.907704e-20	3.663306e-03	-9.158265e-05	-4.275644e-03	3.664674e-05	6.413521e-04	8.245174e-04	3.664674e-05	-3.664674e-05	-2.443991e-03	6.107297e-03
138           	1.465862e-03	2.907672e-20	3.663262e-03	-9.158154e-05	-4.275555e-03	3.664655e-05	6.413495e-04	8.245126e-04	3.664655e-05	-3.664655e-05	-2.443924e-03	6.107185e-03
139           	1.465854e-03	2.907640e-20	3.663214e-03	-9.158036e-05	-4.275460e-03	3.664636e-05	6.413468e-04	8.245075e-04	3.664636e-05	-3.664636e-05	-2.443853e-03	6.107067e-03
140           	1.465846e-03	2.907605e-20	3.663166e-03	-9.157914e-05	-4.275365e-03	3.664615e-05	6.413439e-04	8.245022e-04	3.664615e-05	-3.664615e-05	-2.443782e-03	6.106947e-03
141           	1.465838e-03	2.907569e-20	3.663114e-03	-9.157786e-05	-4.275265e-03	3.664594e-05	6.413410e-04	8.244967e-04	3.664594e-05	-3.664594e-05	-2.443707e-03	6.106822e-03
142           	1.465829e-03	2.907532e-20	3.663063e-03	-9.157656e-05	-4.275164e-03	3.664573e-05	6.413380e-04	8.244911e-04	3.664573e-05	-3.664573e-05	-2.443632e-03	6.106695e-03
143           	1.465820e-03	2.907493e-20	3.663009e-03	-9.157523e-05	-4.275061e-03	3.664551e-05	6.413349e-04	8.244854e-04	3.664551e-05	-3.664551e-05	-2.443556e-03	6.106566e-03
144           	1.465811e-03	2.907454e-20	3.662955e-03	-9.157387e-05	-4.274957e-03	3.664529e-05	6.413318e-04	8.244796e-04	3.664529e-05	-3.664529e-05	-2.443479e-03	6.106434e-03
145           	1.465803e-03	2.907413e-20	3.662901e-03	-9.157252e-05	-4.274853e-03	3.664507e-05	6.413288e-04	8.244738e-04	3.664507e-05	-3.664507e-05	-2.443403e-03	6.106304e-03
146           	1.465794e-03	2.907373e-20	3.662848e-03	-9.157121e-05	-4.274754e-03	3.664485e-05	6.413258e-04	8.244682e-04	3.664485e-05	-3.664485e-05	-2.443330e-03	6.106178e-03
147           	1.465785e-03	2.907334e-20	3.662796e-03	-9.156991e-05	-4.274656e-03	3.664464e-05	6.413228e-04	8.244627e-04	3.664464e-05	-3.664464e-05	-2.443257e-03	6.106054e-03
148           	1.465776e-03	2.907295e-20	3.662739e-03	-9.156848e-05	-4.274549e-03	3.664440e-05	6.413196e-04	8.244565e-04	3.664440e-05	-3.664440e-05	-2.443179e-03	6.105918e-03
149           	1.465767e-03	2.907250e-20	3.662684e-03	-9.156709e-05	-4.274445e-03	3.664417e-05	6.413164e-04	8.244506e-04	3.664417e-05	-3.664417e-05	-2.443103e-03	6.105787e-03
150           	1.465758e-03	2.907210e-20	3.662631e-03	-9.156577e-05	-4.274346e-03	3.664396e-05	6.413134e-04	8.244449e-04	3.664396e-05	-3.664396e-05	-2.443031e-03	6.105661e-03
151           	1.465750e-03	2.907169e-20	3.662580e-03	-9.156451e-05	-4.274252e-03	3.664376e-05	6.413107e-04	8.244397e-04	3.664376e-05	-3.664376e-05	-2.442962e-03	6.105542e-03
152           	1.465743e-03	2.907133e-20	3.662531e-03	-9.156327e-05	-4.274160e-03	3.664357e-05	6.413080e-04	8.244346e-04	3.664357e-05	-3.664357e-05	-2.442894e-03	6.105425e-03
153           	1.465735e-03	2.907097e-20	3.662482e-03	-9.156205e-05	-4.274069e-03	3.664337e-05	6.413054e-04	8.244295e-04	3.664337e-05	-3.664337e-05	-2.442828e-03	6.105310e-03
154           	1.465728e-03	2.907062e-20	3.662434e-03	-9.156086e-05	-4.273980e-03	3.664319e-05	6.413029e-04	8.244246e-04	3.664319e-05	-3.664319e-05	-2.442763e-03	6.105198e-03
155           	1.465720e-03	2.907029e-20	3.662389e-03	-9.155971e-05	-4.273896e-03	3.664301e-05	6.413005e-04	8.244199e-04	3.664301e-05	-3.664301e-05	-2.442701e-03	6.105090e-03
156           	1.465714e-03	2.906997e-20	3.662345e-03	-9.155862e-05	-4.273815e-03	3.664284e-05	6.412982e-04	8.244155e-04	3.664284e-05	-3.664284e-05	-2.442642e-03	6.104987e-03
157           	1.465707e-03	2.906967e-20	3.662303e-03	-9.155758e-05	-4.273737e-03	3.664268e-05	6.412961e-04	8.244113e-04	3.664268e-05	-3.664268e-05	-2.442586e-03	6.104889e-03
158           	1.465701e-03	2.906938e-20	3.662263e-03	-9.155658e-05	-4.273664e-03	3.664254e-05	6.412941e-04	8.244073e-04	3.664254e-05	-3.664254e-05	-2.442532e-03	6.104795e-03
159           	1.465696e-03	2.906910e-20	3.662226e-03	-9.155564e-05	-4.273594e-03	3.664239e-05	6.412923e-04	8.244035e-04	3.664239e-05	-3.664239e-05	-2.442481e-03	6.104707e-03
160           	1.465690e-03	2.906884e-20	3.662190e-03	-9.155475e-05	-4.273528e-03	3.664226e-05	6.412905e-04	8.244000e-04	3.664226e-05	-3.664226e-05	-2.442433e-03	6.104623e-03
161           	1.465686e-03	2.906860e-20	3.662156e-03	-9.155390e-05	-4.273466e-03	3.664214e-05	6.412889e-04	8.243967e-04	3.664214e-05	-3.664214e-05	-2.442388e-03	6.104544e-03
162           	1.465681e-03	2.906836e-20	3.662125e-03	-9.155311e-05	-4.273408e-03	3.664202e-05	6.412873e-04	8.243936e-04	3.664202e-05	-3.664202e-05	-2.442346e-03	6.104470e-03
163           	1.465677e-03	2.906814e-20	3.662095e-03	-9.155237e-05	-4.273353e-03	3.664192e-05	6.412859e-04	8.243907e-04	3.664192e-05	-3.664192e-05	-2.442306e-03	6.104401e-03
164           	1.465673e-03	2.906794e-20	3.662067e-03	-9.155168e-05	-4.273302e-03	3.664182e-05	6.412846e-04	8.243880e-04	3.664182e-05	-3.664182e-05	-2.442269e-03	6.104336e-03
165           	1.465669e-03	2.906775e-20	3.662041e-03	-9.155103e-05	-4.273255e-03	3.664172e-05	6.412834e-04	8.243855e-04	3.664172e-05	-3.664172e-05	-2.442234e-03	6.104275e-03
166           	1.465665e-03	2.906756e-20	3.662017e-03	-9.155043e-05	-4.273211e-03	3.664164e-05	6.412823e-04	8.243832e-04	3.664164e-05	-3.664164e-05	-2.442202e-03	6.104219e-03
167           	1.465662e-03	2.906740e-20	3.661995e-03	-9.154987e-05	-4.273170e-03	3.664156e-05	6.412813e-04	8.243810e-04	3.664156e-05	-3.664156e-05	-2.442172e-03	6.104167e-03
168           	1.465659e-03	2.906724e-20	3.661974e-03	-9.154935e-05	-4.273132e-03	3.664148e-05	6.412803e-04	8.243790e-04	3.664148e-05	-3.664148e-05	-2.442145e-03	6.104119e-03
169           	1.465657e-03	2.906709e-20	3.661955e-03	-9.154888e-05	-4.273097e-03	3.664142e-05	6.412795e-04	8.243772e-04	3.664142e-05	-3.664142e-05	-2.442120e-03	6.104075e-03
170           	1.465654e-03	2.906696e-20	3.661938e-03	-9.154844e-05	-4.273066e-03	3.664136e-05	6.412787e-04	8.243756e-04	3.664136e-05	-3.664136e-05	-2.442097e-03	6.104035e-03
171           	1.465652e-03	2.906683e-20	3.661922e-03	-9.154804e-05	-4.273037e-03	3.664130e-05	6.412780e-04	8.243741e-04	3.664130e-05	-3.664130e-05	-2.442076e-03	6.103998e-03
172           	1.465650e-03	2.906672e-20	3.661907e-03	-9.154768e-05	-4.273010e-03	3.664125e-05	6.412773e-04	8.243727e-04	3.664125e-05	-3.664125e-05	-2.442057e-03	6.103964e-03
173           	1.465648e-03	2.906662e-20	3.661894e-03	-9.154735e-05	-4.272986e-03	3.664120e-05	6.412767e-04	8.243714e-04	3.664120e-05	-3.664120e-05	-2.442039e-03	6.103933e-03
174           	1.465647e-03	2.906652e-20	3.661882e-03	-9.154705e-05	-4.272965e-03	3.664116e-05	6.412762e-04	8.243703e-04	3.664116e-05	-3.664116e-05	-2.442024e-03	6.103906e-03
175           	1.465645e-03	2.906644e-20	3.661871e-03	-9.154678e-05	-4.272945e-03	3.664113e-05	6.412757e-04	8.243693e-04	3.664113e-05	-3.664113e-05	-2.442010e-03	6.103881e-03
176           	1.465644e-03	2.906636e-20	3.661861e-03	-9.154654e-05	-4.272928e-03	3.664109e-05	6.412753e-04	8.243684e-04	3.664109e-05	-3.664109e-05	-2.441997e-03	6.103859e-03
177           	1.465643e-03	2.906629e-20	3.661853e-03	-9.154632e-05	-4.272913e-03	3.664106e-05	6.412750e-04	8.243676e-04	3.664106e-05	-3.664106e-05	-2.441986e-03	6.103839e-03
178           	1.465642e-03	2.906623e-20	3.661845e-03	-9.154613e-05	-4.272899e-03	3.664104e-05	6.412746e-04	8.243669e-04	3.664104e-05	-3.664104e-05	-2.441976e-03	6.103821e-03
179           	1.465641e-03	2.906617e-20	3.661838e-03	-9.154596e-05	-4.272887e-03	3.664102e-05	6.412744e-04	8.243663e-04	3.664102e-05	-3.664102e-05	-2.441968e-03	6.103806e-03
180           	1.465640e-03	2.906613e-20	3.661832e-03	-9.154581e-05	-4.272876e-03	3.664100e-05	6.412741e-04	8.243657e-04	3.664100e-05	-3.664100e-05	-2.441960e-03	6.103792e-03
181           	1.465639e-03	2.906608e-20	3.661827e-03	-9.154568e-05	-4.272867e-03	3.664098e-05	6.412739e-04	8.243653e-04	3.664098e-05	-3.664098e-05	-2.441954e-03	6.103781e-03
182           	1.465639e-03	2.906605e-20	3.661823e-03	-9.154557e-05	-4.272859e-03	3.664096e-05	6.412737e-04	8.243649e-04	3.664096e-05	-3.664096e-05	-2.441948e-03	6.103771e-03
183           	1.465638e-03	2.906602e-20	3.661819e-03	-9.154547e-05	-4.272853e-03	3.664095e-05	6.412736e-04	8.243645e-04	3.664095e-05	-3.664095e-05	-2.441943e-03	6.103762e-03
184           	1.465638e-03	2.906599e-20	3.661815e-03	-9.154538e-05	-4.272847e-03	3.664094e-05	6.412734e-04	8.243642e-04	3.664094e-05	-3.664094e-05	-2.441939e-03	6.103754e-03
185           	1.465637e-03	2.906597e-20	3.661813e-03	-9.154531e-05	-4.272842e-03	3.664093e-05	6.412733e-04	8.243639e-04	3.664093e-05	-3.664093e-05	-2.441936e-03	6.103748e-03
186           	1.465637e-03	2.906595e-20	3.661810e-03	-9.154526e-05	-4.272838e-03	3.664092e-05	6.412732e-04	8.243638e-04	3.664092e-05	-3.664092e-05	-2.441933e-03	6.103743e-03
187           	1.465637e-03	2.906593e-20	3.661809e-03	-9.154521e-05	-4.272835e-03	3.664092e-05	6.412732e-04	8.243636e-04	3.664092e-05	-3.664092e-05	-2.441931e-03	6.103740e-03
188           	1.465637e-03	2.906592e-20	3.661807e-03	-9.154518e-05	-4.272833e-03	3.664092e-05	6.412732e-04	8.243635e-04	3.664092e-05	-3.664092e-05	-2.441930e-03	6.103737e-03
189           	1.465637e-03	2.906591e-20	3.661806e-03	-9.154515e-05	-4.272831e-03	3.664091e-05	6.412731e-04	8.243634e-04	3.664091e-05	-3.664091e-05	-2.441928e-03	6.103734e-03
190           	1.465636e-03	2.906590e-20	3.661805e-03	-9.154513e-05	-4.272830e-03	3.664091e-05	6.412731e-04	8.243633e-04	3.664091e-05	-3.664091e-05	-2.441928e-03	6.103733e-03
191           	1.465636e-03	2.906590e-20	3.661805e-03	-9.154511e-05	-4.272830e-03	3.664091e-05	6.412731e-04	8.243633e-04	3.664091e-05	-3.664091e-05	-2.441927e-03	6.103732e-03
192           	1.465636e-03	2.906590e-20	3.661804e-03	-9.154511e-05	-4.272829e-03	3.664091e-05	6.412731e-04	8.243633e-04	3.664091e-05	-3.664091e-05	-2.441927e-03	6.103732e-03
193           	1.465636e-03	2.906590e-20	3.661804e-03	-9.154510e-05	-4.272830e-03	3.664091e-05	6.412731e-04	8.243633e-04	3.664091e-05	-3.664091e-05	-2.441928e-03	6.103732e-03
194           	1.465636e-03	2.906590e-20	3.661804e-03	-9.154511e-05	-4.272830e-03	3.664091e-05	6.412731e-04	8.243634e-04	3.664091e-05	-3.664091e-05	-2.441928e-03	6.103732e-03
195           	1.465637e-03	2.906590e-20	3.661805e-03	-9.154512e-05	-4.272831e-03	3.664091e-05	6.412732e-04	8.243634e-04	3.664091e-05	-3.664091e-05	-2.441929e-03	6.103733e-03
196           	1.465637e-03	2.906590e-20	3.661805e-03	-9.154513e-05	-4.272832e-03	3.664092e-05	6.412732e-04	8.243635e-04	3.664092e-05	-3.664092e-05	-2.441930e-03	6.103735e-03
197           	1.465637e-03	2.906590e-20	3.661806e-03	-9.154514e-05	-4.272833e-03	3.664092e-05	6.412732e-04	8.243635e-04	3.664092e-05	-3.664092e-05	-2.441931e-03	6.103736e-03
198           	1.465637e-03	2.906591e-20	3.661806e-03	-9.154516e-05	-4.272835e-03	3.664092e-05	6.412733e-04	8.243636e-04	3.664092e-05	-3.664092e-05	-2.441932e-03	6.103738e-03
199           	1.465637e-03	2.906591e-20	3.661807e-03	-9.154518e-05	-4.272836e-03	3.664093e-05	6.412733e-04	8.243637e-04	3.664093e-05	-3.664093e-05	-2.441933e-03	6.103740e-03
200           	1.465637e-03	2.906592e-20	3.661808e-03	-9.154520e-05	-4.272838e-03	3.664093e-05	6.412734e-04	8.243638e-04	3.664093e-05	-3.664093e-05	-2.441934e-03	6.103742e-03
201           	1.465637e-03	2.906593e-20	3.661809e-03	-9.154522e-05	-4.272840e-03	3.664093e-05	6.412735e-04	8.243639e-04	3.664093e-05	-3.664093e-05	-2.441936e-03	6.103745e-03
202           	1.465638e-03	2.906593e-20	3.661810e-03	-9.154525e-05	-4.272842e-03	3.664094e-05	6.412735e-04	8.243640e-04	3.664094e-05	-3.664094e-05	-2.441937e-03	6.103747e-03
203           	1.465638e-03	2.906594e-20	3.661811e-03	-9.154527e-05	-4.272844e-03	3.664094e-05	6.412736e-04	8.243641e-04	3.664094e-05	-3.664094e-05	-2.441939e-03	6.103750e-03
204           	1.465638e-03	2.906595e-20	3.661812e-03	-9.154530e-05	-4.272846e-03	3.664095e-05	6.412737e-04	8.243643e-04	3.664095e-05	-3.664095e-05	-2.441940e-03	6.103752e-03
205           	1.465638e-03	2.906596e-20	3.661813e-03	-9.154533e-05	-4.272849e-03	3.664095e-05	6.412737e-04	8.243644e-04	3.664095e-05	-3.664095e-05	-2.441942e-03	6.103755e-03
206           	1.465638e-03	2.906596e-20	3.661814e-03	-9.154536e-05	-4.272851e-03	3.664096e-05	6.412738e-04	8.243645e-04	3.664096e-05	-3.664096e-05	-2.441944e-03	6.103758e-03
207           	1.465638e-03	2.906597e-20	3.661815e-03	-9.154539e-05	-4.272853e-03	3.664096e-05	6.412738e-04	8.243646e-04	3.664096e-05	-3.664096e-05	-2.441945e-03	6.103761e-03
208           	1.465639e-03	2.906598e-20	3.661817e-03	-9.154542e-05	-4.272856e-03	3.664097e-05	6.412739e-04	8.243647e-04	3.664097e-05	-3.664097e-05	-2.441947e-03	6.103764e-03
209           	1.465639e-03	2.906599e-20	3.661818e-03	-9.154545e-05	-4.272858e-03	3.664097e-05	6.412740e-04	8.243649e-04	3.664097e-05	-3.664097e-05	-2.441949e-03	6.103767e-03
210           	1.465639e-03	2.906600e-20	3.661819e-03	-9.154548e-05	-4.272860e-03	3.664098e-05	6.412741e-04	8.243650e-04	3.664098e-05	-3.664098e-05	-2.441951e-03	6.103770e-03
211           	1.465639e-03	2.906601e-20	3.661820e-03	-9.154551e-05	-4.272863e-03	3.664098e-05	6.412741e-04	8.243651e-04	3.664098e-05	-3.664098e-05	-2.441952e-03	6.103773e-03
212           	1.465639e-03	2.906602e-20	3.661822e-03	-9.154554e-05	-4.272865e-03	3.664099e-05	6.412742e-04	8.243653e-04	3.664099e-05	-3.664099e-05	-2.441954e-03	6.103776e-03
213           	1.465640e-03	2.906602e-20	3.661823e-03	-9.154557e-05	-4.272867e-03	3.664099e-05	6.412743e-04	8.243654e-04	3.664099e-05	-3.664099e-05	-2.441956e-03	6.103779e-03
214           	1.465640e-03	2.906603e-20	3.661824e-03	-9.154560e-05	-4.272870e-03	3.664100e-05	6.412743e-04	8.243655e-04	3.664100e-05	-3.664100e-05	-2.441958e-03	6.103782e-03
215           	1.465640e-03	2.906604e-20	3.661825e-03	-9.154563e-05	-4.272872e-03	3.664100e-05	6.412744e-04	8.243657e-04	3.664100e-05	-3.664100e-05	-2.441959e-03	6.103784e-03
216           	1.465640e-03	2.906605e-20	3.661826e-03	-9.154566e-05	-4.272874e-03	3.664101e-05	6.412745e-04	8.243658e-04	3.664101e-05	-3.664101e-05	-2.441961e-03	6.103787e-03
