# Force coefficients
# dragDir     : (1.000000e+00 0.000000e+00 0.000000e+00)
# sideDir     : (0.000000e+00 0.000000e+00 -1.000000e+00)
# liftDir     : (0.000000e+00 1.000000e+00 0.000000e+00)
# rollAxis    : (1.000000e+00 0.000000e+00 0.000000e+00)
# pitchAxis   : (0.000000e+00 0.000000e+00 -1.000000e+00)
# yawAxis     : (0.000000e+00 1.000000e+00 0.000000e+00)
# magUInf     : 6.000000e-02
# lRef        : 1.000000e-01
# Aref        : 1.000000e-01
# CofR        : (0.000000e+00 0.000000e+00 0.000000e+00)
#
# Time        	Cd            	Cs            	Cl            	CmRoll        	CmPitch       	CmYaw         	Cd(f)         	Cd(r)         	Cs(f)         	Cs(r)         	Cl(f)         	Cl(r)         
1             	4.714589e-04	-6.425513e-21	1.340841e-03	-3.352101e-05	-1.780978e-03	1.178647e-05	2.022085e-04	2.692505e-04	1.178647e-05	-1.178647e-05	-1.110558e-03	2.451399e-03
2             	1.853589e-03	3.520305e-20	5.353394e-03	-1.338349e-04	-7.202060e-03	4.633973e-05	7.929597e-04	1.060629e-03	4.633973e-05	-4.633973e-05	-4.525363e-03	9.878757e-03
3             	1.464989e-03	8.213014e-20	3.919733e-03	-9.799332e-05	-4.762607e-03	3.662473e-05	6.345013e-04	8.304879e-04	3.662473e-05	-3.662473e-05	-2.802740e-03	6.722473e-03
4             	1.189736e-03	5.306848e-20	3.049207e-03	-7.623017e-05	-3.394588e-03	2.974341e-05	5.186380e-04	6.710984e-04	2.974341e-05	-2.974341e-05	-1.869984e-03	4.919191e-03
5             	9.940305e-04	2.022481e-20	2.340499e-03	-5.851247e-05	-2.349607e-03	2.485076e-05	4.385028e-04	5.555277e-04	2.485076e-05	-2.485076e-05	-1.179357e-03	3.519856e-03
6             	9.207613e-04	1.980827e-21	2.325747e-03	-5.814367e-05	-2.573758e-03	2.301903e-05	4.022370e-04	5.185243e-04	2.301903e-05	-2.301903e-05	-1.410884e-03	3.736631e-03
7             	8.098487e-04	-3.353990e-21	2.038144e-03	-5.095361e-05	-2.282945e-03	2.024622e-05	3.539707e-04	4.558779e-04	2.024622e-05	-2.024622e-05	-1.263873e-03	3.302017e-03
8             	7.490008e-04	-2.802030e-21	1.720320e-03	-4.300799e-05	-1.788810e-03	1.872502e-05	3.314924e-04	4.175084e-04	1.872502e-05	-1.872502e-05	-9.286504e-04	2.648970e-03
9             	7.647637e-04	1.798899e-21	1.914294e-03	-4.785734e-05	-2.160876e-03	1.911909e-05	3.345245e-04	4.302392e-04	1.911909e-05	-1.911909e-05	-1.203729e-03	3.118023e-03
10            	8.401797e-04	7.801269e-21	2.369472e-03	-5.923680e-05	-2.916971e-03	2.100449e-05	3.608530e-04	4.793266e-04	2.100449e-05	-2.100449e-05	-1.732235e-03	4.101707e-03
11            	9.867537e-04	1.164631e-20	3.007921e-03	-7.519802e-05	-3.890667e-03	2.466884e-05	4.181788e-04	5.685749e-04	2.466884e-05	-2.466884e-05	-2.386706e-03	5.394627e-03
12            	1.109739e-03	1.563224e-20	3.542896e-03	-8.857240e-05	-4.685283e-03	2.774348e-05	4.662971e-04	6.434419e-04	2.774348e-05	-2.774348e-05	-2.913835e-03	6.456731e-03
13            	1.201549e-03	1.787764e-20	3.953961e-03	-9.884904e-05	-5.281112e-03	3.003872e-05	5.019254e-04	6.996235e-04	3.003872e-05	-3.003872e-05	-3.304131e-03	7.258092e-03
14            	1.257900e-03	1.874266e-20	4.202198e-03	-1.050550e-04	-5.617259e-03	3.144750e-05	5.238951e-04	7.340050e-04	3.144750e-05	-3.144750e-05	-3.516160e-03	7.718359e-03
15            	1.307554e-03	1.963239e-20	4.386694e-03	-1.096673e-04	-5.841694e-03	3.268885e-05	5.441096e-04	7.634443e-04	3.268885e-05	-3.268885e-05	-3.648347e-03	8.035041e-03
16            	1.347554e-03	2.026563e-20	4.509263e-03	-1.127316e-04	-5.966504e-03	3.368884e-05	5.610452e-04	7.865084e-04	3.368884e-05	-3.368884e-05	-3.711872e-03	8.221135e-03
17            	1.380130e-03	2.090433e-20	4.607055e-03	-1.151764e-04	-6.061530e-03	3.450325e-05	5.748885e-04	8.052413e-04	3.450325e-05	-3.450325e-05	-3.758002e-03	8.365057e-03
18            	1.403439e-03	2.146198e-20	4.682243e-03	-1.170561e-04	-6.134568e-03	3.508596e-05	5.846632e-04	8.187753e-04	3.508596e-05	-3.508596e-05	-3.793447e-03	8.475690e-03
19            	1.419678e-03	2.196519e-20	4.741825e-03	-1.185456e-04	-6.195288e-03	3.549194e-05	5.912933e-04	8.283845e-04	3.549194e-05	-3.549194e-05	-3.824376e-03	8.566201e-03
20            	1.431776e-03	2.241996e-20	4.791377e-03	-1.197844e-04	-6.248879e-03	3.579440e-05	5.961035e-04	8.356724e-04	3.579440e-05	-3.579440e-05	-3.853190e-03	8.644567e-03
21            	1.439337e-03	2.290487e-20	4.824610e-03	-1.206152e-04	-6.282718e-03	3.598343e-05	5.990534e-04	8.402838e-04	3.598343e-05	-3.598343e-05	-3.870413e-03	8.695022e-03
22            	1.443388e-03	2.336481e-20	4.845481e-03	-1.211370e-04	-6.301104e-03	3.608470e-05	6.005569e-04	8.428310e-04	3.608470e-05	-3.608470e-05	-3.878364e-03	8.723845e-03
23            	1.442739e-03	2.373951e-20	4.852691e-03	-1.213173e-04	-6.303187e-03	3.606846e-05	6.000520e-04	8.426865e-04	3.606846e-05	-3.606846e-05	-3.876841e-03	8.729532e-03
24            	1.440142e-03	2.398328e-20	4.853305e-03	-1.213326e-04	-6.297441e-03	3.600354e-05	5.987382e-04	8.414034e-04	3.600354e-05	-3.600354e-05	-3.870788e-03	8.724093e-03
25            	1.436706e-03	2.417478e-20	4.847406e-03	-1.211852e-04	-6.281267e-03	3.591765e-05	5.971678e-04	8.395381e-04	3.591765e-05	-3.591765e-05	-3.857563e-03	8.704970e-03
26            	1.432374e-03	2.431948e-20	4.835896e-03	-1.208974e-04	-6.256302e-03	3.580934e-05	5.952895e-04	8.370843e-04	3.580934e-05	-3.580934e-05	-3.838354e-03	8.674250e-03
27            	1.427378e-03	2.442135e-20	4.819339e-03	-1.204835e-04	-6.223140e-03	3.568445e-05	5.932055e-04	8.341724e-04	3.568445e-05	-3.568445e-05	-3.813471e-03	8.632810e-03
28            	1.421866e-03	2.448251e-20	4.798490e-03	-1.199623e-04	-6.182778e-03	3.554665e-05	5.909708e-04	8.308953e-04	3.554665e-05	-3.554665e-05	-3.783533e-03	8.582023e-03
29            	1.415796e-03	2.451040e-20	4.773556e-03	-1.193389e-04	-6.135571e-03	3.539491e-05	5.885593e-04	8.272371e-04	3.539491e-05	-3.539491e-05	-3.748793e-03	8.522349e-03
30            	1.409308e-03	2.451062e-20	4.744634e-03	-1.186158e-04	-6.081669e-03	3.523271e-05	5.860384e-04	8.232701e-04	3.523271e-05	-3.523271e-05	-3.709352e-03	8.453986e-03
31            	1.402200e-03	2.448332e-20	4.711952e-03	-1.177988e-04	-6.022023e-03	3.505501e-05	5.833014e-04	8.188990e-04	3.505501e-05	-3.505501e-05	-3.666047e-03	8.377999e-03
32            	1.395251e-03	2.443464e-20	4.676190e-03	-1.169048e-04	-5.956284e-03	3.488128e-05	5.807209e-04	8.145304e-04	3.488128e-05	-3.488128e-05	-3.618189e-03	8.294380e-03
33            	1.387334e-03	2.436551e-20	4.635383e-03	-1.158846e-04	-5.882991e-03	3.468335e-05	5.777825e-04	8.095516e-04	3.468335e-05	-3.468335e-05	-3.565300e-03	8.200683e-03
34            	1.380061e-03	2.424363e-20	4.595260e-03	-1.148815e-04	-5.810640e-03	3.450151e-05	5.751488e-04	8.049118e-04	3.450151e-05	-3.450151e-05	-3.513010e-03	8.108270e-03
35            	1.372496e-03	2.413181e-20	4.552404e-03	-1.138101e-04	-5.734142e-03	3.431240e-05	5.724380e-04	8.000582e-04	3.431240e-05	-3.431240e-05	-3.457941e-03	8.010344e-03
36            	1.365028e-03	2.400470e-20	4.507806e-03	-1.126952e-04	-5.654705e-03	3.412571e-05	5.698190e-04	7.952093e-04	3.412571e-05	-3.412571e-05	-3.400801e-03	7.908608e-03
37            	1.357701e-03	2.386845e-20	4.462502e-03	-1.115625e-04	-5.574302e-03	3.394253e-05	5.672881e-04	7.904131e-04	3.394253e-05	-3.394253e-05	-3.343051e-03	7.805553e-03
38            	1.350566e-03	2.372491e-20	4.416859e-03	-1.104215e-04	-5.493542e-03	3.376416e-05	5.648616e-04	7.857046e-04	3.376416e-05	-3.376416e-05	-3.285112e-03	7.701971e-03
39            	1.343873e-03	2.357638e-20	4.371919e-03	-1.092980e-04	-5.413906e-03	3.359681e-05	5.626383e-04	7.812343e-04	3.359681e-05	-3.359681e-05	-3.227946e-03	7.599865e-03
40            	1.337527e-03	2.342491e-20	4.328040e-03	-1.082010e-04	-5.336289e-03	3.343817e-05	5.605625e-04	7.769645e-04	3.343817e-05	-3.343817e-05	-3.172269e-03	7.500309e-03
41            	1.331594e-03	2.327250e-20	4.285749e-03	-1.071437e-04	-5.261519e-03	3.328984e-05	5.586532e-04	7.729406e-04	3.328984e-05	-3.328984e-05	-3.118645e-03	7.404393e-03
42            	1.325964e-03	2.312132e-20	4.244388e-03	-1.061097e-04	-5.188463e-03	3.314909e-05	5.568721e-04	7.690915e-04	3.314909e-05	-3.314909e-05	-3.066269e-03	7.310657e-03
43            	1.320659e-03	2.297070e-20	4.204246e-03	-1.051062e-04	-5.117562e-03	3.301646e-05	5.552231e-04	7.654354e-04	3.301646e-05	-3.301646e-05	-3.015439e-03	7.219685e-03
44            	1.315695e-03	2.282253e-20	4.165843e-03	-1.041461e-04	-5.049795e-03	3.289236e-05	5.537012e-04	7.619933e-04	3.289236e-05	-3.289236e-05	-2.966874e-03	7.132716e-03
45            	1.311059e-03	2.267636e-20	4.129401e-03	-1.032350e-04	-4.985600e-03	3.277647e-05	5.522944e-04	7.587644e-04	3.277647e-05	-3.277647e-05	-2.920899e-03	7.050300e-03
46            	1.306738e-03	2.253304e-20	4.094949e-03	-1.023737e-04	-4.925034e-03	3.266845e-05	5.509954e-04	7.557428e-04	3.266845e-05	-3.266845e-05	-2.877559e-03	6.972508e-03
47            	1.302730e-03	2.239343e-20	4.062455e-03	-1.015614e-04	-4.868011e-03	3.256826e-05	5.498038e-04	7.529265e-04	3.256826e-05	-3.256826e-05	-2.836783e-03	6.899238e-03
48            	1.299031e-03	2.225834e-20	4.031931e-03	-1.007983e-04	-4.814527e-03	3.247577e-05	5.487171e-04	7.503136e-04	3.247577e-05	-3.247577e-05	-2.798561e-03	6.830492e-03
49            	1.295619e-03	2.212843e-20	4.003147e-03	-1.000787e-04	-4.764179e-03	3.239047e-05	5.477307e-04	7.478880e-04	3.239047e-05	-3.239047e-05	-2.762605e-03	6.765752e-03
50            	1.292567e-03	2.200383e-20	3.976292e-03	-9.940730e-05	-4.717130e-03	3.231417e-05	5.468761e-04	7.456907e-04	3.231417e-05	-3.231417e-05	-2.728984e-03	6.705276e-03
51            	1.289756e-03	2.188350e-20	3.951744e-03	-9.879360e-05	-4.674332e-03	3.224390e-05	5.460844e-04	7.436716e-04	3.224390e-05	-3.224390e-05	-2.698460e-03	6.650204e-03
52            	1.287179e-03	2.176936e-20	3.928986e-03	-9.822465e-05	-4.634799e-03	3.217948e-05	5.453650e-04	7.418143e-04	3.217948e-05	-3.217948e-05	-2.670306e-03	6.599292e-03
53            	1.284839e-03	2.166003e-20	3.907877e-03	-9.769693e-05	-4.598193e-03	3.212098e-05	5.447226e-04	7.401165e-04	3.212098e-05	-3.212098e-05	-2.644254e-03	6.552132e-03
54            	1.282748e-03	2.155707e-20	3.888562e-03	-9.721405e-05	-4.564765e-03	3.206870e-05	5.441600e-04	7.385880e-04	3.206870e-05	-3.206870e-05	-2.620484e-03	6.509046e-03
55            	1.280890e-03	2.145958e-20	3.870971e-03	-9.677429e-05	-4.534399e-03	3.202226e-05	5.436709e-04	7.372195e-04	3.202226e-05	-3.202226e-05	-2.598913e-03	6.469885e-03
56            	1.279244e-03	2.136746e-20	3.854990e-03	-9.637475e-05	-4.506890e-03	3.198110e-05	5.432473e-04	7.359968e-04	3.198110e-05	-3.198110e-05	-2.579395e-03	6.434385e-03
57            	1.277796e-03	2.128093e-20	3.840540e-03	-9.601350e-05	-4.482096e-03	3.194491e-05	5.428846e-04	7.349116e-04	3.194491e-05	-3.194491e-05	-2.561826e-03	6.402366e-03
58            	1.276535e-03	2.119999e-20	3.827548e-03	-9.568870e-05	-4.459881e-03	3.191338e-05	5.425788e-04	7.339562e-04	3.191338e-05	-3.191338e-05	-2.546107e-03	6.373655e-03
59            	1.275471e-03	2.112463e-20	3.815968e-03	-9.539920e-05	-4.440157e-03	3.188678e-05	5.423364e-04	7.331348e-04	3.188678e-05	-3.188678e-05	-2.532173e-03	6.348141e-03
60            	1.274564e-03	2.105438e-20	3.805671e-03	-9.514178e-05	-4.422693e-03	3.186410e-05	5.421403e-04	7.324239e-04	3.186410e-05	-3.186410e-05	-2.519857e-03	6.325528e-03
61            	1.273792e-03	2.098910e-20	3.796589e-03	-9.491472e-05	-4.407396e-03	3.184480e-05	5.419812e-04	7.318107e-04	3.184480e-05	-3.184480e-05	-2.509101e-03	6.305690e-03
62            	1.273162e-03	2.092857e-20	3.788698e-03	-9.471744e-05	-4.394196e-03	3.182904e-05	5.418635e-04	7.312983e-04	3.182904e-05	-3.182904e-05	-2.499847e-03	6.288544e-03
63            	1.272653e-03	2.087295e-20	3.781866e-03	-9.454665e-05	-4.382859e-03	3.181631e-05	5.417796e-04	7.308729e-04	3.181631e-05	-3.181631e-05	-2.491926e-03	6.273791e-03
64            	1.272246e-03	2.082149e-20	3.776004e-03	-9.440009e-05	-4.373238e-03	3.180614e-05	5.417228e-04	7.305229e-04	3.180614e-05	-3.180614e-05	-2.485236e-03	6.261240e-03
65            	1.271936e-03	2.077407e-20	3.771052e-03	-9.427630e-05	-4.365227e-03	3.179839e-05	5.416915e-04	7.302441e-04	3.179839e-05	-3.179839e-05	-2.479701e-03	6.250753e-03
66            	1.271715e-03	2.073051e-20	3.766929e-03	-9.417323e-05	-4.358673e-03	3.179287e-05	5.416841e-04	7.300305e-04	3.179287e-05	-3.179287e-05	-2.475209e-03	6.242138e-03
67            	1.271585e-03	2.069081e-20	3.763586e-03	-9.408966e-05	-4.353482e-03	3.178962e-05	5.417027e-04	7.298820e-04	3.178962e-05	-3.178962e-05	-2.471689e-03	6.235275e-03
68            	1.271521e-03	2.065458e-20	3.760905e-03	-9.402261e-05	-4.349443e-03	3.178804e-05	5.417381e-04	7.297833e-04	3.178804e-05	-3.178804e-05	-2.468991e-03	6.229895e-03
69            	1.271517e-03	2.062178e-20	3.758851e-03	-9.397128e-05	-4.346511e-03	3.178793e-05	5.417873e-04	7.297298e-04	3.178793e-05	-3.178793e-05	-2.467085e-03	6.225937e-03
70            	1.271575e-03	2.059220e-20	3.757384e-03	-9.393460e-05	-4.344593e-03	3.178937e-05	5.418529e-04	7.297221e-04	3.178937e-05	-3.178937e-05	-2.465901e-03	6.223285e-03
71            	1.271690e-03	2.056569e-20	3.756452e-03	-9.391131e-05	-4.343597e-03	3.179225e-05	5.419337e-04	7.297563e-04	3.179225e-05	-3.179225e-05	-2.465371e-03	6.221824e-03
72            	1.271864e-03	2.054203e-20	3.756024e-03	-9.390060e-05	-4.343467e-03	3.179660e-05	5.420313e-04	7.298325e-04	3.179660e-05	-3.179660e-05	-2.465455e-03	6.221479e-03
73            	1.272079e-03	2.052118e-20	3.756037e-03	-9.390092e-05	-4.344094e-03	3.180198e-05	5.421388e-04	7.299406e-04	3.180198e-05	-3.180198e-05	-2.466075e-03	6.222112e-03
74            	1.272338e-03	2.050282e-20	3.756443e-03	-9.391107e-05	-4.345384e-03	3.180844e-05	5.422577e-04	7.300799e-04	3.180844e-05	-3.180844e-05	-2.467163e-03	6.223606e-03
75            	1.272628e-03	2.048675e-20	3.757192e-03	-9.392979e-05	-4.347260e-03	3.181571e-05	5.423844e-04	7.302440e-04	3.181571e-05	-3.181571e-05	-2.468664e-03	6.225855e-03
76            	1.272948e-03	2.047285e-20	3.758258e-03	-9.395644e-05	-4.349674e-03	3.182370e-05	5.425175e-04	7.304304e-04	3.182370e-05	-3.182370e-05	-2.470545e-03	6.228803e-03
77            	1.273296e-03	2.046104e-20	3.759623e-03	-9.399058e-05	-4.352595e-03	3.183241e-05	5.426576e-04	7.306388e-04	3.183241e-05	-3.183241e-05	-2.472783e-03	6.232407e-03
78            	1.273661e-03	2.045116e-20	3.761214e-03	-9.403036e-05	-4.355883e-03	3.184152e-05	5.428001e-04	7.308609e-04	3.184152e-05	-3.184152e-05	-2.475276e-03	6.236490e-03
79            	1.274065e-03	2.044317e-20	3.763096e-03	-9.407739e-05	-4.359647e-03	3.185162e-05	5.429550e-04	7.311098e-04	3.185162e-05	-3.185162e-05	-2.478099e-03	6.241195e-03
80            	1.274486e-03	2.043709e-20	3.765208e-03	-9.413019e-05	-4.363790e-03	3.186215e-05	5.431128e-04	7.313732e-04	3.186215e-05	-3.186215e-05	-2.481187e-03	6.246394e-03
81            	1.274929e-03	2.043259e-20	3.767506e-03	-9.418766e-05	-4.368228e-03	3.187324e-05	5.432771e-04	7.316524e-04	3.187324e-05	-3.187324e-05	-2.484474e-03	6.251981e-03
82            	1.275371e-03	2.042950e-20	3.769907e-03	-9.424768e-05	-4.372826e-03	3.188428e-05	5.434379e-04	7.319333e-04	3.188428e-05	-3.188428e-05	-2.487873e-03	6.257780e-03
83            	1.275833e-03	2.042778e-20	3.772503e-03	-9.431257e-05	-4.377743e-03	3.189582e-05	5.436039e-04	7.322290e-04	3.189582e-05	-3.189582e-05	-2.491492e-03	6.263995e-03
84            	1.276308e-03	2.042750e-20	3.775251e-03	-9.438128e-05	-4.382899e-03	3.190771e-05	5.437729e-04	7.325355e-04	3.190771e-05	-3.190771e-05	-2.495273e-03	6.270524e-03
85            	1.276789e-03	2.042835e-20	3.778118e-03	-9.445296e-05	-4.388242e-03	3.191974e-05	5.439418e-04	7.328477e-04	3.191974e-05	-3.191974e-05	-2.499183e-03	6.277301e-03
86            	1.277266e-03	2.043046e-20	3.781052e-03	-9.452630e-05	-4.393687e-03	3.193165e-05	5.441066e-04	7.331592e-04	3.193165e-05	-3.193165e-05	-2.503161e-03	6.284213e-03
87            	1.277735e-03	2.043250e-20	3.784029e-03	-9.460073e-05	-4.399195e-03	3.194336e-05	5.442666e-04	7.334680e-04	3.194336e-05	-3.194336e-05	-2.507180e-03	6.291210e-03
88            	1.278200e-03	2.043613e-20	3.787047e-03	-9.467618e-05	-4.404755e-03	3.195500e-05	5.444239e-04	7.337762e-04	3.195500e-05	-3.195500e-05	-2.511232e-03	6.298279e-03
89            	1.278660e-03	2.044049e-20	3.790087e-03	-9.475217e-05	-4.410333e-03	3.196651e-05	5.445781e-04	7.340824e-04	3.196651e-05	-3.196651e-05	-2.515289e-03	6.305376e-03
90            	1.279104e-03	2.044543e-20	3.793106e-03	-9.482766e-05	-4.415869e-03	3.197760e-05	5.447243e-04	7.343796e-04	3.197760e-05	-3.197760e-05	-2.519316e-03	6.312422e-03
91            	1.279538e-03	2.045090e-20	3.796091e-03	-9.490227e-05	-4.421321e-03	3.198844e-05	5.448666e-04	7.346711e-04	3.198844e-05	-3.198844e-05	-2.523275e-03	6.319366e-03
92            	1.279959e-03	2.045684e-20	3.799036e-03	-9.497591e-05	-4.426687e-03	3.199898e-05	5.450037e-04	7.349555e-04	3.199898e-05	-3.199898e-05	-2.527169e-03	6.326205e-03
93            	1.280369e-03	2.046320e-20	3.801937e-03	-9.504842e-05	-4.431956e-03	3.200923e-05	5.451362e-04	7.352330e-04	3.200923e-05	-3.200923e-05	-2.530988e-03	6.332925e-03
94            	1.280766e-03	2.046989e-20	3.804776e-03	-9.511941e-05	-4.437102e-03	3.201915e-05	5.452637e-04	7.355025e-04	3.201915e-05	-3.201915e-05	-2.534714e-03	6.339490e-03
95            	1.281149e-03	2.047682e-20	3.807541e-03	-9.518854e-05	-4.442101e-03	3.202872e-05	5.453858e-04	7.357629e-04	3.202872e-05	-3.202872e-05	-2.538331e-03	6.345872e-03
96            	1.281516e-03	2.048396e-20	3.810223e-03	-9.525558e-05	-4.446939e-03	3.203790e-05	5.455024e-04	7.360136e-04	3.203790e-05	-3.203790e-05	-2.541828e-03	6.352051e-03
97            	1.281867e-03	2.049123e-20	3.812816e-03	-9.532039e-05	-4.451606e-03	3.204669e-05	5.456133e-04	7.362541e-04	3.204669e-05	-3.204669e-05	-2.545198e-03	6.358014e-03
98            	1.282202e-03	2.049861e-20	3.815275e-03	-9.538187e-05	-4.456018e-03	3.205506e-05	5.457192e-04	7.364830e-04	3.205506e-05	-3.205506e-05	-2.548381e-03	6.363656e-03
99            	1.282523e-03	2.050586e-20	3.817647e-03	-9.544118e-05	-4.460263e-03	3.206307e-05	5.458203e-04	7.367027e-04	3.206307e-05	-3.206307e-05	-2.551439e-03	6.369087e-03
100           	1.282830e-03	2.051316e-20	3.819942e-03	-9.549855e-05	-4.464362e-03	3.207076e-05	5.459166e-04	7.369137e-04	3.207076e-05	-3.207076e-05	-2.554391e-03	6.374333e-03
101           	1.283122e-03	2.052037e-20	3.822139e-03	-9.555348e-05	-4.468277e-03	3.207805e-05	5.460074e-04	7.371144e-04	3.207805e-05	-3.207805e-05	-2.557208e-03	6.379347e-03
102           	1.283397e-03	2.052754e-20	3.824231e-03	-9.560577e-05	-4.471999e-03	3.208491e-05	5.460925e-04	7.373041e-04	3.208491e-05	-3.208491e-05	-2.559884e-03	6.384115e-03
103           	1.283654e-03	2.053460e-20	3.826217e-03	-9.565541e-05	-4.475526e-03	3.209136e-05	5.461717e-04	7.374826e-04	3.209136e-05	-3.209136e-05	-2.562418e-03	6.388635e-03
104           	1.283895e-03	2.054151e-20	3.828098e-03	-9.570246e-05	-4.478865e-03	3.209737e-05	5.462450e-04	7.376499e-04	3.209737e-05	-3.209737e-05	-2.564816e-03	6.392914e-03
105           	1.284119e-03	2.054822e-20	3.829878e-03	-9.574695e-05	-4.482019e-03	3.210297e-05	5.463125e-04	7.378064e-04	3.210297e-05	-3.210297e-05	-2.567080e-03	6.396958e-03
106           	1.284327e-03	2.055470e-20	3.831555e-03	-9.578887e-05	-4.484988e-03	3.210817e-05	5.463745e-04	7.379522e-04	3.210817e-05	-3.210817e-05	-2.569211e-03	6.400765e-03
107           	1.284519e-03	2.056097e-20	3.833128e-03	-9.582820e-05	-4.487770e-03	3.211298e-05	5.464314e-04	7.380878e-04	3.211298e-05	-3.211298e-05	-2.571206e-03	6.404334e-03
108           	1.284697e-03	2.056701e-20	3.834599e-03	-9.586498e-05	-4.490367e-03	3.211743e-05	5.464836e-04	7.382136e-04	3.211743e-05	-3.211743e-05	-2.573067e-03	6.407666e-03
109           	1.284861e-03	2.057284e-20	3.835971e-03	-9.589927e-05	-4.492783e-03	3.212153e-05	5.465314e-04	7.383299e-04	3.212153e-05	-3.212153e-05	-2.574798e-03	6.410769e-03
110           	1.285012e-03	2.057844e-20	3.837247e-03	-9.593118e-05	-4.495028e-03	3.212531e-05	5.465750e-04	7.384374e-04	3.212531e-05	-3.212531e-05	-2.576405e-03	6.413652e-03
111           	1.285151e-03	2.058380e-20	3.838433e-03	-9.596082e-05	-4.497109e-03	3.212877e-05	5.466146e-04	7.385362e-04	3.212877e-05	-3.212877e-05	-2.577893e-03	6.416326e-03
112           	1.285277e-03	2.058892e-20	3.839530e-03	-9.598826e-05	-4.499032e-03	3.213193e-05	5.466504e-04	7.386269e-04	3.213193e-05	-3.213193e-05	-2.579267e-03	6.418798e-03
113           	1.285392e-03	2.059379e-20	3.840542e-03	-9.601356e-05	-4.500802e-03	3.213481e-05	5.466826e-04	7.387097e-04	3.213481e-05	-3.213481e-05	-2.580531e-03	6.421073e-03
114           	1.285497e-03	2.059841e-20	3.841472e-03	-9.603680e-05	-4.502423e-03	3.213741e-05	5.467115e-04	7.387851e-04	3.213741e-05	-3.213741e-05	-2.581687e-03	6.423159e-03
115           	1.285591e-03	2.060280e-20	3.842322e-03	-9.605806e-05	-4.503902e-03	3.213977e-05	5.467373e-04	7.388534e-04	3.213977e-05	-3.213977e-05	-2.582741e-03	6.425063e-03
116           	1.285675e-03	2.060694e-20	3.843098e-03	-9.607744e-05	-4.505246e-03	3.214188e-05	5.467602e-04	7.389150e-04	3.214188e-05	-3.214188e-05	-2.583697e-03	6.426795e-03
117           	1.285751e-03	2.061085e-20	3.843801e-03	-9.609504e-05	-4.506462e-03	3.214377e-05	5.467803e-04	7.389704e-04	3.214377e-05	-3.214377e-05	-2.584562e-03	6.428363e-03
118           	1.285818e-03	2.061453e-20	3.844438e-03	-9.611096e-05	-4.507559e-03	3.214545e-05	5.467979e-04	7.390199e-04	3.214545e-05	-3.214545e-05	-2.585340e-03	6.429778e-03
119           	1.285877e-03	2.061799e-20	3.845012e-03	-9.612529e-05	-4.508543e-03	3.214693e-05	5.468132e-04	7.390638e-04	3.214693e-05	-3.214693e-05	-2.586037e-03	6.431049e-03
120           	1.285929e-03	2.062123e-20	3.845526e-03	-9.613814e-05	-4.509420e-03	3.214822e-05	5.468263e-04	7.391026e-04	3.214822e-05	-3.214822e-05	-2.586658e-03	6.432183e-03
121           	1.285974e-03	2.062425e-20	3.845982e-03	-9.614956e-05	-4.510196e-03	3.214934e-05	5.468373e-04	7.391364e-04	3.214934e-05	-3.214934e-05	-2.587205e-03	6.433187e-03
122           	1.286011e-03	2.062706e-20	3.846384e-03	-9.615961e-05	-4.510876e-03	3.215027e-05	5.468459e-04	7.391651e-04	3.215027e-05	-3.215027e-05	-2.587684e-03	6.434068e-03
123           	1.286042e-03	2.062968e-20	3.846739e-03	-9.616848e-05	-4.511472e-03	3.215106e-05	5.468527e-04	7.391897e-04	3.215106e-05	-3.215106e-05	-2.588102e-03	6.434842e-03
124           	1.286069e-03	2.063211e-20	3.847050e-03	-9.617624e-05	-4.511989e-03	3.215173e-05	5.468583e-04	7.392108e-04	3.215173e-05	-3.215173e-05	-2.588464e-03	6.435514e-03
125           	1.286091e-03	2.063437e-20	3.847319e-03	-9.618298e-05	-4.512433e-03	3.215229e-05	5.468627e-04	7.392287e-04	3.215229e-05	-3.215229e-05	-2.588773e-03	6.436092e-03
126           	1.286109e-03	2.063646e-20	3.847548e-03	-9.618870e-05	-4.512805e-03	3.215273e-05	5.468658e-04	7.392432e-04	3.215273e-05	-3.215273e-05	-2.589031e-03	6.436579e-03
127           	1.286123e-03	2.063837e-20	3.847740e-03	-9.619349e-05	-4.513112e-03	3.215306e-05	5.468678e-04	7.392548e-04	3.215306e-05	-3.215306e-05	-2.589242e-03	6.436982e-03
128           	1.286131e-03	2.064013e-20	3.847895e-03	-9.619738e-05	-4.513356e-03	3.215328e-05	5.468683e-04	7.392630e-04	3.215328e-05	-3.215328e-05	-2.589408e-03	6.437303e-03
129           	1.286137e-03	2.064175e-20	3.848022e-03	-9.620055e-05	-4.513550e-03	3.215342e-05	5.468679e-04	7.392691e-04	3.215342e-05	-3.215342e-05	-2.589539e-03	6.437561e-03
130           	1.286140e-03	2.064321e-20	3.848122e-03	-9.620304e-05	-4.513695e-03	3.215350e-05	5.468670e-04	7.392731e-04	3.215350e-05	-3.215350e-05	-2.589634e-03	6.437756e-03
131           	1.286140e-03	2.064454e-20	3.848195e-03	-9.620486e-05	-4.513794e-03	3.215350e-05	5.468652e-04	7.392750e-04	3.215350e-05	-3.215350e-05	-2.589697e-03	6.437892e-03
132           	1.286137e-03	2.064574e-20	3.848243e-03	-9.620607e-05	-4.513851e-03	3.215344e-05	5.468627e-04	7.392748e-04	3.215344e-05	-3.215344e-05	-2.589730e-03	6.437973e-03
133           	1.286132e-03	2.064682e-20	3.848269e-03	-9.620673e-05	-4.513871e-03	3.215331e-05	5.468595e-04	7.392729e-04	3.215331e-05	-3.215331e-05	-2.589736e-03	6.438005e-03
134           	1.286125e-03	2.064778e-20	3.848276e-03	-9.620691e-05	-4.513857e-03	3.215313e-05	5.468557e-04	7.392695e-04	3.215313e-05	-3.215313e-05	-2.589719e-03	6.437996e-03
135           	1.286116e-03	2.064863e-20	3.848266e-03	-9.620664e-05	-4.513813e-03	3.215290e-05	5.468514e-04	7.392647e-04	3.215290e-05	-3.215290e-05	-2.589680e-03	6.437946e-03
136           	1.286105e-03	2.064938e-20	3.848239e-03	-9.620598e-05	-4.513742e-03	3.215263e-05	5.468465e-04	7.392585e-04	3.215263e-05	-3.215263e-05	-2.589622e-03	6.437861e-03
137           	1.286093e-03	2.065004e-20	3.848200e-03	-9.620500e-05	-4.513650e-03	3.215232e-05	5.468415e-04	7.392515e-04	3.215232e-05	-3.215232e-05	-2.589550e-03	6.437750e-03
138           	1.286080e-03	2.065062e-20	3.848148e-03	-9.620370e-05	-4.513536e-03	3.215199e-05	5.468361e-04	7.392435e-04	3.215199e-05	-3.215199e-05	-2.589462e-03	6.437610e-03
139           	1.286065e-03	2.065111e-20	3.848084e-03	-9.620210e-05	-4.513402e-03	3.215162e-05	5.468303e-04	7.392345e-04	3.215162e-05	-3.215162e-05	-2.589360e-03	6.437444e-03
140           	1.286049e-03	2.065153e-20	3.848010e-03	-9.620026e-05	-4.513251e-03	3.215123e-05	5.468243e-04	7.392248e-04	3.215123e-05	-3.215123e-05	-2.589246e-03	6.437256e-03
141           	1.286032e-03	2.065187e-20	3.847926e-03	-9.619814e-05	-4.513083e-03	3.215081e-05	5.468180e-04	7.392143e-04	3.215081e-05	-3.215081e-05	-2.589120e-03	6.437045e-03
142           	1.286014e-03	2.065214e-20	3.847831e-03	-9.619578e-05	-4.512898e-03	3.215036e-05	5.468114e-04	7.392030e-04	3.215036e-05	-3.215036e-05	-2.588982e-03	6.436813e-03
143           	1.285996e-03	2.065234e-20	3.847729e-03	-9.619323e-05	-4.512700e-03	3.214991e-05	5.468049e-04	7.391914e-04	3.214991e-05	-3.214991e-05	-2.588835e-03	6.436564e-03
144           	1.285978e-03	2.065247e-20	3.847621e-03	-9.619053e-05	-4.512493e-03	3.214944e-05	5.467983e-04	7.391793e-04	3.214944e-05	-3.214944e-05	-2.588683e-03	6.436304e-03
145           	1.285958e-03	2.065256e-20	3.847508e-03	-9.618769e-05	-4.512277e-03	3.214896e-05	5.467915e-04	7.391669e-04	3.214896e-05	-3.214896e-05	-2.588523e-03	6.436031e-03
146           	1.285939e-03	2.065259e-20	3.847389e-03	-9.618471e-05	-4.512052e-03	3.214848e-05	5.467849e-04	7.391544e-04	3.214848e-05	-3.214848e-05	-2.588358e-03	6.435746e-03
147           	1.285920e-03	2.065257e-20	3.847265e-03	-9.618162e-05	-4.511820e-03	3.214799e-05	5.467782e-04	7.391414e-04	3.214799e-05	-3.214799e-05	-2.588188e-03	6.435453e-03
148           	1.285900e-03	2.065250e-20	3.847137e-03	-9.617843e-05	-4.511582e-03	3.214749e-05	5.467714e-04	7.391283e-04	3.214749e-05	-3.214749e-05	-2.588014e-03	6.435151e-03
149           	1.285879e-03	2.065239e-20	3.847006e-03	-9.617516e-05	-4.511341e-03	3.214698e-05	5.467645e-04	7.391148e-04	3.214698e-05	-3.214698e-05	-2.587837e-03	6.434844e-03
150           	1.285859e-03	2.065223e-20	3.846874e-03	-9.617184e-05	-4.511096e-03	3.214649e-05	5.467579e-04	7.391016e-04	3.214649e-05	-3.214649e-05	-2.587659e-03	6.434532e-03
151           	1.285840e-03	2.065210e-20	3.846741e-03	-9.616853e-05	-4.510852e-03	3.214600e-05	5.467515e-04	7.390886e-04	3.214600e-05	-3.214600e-05	-2.587481e-03	6.434223e-03
152           	1.285821e-03	2.065190e-20	3.846610e-03	-9.616524e-05	-4.510610e-03	3.214553e-05	5.467454e-04	7.390758e-04	3.214553e-05	-3.214553e-05	-2.587305e-03	6.433915e-03
153           	1.285803e-03	2.065168e-20	3.846479e-03	-9.616197e-05	-4.510371e-03	3.214506e-05	5.467393e-04	7.390633e-04	3.214506e-05	-3.214506e-05	-2.587131e-03	6.433610e-03
154           	1.285784e-03	2.065143e-20	3.846349e-03	-9.615874e-05	-4.510135e-03	3.214461e-05	5.467334e-04	7.390509e-04	3.214461e-05	-3.214461e-05	-2.586960e-03	6.433309e-03
155           	1.285767e-03	2.065117e-20	3.846223e-03	-9.615557e-05	-4.509903e-03	3.214417e-05	5.467279e-04	7.390390e-04	3.214417e-05	-3.214417e-05	-2.586792e-03	6.433015e-03
156           	1.285750e-03	2.065089e-20	3.846099e-03	-9.615247e-05	-4.509678e-03	3.214375e-05	5.467225e-04	7.390275e-04	3.214375e-05	-3.214375e-05	-2.586629e-03	6.432727e-03
157           	1.285734e-03	2.065061e-20	3.845978e-03	-9.614945e-05	-4.509459e-03	3.214334e-05	5.467174e-04	7.390163e-04	3.214334e-05	-3.214334e-05	-2.586470e-03	6.432448e-03
158           	1.285718e-03	2.065031e-20	3.845860e-03	-9.614650e-05	-4.509246e-03	3.214295e-05	5.467124e-04	7.390054e-04	3.214295e-05	-3.214295e-05	-2.586316e-03	6.432176e-03
159           	1.285703e-03	2.065001e-20	3.845746e-03	-9.614364e-05	-4.509039e-03	3.214257e-05	5.467077e-04	7.389950e-04	3.214257e-05	-3.214257e-05	-2.586166e-03	6.431912e-03
160           	1.285688e-03	2.064970e-20	3.845635e-03	-9.614089e-05	-4.508841e-03	3.214220e-05	5.467032e-04	7.389850e-04	3.214220e-05	-3.214220e-05	-2.586023e-03	6.431658e-03
161           	1.285674e-03	2.064939e-20	3.845529e-03	-9.613824e-05	-4.508650e-03	3.214186e-05	5.466989e-04	7.389754e-04	3.214186e-05	-3.214186e-05	-2.585885e-03	6.431415e-03
162           	1.285661e-03	2.064908e-20	3.845428e-03	-9.613570e-05	-4.508468e-03	3.214153e-05	5.466949e-04	7.389663e-04	3.214153e-05	-3.214153e-05	-2.585754e-03	6.431182e-03
163           	1.285649e-03	2.064877e-20	3.845331e-03	-9.613327e-05	-4.508294e-03	3.214122e-05	5.466911e-04	7.389576e-04	3.214122e-05	-3.214122e-05	-2.585628e-03	6.430959e-03
164           	1.285637e-03	2.064847e-20	3.845239e-03	-9.613099e-05	-4.508131e-03	3.214092e-05	5.466875e-04	7.389495e-04	3.214092e-05	-3.214092e-05	-2.585511e-03	6.430750e-03
165           	1.285626e-03	2.064818e-20	3.845152e-03	-9.612881e-05	-4.507975e-03	3.214065e-05	5.466841e-04	7.389417e-04	3.214065e-05	-3.214065e-05	-2.585399e-03	6.430552e-03
166           	1.285615e-03	2.064789e-20	3.845069e-03	-9.612672e-05	-4.507826e-03	3.214038e-05	5.466809e-04	7.389343e-04	3.214038e-05	-3.214038e-05	-2.585292e-03	6.430361e-03
167           	1.285605e-03	2.064761e-20	3.844989e-03	-9.612473e-05	-4.507686e-03	3.214013e-05	5.466779e-04	7.389274e-04	3.214013e-05	-3.214013e-05	-2.585191e-03	6.430180e-03
168           	1.285596e-03	2.064733e-20	3.844915e-03	-9.612287e-05	-4.507553e-03	3.213990e-05	5.466751e-04	7.389208e-04	3.213990e-05	-3.213990e-05	-2.585096e-03	6.430010e-03
169           	1.285587e-03	2.064706e-20	3.844845e-03	-9.612111e-05	-4.507429e-03	3.213968e-05	5.466726e-04	7.389148e-04	3.213968e-05	-3.213968e-05	-2.585007e-03	6.429851e-03
170           	1.285579e-03	2.064680e-20	3.844779e-03	-9.611947e-05	-4.507312e-03	3.213948e-05	5.466702e-04	7.389092e-04	3.213948e-05	-3.213948e-05	-2.584923e-03	6.429701e-03
171           	1.285572e-03	2.064655e-20	3.844717e-03	-9.611792e-05	-4.507203e-03	3.213930e-05	5.466681e-04	7.389039e-04	3.213930e-05	-3.213930e-05	-2.584844e-03	6.429561e-03
172           	1.285565e-03	2.064632e-20	3.844659e-03	-9.611647e-05	-4.507101e-03	3.213913e-05	5.466662e-04	7.388991e-04	3.213913e-05	-3.213913e-05	-2.584771e-03	6.429430e-03
173           	1.285559e-03	2.064609e-20	3.844605e-03	-9.611513e-05	-4.507006e-03	3.213898e-05	5.466644e-04	7.388947e-04	3.213898e-05	-3.213898e-05	-2.584703e-03	6.429308e-03
174           	1.285553e-03	2.064587e-20	3.844555e-03	-9.611388e-05	-4.506918e-03	3.213883e-05	5.466628e-04	7.388906e-04	3.213883e-05	-3.213883e-05	-2.584640e-03	6.429195e-03
175           	1.285548e-03	2.064566e-20	3.844509e-03	-9.611273e-05	-4.506837e-03	3.213870e-05	5.466614e-04	7.388868e-04	3.213870e-05	-3.213870e-05	-2.584582e-03	6.429091e-03
176           	1.285543e-03	2.064546e-20	3.844466e-03	-9.611166e-05	-4.506762e-03	3.213859e-05	5.466600e-04	7.388834e-04	3.213859e-05	-3.213859e-05	-2.584529e-03	6.428995e-03
177           	1.285539e-03	2.064527e-20	3.844427e-03	-9.611068e-05	-4.506693e-03	3.213848e-05	5.466589e-04	7.388802e-04	3.213848e-05	-3.213848e-05	-2.584480e-03	6.428907e-03
178           	1.285535e-03	2.064509e-20	3.844391e-03	-9.610978e-05	-4.506631e-03	3.213838e-05	5.466578e-04	7.388774e-04	3.213838e-05	-3.213838e-05	-2.584435e-03	6.428826e-03
179           	1.285532e-03	2.064492e-20	3.844358e-03	-9.610896e-05	-4.506573e-03	3.213829e-05	5.466569e-04	7.388748e-04	3.213829e-05	-3.213829e-05	-2.584394e-03	6.428752e-03
180           	1.285528e-03	2.064476e-20	3.844328e-03	-9.610821e-05	-4.506521e-03	3.213821e-05	5.466560e-04	7.388725e-04	3.213821e-05	-3.213821e-05	-2.584357e-03	6.428685e-03
181           	1.285526e-03	2.064461e-20	3.844301e-03	-9.610752e-05	-4.506474e-03	3.213814e-05	5.466553e-04	7.388704e-04	3.213814e-05	-3.213814e-05	-2.584323e-03	6.428624e-03
182           	1.285523e-03	2.064447e-20	3.844276e-03	-9.610691e-05	-4.506431e-03	3.213808e-05	5.466547e-04	7.388685e-04	3.213808e-05	-3.213808e-05	-2.584293e-03	6.428570e-03
183           	1.285521e-03	2.064434e-20	3.844254e-03	-9.610636e-05	-4.506393e-03	3.213802e-05	5.466541e-04	7.388668e-04	3.213802e-05	-3.213802e-05	-2.584266e-03	6.428521e-03
184           	1.285519e-03	2.064421e-20	3.844234e-03	-9.610586e-05	-4.506360e-03	3.213798e-05	5.466537e-04	7.388654e-04	3.213798e-05	-3.213798e-05	-2.584242e-03	6.428477e-03
185           	1.285517e-03	2.064410e-20	3.844217e-03	-9.610542e-05	-4.506330e-03	3.213793e-05	5.466533e-04	7.388641e-04	3.213793e-05	-3.213793e-05	-2.584221e-03	6.428438e-03
186           	1.285516e-03	2.064399e-20	3.844201e-03	-9.610503e-05	-4.506303e-03	3.213790e-05	5.466530e-04	7.388630e-04	3.213790e-05	-3.213790e-05	-2.584203e-03	6.428404e-03
187           	1.285515e-03	2.064389e-20	3.844188e-03	-9.610469e-05	-4.506280e-03	3.213787e-05	5.466527e-04	7.388621e-04	3.213787e-05	-3.213787e-05	-2.584186e-03	6.428374e-03
188           	1.285514e-03	2.064380e-20	3.844176e-03	-9.610439e-05	-4.506260e-03	3.213784e-05	5.466525e-04	7.388613e-04	3.213784e-05	-3.213784e-05	-2.584172e-03	6.428348e-03
189           	1.285513e-03	2.064371e-20	3.844165e-03	-9.610413e-05	-4.506243e-03	3.213782e-05	5.466523e-04	7.388606e-04	3.213782e-05	-3.213782e-05	-2.584160e-03	6.428326e-03
190           	1.285512e-03	2.064363e-20	3.844156e-03	-9.610390e-05	-4.506228e-03	3.213781e-05	5.466522e-04	7.388600e-04	3.213781e-05	-3.213781e-05	-2.584150e-03	6.428307e-03
191           	1.285512e-03	2.064356e-20	3.844149e-03	-9.610372e-05	-4.506216e-03	3.213779e-05	5.466522e-04	7.388596e-04	3.213779e-05	-3.213779e-05	-2.584142e-03	6.428291e-03
192           	1.285511e-03	2.064349e-20	3.844142e-03	-9.610356e-05	-4.506206e-03	3.213778e-05	5.466521e-04	7.388592e-04	3.213778e-05	-3.213778e-05	-2.584135e-03	6.428278e-03
193           	1.285511e-03	2.064343e-20	3.844137e-03	-9.610343e-05	-4.506199e-03	3.213778e-05	5.466521e-04	7.388590e-04	3.213778e-05	-3.213778e-05	-2.584130e-03	6.428267e-03
194           	1.285511e-03	2.064337e-20	3.844133e-03	-9.610333e-05	-4.506193e-03	3.213778e-05	5.466522e-04	7.388588e-04	3.213778e-05	-3.213778e-05	-2.584126e-03	6.428259e-03
195           	1.285511e-03	2.064332e-20	3.844130e-03	-9.610326e-05	-4.506188e-03	3.213778e-05	5.466523e-04	7.388588e-04	3.213778e-05	-3.213778e-05	-2.584123e-03	6.428254e-03
196           	1.285511e-03	2.064328e-20	3.844128e-03	-9.610320e-05	-4.506186e-03	3.213778e-05	5.466524e-04	7.388588e-04	3.213778e-05	-3.213778e-05	-2.584122e-03	6.428250e-03
197           	1.285511e-03	2.064324e-20	3.844127e-03	-9.610317e-05	-4.506185e-03	3.213778e-05	5.466525e-04	7.388588e-04	3.213778e-05	-3.213778e-05	-2.584121e-03	6.428248e-03
198           	1.285512e-03	2.064320e-20	3.844126e-03	-9.610316e-05	-4.506185e-03	3.213779e-05	5.466526e-04	7.388589e-04	3.213779e-05	-3.213779e-05	-2.584121e-03	6.428248e-03
199           	1.285512e-03	2.064317e-20	3.844126e-03	-9.610316e-05	-4.506186e-03	3.213780e-05	5.466528e-04	7.388591e-04	3.213780e-05	-3.213780e-05	-2.584122e-03	6.428249e-03
200           	1.285512e-03	2.064314e-20	3.844127e-03	-9.610318e-05	-4.506188e-03	3.213781e-05	5.466529e-04	7.388593e-04	3.213781e-05	-3.213781e-05	-2.584124e-03	6.428251e-03
201           	1.285513e-03	2.064311e-20	3.844128e-03	-9.610321e-05	-4.506191e-03	3.213782e-05	5.466531e-04	7.388596e-04	3.213782e-05	-3.213782e-05	-2.584127e-03	6.428255e-03
202           	1.285513e-03	2.064309e-20	3.844130e-03	-9.610325e-05	-4.506195e-03	3.213783e-05	5.466533e-04	7.388598e-04	3.213783e-05	-3.213783e-05	-2.584130e-03	6.428260e-03
203           	1.285514e-03	2.064307e-20	3.844132e-03	-9.610331e-05	-4.506200e-03	3.213784e-05	5.466535e-04	7.388602e-04	3.213784e-05	-3.213784e-05	-2.584133e-03	6.428266e-03
204           	1.285514e-03	2.064305e-20	3.844135e-03	-9.610337e-05	-4.506205e-03	3.213786e-05	5.466538e-04	7.388605e-04	3.213786e-05	-3.213786e-05	-2.584137e-03	6.428272e-03
205           	1.285515e-03	2.064304e-20	3.844138e-03	-9.610345e-05	-4.506211e-03	3.213787e-05	5.466540e-04	7.388609e-04	3.213787e-05	-3.213787e-05	-2.584142e-03	6.428280e-03
206           	1.285516e-03	2.064303e-20	3.844141e-03	-9.610353e-05	-4.506218e-03	3.213789e-05	5.466543e-04	7.388613e-04	3.213789e-05	-3.213789e-05	-2.584147e-03	6.428288e-03
207           	1.285516e-03	2.064302e-20	3.844145e-03	-9.610362e-05	-4.506225e-03	3.213791e-05	5.466545e-04	7.388618e-04	3.213791e-05	-3.213791e-05	-2.584152e-03	6.428297e-03
208           	1.285517e-03	2.064302e-20	3.844149e-03	-9.610372e-05	-4.506232e-03	3.213792e-05	5.466548e-04	7.388622e-04	3.213792e-05	-3.213792e-05	-2.584158e-03	6.428307e-03
209           	1.285518e-03	2.064301e-20	3.844153e-03	-9.610383e-05	-4.506240e-03	3.213794e-05	5.466550e-04	7.388627e-04	3.213794e-05	-3.213794e-05	-2.584164e-03	6.428317e-03
210           	1.285518e-03	2.064301e-20	3.844158e-03	-9.610394e-05	-4.506249e-03	3.213796e-05	5.466553e-04	7.388631e-04	3.213796e-05	-3.213796e-05	-2.584170e-03	6.428328e-03
211           	1.285519e-03	2.064301e-20	3.844162e-03	-9.610405e-05	-4.506257e-03	3.213798e-05	5.466555e-04	7.388636e-04	3.213798e-05	-3.213798e-05	-2.584176e-03	6.428338e-03
212           	1.285520e-03	2.064301e-20	3.844167e-03	-9.610417e-05	-4.506266e-03	3.213800e-05	5.466558e-04	7.388641e-04	3.213800e-05	-3.213800e-05	-2.584183e-03	6.428350e-03
213           	1.285521e-03	2.064302e-20	3.844172e-03	-9.610429e-05	-4.506275e-03	3.213802e-05	5.466560e-04	7.388646e-04	3.213802e-05	-3.213802e-05	-2.584189e-03	6.428361e-03
214           	1.285521e-03	2.064302e-20	3.844176e-03	-9.610441e-05	-4.506284e-03	3.213803e-05	5.466563e-04	7.388651e-04	3.213803e-05	-3.213803e-05	-2.584196e-03	6.428372e-03
215           	1.285522e-03	2.064303e-20	3.844181e-03	-9.610453e-05	-4.506293e-03	3.213805e-05	5.466565e-04	7.388656e-04	3.213805e-05	-3.213805e-05	-2.584203e-03	6.428384e-03
216           	1.285523e-03	2.064304e-20	3.844186e-03	-9.610466e-05	-4.506302e-03	3.213807e-05	5.466568e-04	7.388661e-04	3.213807e-05	-3.213807e-05	-2.584209e-03	6.428395e-03
217           	1.285524e-03	2.064304e-20	3.844191e-03	-9.610478e-05	-4.506311e-03	3.213809e-05	5.466570e-04	7.388666e-04	3.213809e-05	-3.213809e-05	-2.584216e-03	6.428407e-03
218           	1.285524e-03	2.064305e-20	3.844196e-03	-9.610490e-05	-4.506320e-03	3.213811e-05	5.466572e-04	7.388670e-04	3.213811e-05	-3.213811e-05	-2.584222e-03	6.428418e-03
219           	1.285525e-03	2.064306e-20	3.844201e-03	-9.610503e-05	-4.506329e-03	3.213812e-05	5.466574e-04	7.388675e-04	3.213812e-05	-3.213812e-05	-2.584229e-03	6.428430e-03
220           	1.285526e-03	2.064307e-20	3.844206e-03	-9.610514e-05	-4.506338e-03	3.213814e-05	5.466577e-04	7.388679e-04	3.213814e-05	-3.213814e-05	-2.584235e-03	6.428441e-03
221           	1.285526e-03	2.064308e-20	3.844210e-03	-9.610526e-05	-4.506346e-03	3.213816e-05	5.466579e-04	7.388684e-04	3.213816e-05	-3.213816e-05	-2.584241e-03	6.428451e-03
222           	1.285527e-03	2.064310e-20	3.844215e-03	-9.610537e-05	-4.506354e-03	3.213817e-05	5.466581e-04	7.388688e-04	3.213817e-05	-3.213817e-05	-2.584247e-03	6.428462e-03
223           	1.285527e-03	2.064311e-20	3.844219e-03	-9.610548e-05	-4.506362e-03	3.213819e-05	5.466582e-04	7.388692e-04	3.213819e-05	-3.213819e-05	-2.584253e-03	6.428472e-03
224           	1.285528e-03	2.064312e-20	3.844224e-03	-9.610559e-05	-4.506370e-03	3.213820e-05	5.466584e-04	7.388696e-04	3.213820e-05	-3.213820e-05	-2.584258e-03	6.428482e-03
225           	1.285529e-03	2.064313e-20	3.844228e-03	-9.610569e-05	-4.506377e-03	3.213821e-05	5.466586e-04	7.388700e-04	3.213821e-05	-3.213821e-05	-2.584264e-03	6.428491e-03
226           	1.285529e-03	2.064314e-20	3.844232e-03	-9.610579e-05	-4.506384e-03	3.213823e-05	5.466587e-04	7.388703e-04	3.213823e-05	-3.213823e-05	-2.584269e-03	6.428500e-03
227           	1.285530e-03	2.064315e-20	3.844235e-03	-9.610589e-05	-4.506391e-03	3.213824e-05	5.466589e-04	7.388707e-04	3.213824e-05	-3.213824e-05	-2.584274e-03	6.428509e-03
228           	1.285530e-03	2.064316e-20	3.844239e-03	-9.610598e-05	-4.506398e-03	3.213825e-05	5.466590e-04	7.388710e-04	3.213825e-05	-3.213825e-05	-2.584278e-03	6.428517e-03
229           	1.285530e-03	2.064318e-20	3.844243e-03	-9.610606e-05	-4.506404e-03	3.213826e-05	5.466592e-04	7.388713e-04	3.213826e-05	-3.213826e-05	-2.584283e-03	6.428525e-03
230           	1.285531e-03	2.064319e-20	3.844246e-03	-9.610615e-05	-4.506410e-03	3.213827e-05	5.466593e-04	7.388716e-04	3.213827e-05	-3.213827e-05	-2.584287e-03	6.428533e-03
231           	1.285531e-03	2.064320e-20	3.844249e-03	-9.610623e-05	-4.506415e-03	3.213828e-05	5.466594e-04	7.388718e-04	3.213828e-05	-3.213828e-05	-2.584291e-03	6.428540e-03
232           	1.285532e-03	2.064321e-20	3.844252e-03	-9.610630e-05	-4.506421e-03	3.213829e-05	5.466595e-04	7.388721e-04	3.213829e-05	-3.213829e-05	-2.584295e-03	6.428547e-03
233           	1.285532e-03	2.064322e-20	3.844255e-03	-9.610637e-05	-4.506426e-03	3.213830e-05	5.466596e-04	7.388723e-04	3.213830e-05	-3.213830e-05	-2.584298e-03	6.428553e-03
234           	1.285532e-03	2.064323e-20	3.844257e-03	-9.610643e-05	-4.506430e-03	3.213831e-05	5.466597e-04	7.388726e-04	3.213831e-05	-3.213831e-05	-2.584302e-03	6.428559e-03
235           	1.285533e-03	2.064324e-20	3.844260e-03	-9.610650e-05	-4.506435e-03	3.213831e-05	5.466598e-04	7.388728e-04	3.213831e-05	-3.213831e-05	-2.584305e-03	6.428565e-03
236           	1.285533e-03	2.064325e-20	3.844262e-03	-9.610655e-05	-4.506439e-03	3.213832e-05	5.466599e-04	7.388730e-04	3.213832e-05	-3.213832e-05	-2.584308e-03	6.428570e-03
237           	1.285533e-03	2.064326e-20	3.844264e-03	-9.610661e-05	-4.506443e-03	3.213833e-05	5.466599e-04	7.388731e-04	3.213833e-05	-3.213833e-05	-2.584310e-03	6.428575e-03
238           	1.285533e-03	2.064327e-20	3.844266e-03	-9.610666e-05	-4.506446e-03	3.213833e-05	5.466600e-04	7.388733e-04	3.213833e-05	-3.213833e-05	-2.584313e-03	6.428579e-03
239           	1.285534e-03	2.064328e-20	3.844268e-03	-9.610671e-05	-4.506449e-03	3.213834e-05	5.466600e-04	7.388735e-04	3.213834e-05	-3.213834e-05	-2.584315e-03	6.428584e-03
240           	1.285534e-03	2.064328e-20	3.844270e-03	-9.610675e-05	-4.506452e-03	3.213834e-05	5.466601e-04	7.388736e-04	3.213834e-05	-3.213834e-05	-2.584318e-03	6.428587e-03
241           	1.285534e-03	2.064329e-20	3.844272e-03	-9.610679e-05	-4.506455e-03	3.213835e-05	5.466602e-04	7.388737e-04	3.213835e-05	-3.213835e-05	-2.584319e-03	6.428591e-03
242           	1.285534e-03	2.064330e-20	3.844273e-03	-9.610682e-05	-4.506458e-03	3.213835e-05	5.466602e-04	7.388738e-04	3.213835e-05	-3.213835e-05	-2.584321e-03	6.428594e-03
243           	1.285534e-03	2.064330e-20	3.844274e-03	-9.610686e-05	-4.506460e-03	3.213835e-05	5.466602e-04	7.388739e-04	3.213835e-05	-3.213835e-05	-2.584323e-03	6.428597e-03
244           	1.285534e-03	2.064331e-20	3.844276e-03	-9.610689e-05	-4.506462e-03	3.213836e-05	5.466603e-04	7.388740e-04	3.213836e-05	-3.213836e-05	-2.584325e-03	6.428600e-03
