# Force coefficients
# dragDir     : (1.000000e+00 0.000000e+00 0.000000e+00)
# sideDir     : (0.000000e+00 0.000000e+00 -1.000000e+00)
# liftDir     : (0.000000e+00 1.000000e+00 0.000000e+00)
# rollAxis    : (1.000000e+00 0.000000e+00 0.000000e+00)
# pitchAxis   : (0.000000e+00 0.000000e+00 -1.000000e+00)
# yawAxis     : (0.000000e+00 1.000000e+00 0.000000e+00)
# magUInf     : 2.000000e-02
# lRef        : 1.000000e-01
# Aref        : 1.000000e-01
# CofR        : (0.000000e+00 0.000000e+00 0.000000e+00)
#
# Time        	Cd            	Cs            	Cl            	CmRoll        	CmPitch       	CmYaw         	Cd(f)         	Cd(r)         	Cs(f)         	Cs(r)         	Cl(f)         	Cl(r)         
1             	1.257507e-03	-1.984916e-19	-2.484641e-03	6.211603e-05	7.122167e-03	3.143768e-05	6.908696e-04	5.666375e-04	3.143768e-05	-3.143768e-05	5.879846e-03	-8.364488e-03
2             	3.188773e-03	-2.084004e-19	-3.783559e-03	9.458898e-05	1.319269e-02	7.971933e-05	1.688976e-03	1.499798e-03	7.971933e-05	-7.971933e-05	1.130091e-02	-1.508447e-02
3             	2.685091e-03	-1.306832e-19	-9.459264e-04	2.364816e-05	6.836473e-03	6.712727e-05	1.366194e-03	1.318897e-03	6.712727e-05	-6.712727e-05	6.363510e-03	-7.309436e-03
4             	2.139978e-03	-3.805707e-20	-5.411650e-05	1.352913e-06	3.966913e-03	5.349944e-05	1.071342e-03	1.068636e-03	5.349944e-05	-5.349944e-05	3.939855e-03	-3.993971e-03
5             	2.059530e-03	2.320463e-20	-7.673797e-04	1.918449e-05	5.097712e-03	5.148824e-05	1.048949e-03	1.010580e-03	5.148824e-05	-5.148824e-05	4.714022e-03	-5.481402e-03
6             	2.115083e-03	5.015182e-20	-1.509600e-03	3.774000e-05	6.607672e-03	5.287707e-05	1.095281e-03	1.019801e-03	5.287707e-05	-5.287707e-05	5.852872e-03	-7.362472e-03
7             	2.215482e-03	5.450838e-20	-1.828491e-03	4.571228e-05	7.411869e-03	5.538705e-05	1.153453e-03	1.062029e-03	5.538705e-05	-5.538705e-05	6.497623e-03	-8.326114e-03
8             	2.293023e-03	4.373108e-20	-2.002054e-03	5.005134e-05	7.886319e-03	5.732558e-05	1.196563e-03	1.096460e-03	5.732558e-05	-5.732558e-05	6.885292e-03	-8.887346e-03
9             	2.311536e-03	3.466078e-20	-2.012384e-03	5.030960e-05	7.930508e-03	5.778840e-05	1.206078e-03	1.105458e-03	5.778840e-05	-5.778840e-05	6.924316e-03	-8.936700e-03
10            	2.287776e-03	3.101813e-20	-1.986335e-03	4.965839e-05	7.818531e-03	5.719441e-05	1.193547e-03	1.094230e-03	5.719441e-05	-5.719441e-05	6.825363e-03	-8.811699e-03
11            	2.255445e-03	3.060709e-20	-2.000376e-03	5.000939e-05	7.765093e-03	5.638613e-05	1.177732e-03	1.077713e-03	5.638613e-05	-5.638613e-05	6.764905e-03	-8.765281e-03
12            	2.221572e-03	3.128728e-20	-2.056985e-03	5.142461e-05	7.794536e-03	5.553930e-05	1.162211e-03	1.059361e-03	5.553930e-05	-5.553930e-05	6.766044e-03	-8.823028e-03
13            	2.197493e-03	3.321455e-20	-2.117227e-03	5.293069e-05	7.853732e-03	5.493733e-05	1.151677e-03	1.045816e-03	5.493733e-05	-5.493733e-05	6.795118e-03	-8.912346e-03
14            	2.174483e-03	3.502008e-20	-2.169027e-03	5.422566e-05	7.899313e-03	5.436207e-05	1.141467e-03	1.033016e-03	5.436207e-05	-5.436207e-05	6.814800e-03	-8.983826e-03
15            	2.156571e-03	3.623822e-20	-2.220319e-03	5.550797e-05	7.956680e-03	5.391428e-05	1.133793e-03	1.022778e-03	5.391428e-05	-5.391428e-05	6.846520e-03	-9.066839e-03
16            	2.141834e-03	3.696748e-20	-2.262405e-03	5.656012e-05	8.003524e-03	5.354584e-05	1.127477e-03	1.014357e-03	5.354584e-05	-5.354584e-05	6.872321e-03	-9.134726e-03
17            	2.129085e-03	3.736453e-20	-2.297241e-03	5.743104e-05	8.041096e-03	5.322713e-05	1.121974e-03	1.007112e-03	5.322713e-05	-5.322713e-05	6.892475e-03	-9.189717e-03
18            	2.117773e-03	3.760376e-20	-2.326118e-03	5.815294e-05	8.070697e-03	5.294431e-05	1.117039e-03	1.000733e-03	5.294431e-05	-5.294431e-05	6.907638e-03	-9.233756e-03
19            	2.108903e-03	3.752737e-20	-2.352453e-03	5.881133e-05	8.100548e-03	5.272256e-05	1.113263e-03	9.956400e-04	5.272256e-05	-5.272256e-05	6.924321e-03	-9.276774e-03
20            	2.100708e-03	3.729237e-20	-2.369086e-03	5.922716e-05	8.113818e-03	5.251770e-05	1.109581e-03	9.911269e-04	5.251770e-05	-5.251770e-05	6.929275e-03	-9.298361e-03
21            	2.091965e-03	3.709690e-20	-2.376302e-03	5.940756e-05	8.108407e-03	5.229911e-05	1.105390e-03	9.865747e-04	5.229911e-05	-5.229911e-05	6.920256e-03	-9.296558e-03
22            	2.083560e-03	3.694119e-20	-2.378837e-03	5.947093e-05	8.095007e-03	5.208899e-05	1.101251e-03	9.823089e-04	5.208899e-05	-5.208899e-05	6.905588e-03	-9.284425e-03
23            	2.075253e-03	3.682565e-20	-2.377391e-03	5.943478e-05	8.074563e-03	5.188132e-05	1.097061e-03	9.781916e-04	5.188132e-05	-5.188132e-05	6.885868e-03	-9.263259e-03
24            	2.067544e-03	3.668866e-20	-2.373698e-03	5.934245e-05	8.051343e-03	5.168860e-05	1.093114e-03	9.744295e-04	5.168860e-05	-5.168860e-05	6.864494e-03	-9.238192e-03
25            	2.060731e-03	3.652945e-20	-2.368364e-03	5.920910e-05	8.027031e-03	5.151827e-05	1.089574e-03	9.711563e-04	5.151827e-05	-5.151827e-05	6.842849e-03	-9.211213e-03
26            	2.054914e-03	3.635565e-20	-2.361829e-03	5.904572e-05	8.002605e-03	5.137284e-05	1.086503e-03	9.684112e-04	5.137284e-05	-5.137284e-05	6.821691e-03	-9.183520e-03
27            	2.050049e-03	3.617628e-20	-2.354478e-03	5.886195e-05	7.978672e-03	5.125123e-05	1.083887e-03	9.661626e-04	5.125123e-05	-5.125123e-05	6.801433e-03	-9.155911e-03
28            	2.046226e-03	3.599803e-20	-2.346803e-03	5.867007e-05	7.956383e-03	5.115566e-05	1.081783e-03	9.644431e-04	5.115566e-05	-5.115566e-05	6.782981e-03	-9.129784e-03
29            	2.043077e-03	3.582482e-20	-2.338539e-03	5.846347e-05	7.934476e-03	5.107693e-05	1.080002e-03	9.630752e-04	5.107693e-05	-5.107693e-05	6.765206e-03	-9.103745e-03
30            	2.040645e-03	3.565797e-20	-2.330010e-03	5.825026e-05	7.913576e-03	5.101614e-05	1.078573e-03	9.620725e-04	5.101614e-05	-5.101614e-05	6.748571e-03	-9.078581e-03
31            	2.038653e-03	3.549522e-20	-2.320994e-03	5.802484e-05	7.892699e-03	5.096632e-05	1.077351e-03	9.613016e-04	5.096632e-05	-5.096632e-05	6.732202e-03	-9.053196e-03
32            	2.037035e-03	3.533748e-20	-2.311730e-03	5.779324e-05	7.872155e-03	5.092587e-05	1.076311e-03	9.607242e-04	5.092587e-05	-5.092587e-05	6.716290e-03	-9.028020e-03
33            	2.035685e-03	3.518571e-20	-2.302097e-03	5.755242e-05	7.851517e-03	5.089212e-05	1.075395e-03	9.602900e-04	5.089212e-05	-5.089212e-05	6.700468e-03	-9.002565e-03
34            	2.034534e-03	3.503734e-20	-2.292274e-03	5.730686e-05	7.830970e-03	5.086335e-05	1.074574e-03	9.599602e-04	5.086335e-05	-5.086335e-05	6.684833e-03	-8.977107e-03
35            	2.033527e-03	3.487575e-20	-2.282301e-03	5.705753e-05	7.810464e-03	5.083817e-05	1.073821e-03	9.597059e-04	5.083817e-05	-5.083817e-05	6.669313e-03	-8.951614e-03
36            	2.032647e-03	3.470674e-20	-2.272431e-03	5.681078e-05	7.790421e-03	5.081617e-05	1.073134e-03	9.595126e-04	5.081617e-05	-5.081617e-05	6.654205e-03	-8.926636e-03
37            	2.031864e-03	3.453979e-20	-2.262876e-03	5.657189e-05	7.771192e-03	5.079660e-05	1.072504e-03	9.593602e-04	5.079660e-05	-5.079660e-05	6.639754e-03	-8.902629e-03
38            	2.031236e-03	3.438533e-20	-2.253957e-03	5.634894e-05	7.753499e-03	5.078091e-05	1.071967e-03	9.592693e-04	5.078091e-05	-5.078091e-05	6.626520e-03	-8.880478e-03
39            	2.030743e-03	3.424538e-20	-2.245552e-03	5.613881e-05	7.737065e-03	5.076858e-05	1.071510e-03	9.592329e-04	5.076858e-05	-5.076858e-05	6.614288e-03	-8.859841e-03
40            	2.030333e-03	3.412105e-20	-2.237602e-03	5.594005e-05	7.721644e-03	5.075831e-05	1.071106e-03	9.592263e-04	5.075831e-05	-5.075831e-05	6.602843e-03	-8.840444e-03
41            	2.030009e-03	3.401626e-20	-2.230218e-03	5.575546e-05	7.707449e-03	5.075022e-05	1.070760e-03	9.592489e-04	5.075022e-05	-5.075022e-05	6.592340e-03	-8.822559e-03
42            	2.029783e-03	3.392111e-20	-2.223433e-03	5.558583e-05	7.694563e-03	5.074458e-05	1.070477e-03	9.593057e-04	5.074458e-05	-5.074458e-05	6.582846e-03	-8.806280e-03
43            	2.029728e-03	3.383492e-20	-2.217538e-03	5.543845e-05	7.683662e-03	5.074320e-05	1.070302e-03	9.594255e-04	5.074320e-05	-5.074320e-05	6.574893e-03	-8.792431e-03
44            	2.029787e-03	3.375684e-20	-2.212213e-03	5.530532e-05	7.674055e-03	5.074468e-05	1.070199e-03	9.595882e-04	5.074468e-05	-5.074468e-05	6.567949e-03	-8.780162e-03
45            	2.029920e-03	3.368637e-20	-2.207339e-03	5.518349e-05	7.665420e-03	5.074799e-05	1.070143e-03	9.597763e-04	5.074799e-05	-5.074799e-05	6.561751e-03	-8.769090e-03
46            	2.030112e-03	3.362308e-20	-2.202942e-03	5.507355e-05	7.657774e-03	5.075281e-05	1.070130e-03	9.599826e-04	5.075281e-05	-5.075281e-05	6.556303e-03	-8.759245e-03
47            	2.030330e-03	3.357006e-20	-2.198925e-03	5.497313e-05	7.650869e-03	5.075825e-05	1.070138e-03	9.601919e-04	5.075825e-05	-5.075825e-05	6.551407e-03	-8.750332e-03
48            	2.030571e-03	3.352301e-20	-2.195344e-03	5.488359e-05	7.644805e-03	5.076427e-05	1.070169e-03	9.604018e-04	5.076427e-05	-5.076427e-05	6.547133e-03	-8.742477e-03
49            	2.030848e-03	3.347828e-20	-2.192205e-03	5.480513e-05	7.639626e-03	5.077120e-05	1.070229e-03	9.606190e-04	5.077120e-05	-5.077120e-05	6.543523e-03	-8.735728e-03
50            	2.031138e-03	3.343789e-20	-2.189394e-03	5.473485e-05	7.635069e-03	5.077846e-05	1.070304e-03	9.608344e-04	5.077846e-05	-5.077846e-05	6.540372e-03	-8.729766e-03
51            	2.031426e-03	3.340172e-20	-2.186874e-03	5.467184e-05	7.631036e-03	5.078564e-05	1.070385e-03	9.610410e-04	5.078564e-05	-5.078564e-05	6.537599e-03	-8.724473e-03
52            	2.031706e-03	3.336939e-20	-2.184630e-03	5.461574e-05	7.627495e-03	5.079265e-05	1.070469e-03	9.612373e-04	5.079265e-05	-5.079265e-05	6.535180e-03	-8.719809e-03
53            	2.031973e-03	3.334048e-20	-2.182643e-03	5.456608e-05	7.624401e-03	5.079933e-05	1.070553e-03	9.614205e-04	5.079933e-05	-5.079933e-05	6.533079e-03	-8.715722e-03
54            	2.032220e-03	3.331446e-20	-2.180897e-03	5.452242e-05	7.621709e-03	5.080550e-05	1.070633e-03	9.615877e-04	5.080550e-05	-5.080550e-05	6.531261e-03	-8.712158e-03
55            	2.032444e-03	3.328738e-20	-2.179372e-03	5.448430e-05	7.619381e-03	5.081109e-05	1.070706e-03	9.617375e-04	5.081109e-05	-5.081109e-05	6.529695e-03	-8.709067e-03
56            	2.032655e-03	3.326071e-20	-2.178104e-03	5.445259e-05	7.617506e-03	5.081639e-05	1.070780e-03	9.618751e-04	5.081639e-05	-5.081639e-05	6.528454e-03	-8.706557e-03
57            	2.032860e-03	3.323622e-20	-2.177071e-03	5.442678e-05	7.616053e-03	5.082149e-05	1.070857e-03	9.620031e-04	5.082149e-05	-5.082149e-05	6.527518e-03	-8.704589e-03
58            	2.033051e-03	3.321517e-20	-2.176233e-03	5.440584e-05	7.614932e-03	5.082627e-05	1.070931e-03	9.621197e-04	5.082627e-05	-5.082627e-05	6.526816e-03	-8.703049e-03
59            	2.033219e-03	3.319804e-20	-2.175548e-03	5.438870e-05	7.614042e-03	5.083048e-05	1.070998e-03	9.622209e-04	5.083048e-05	-5.083048e-05	6.526268e-03	-8.701816e-03
60            	2.033360e-03	3.318403e-20	-2.174962e-03	5.437405e-05	7.613279e-03	5.083399e-05	1.071054e-03	9.623057e-04	5.083399e-05	-5.083399e-05	6.525798e-03	-8.700760e-03
61            	2.033528e-03	3.317414e-20	-2.174482e-03	5.436204e-05	7.612756e-03	5.083820e-05	1.071126e-03	9.624019e-04	5.083820e-05	-5.083820e-05	6.525515e-03	-8.699997e-03
62            	2.033635e-03	3.316540e-20	-2.174069e-03	5.435173e-05	7.612232e-03	5.084087e-05	1.071169e-03	9.624657e-04	5.084087e-05	-5.084087e-05	6.525197e-03	-8.699266e-03
63            	2.033772e-03	3.315814e-20	-2.173744e-03	5.434359e-05	7.611931e-03	5.084430e-05	1.071230e-03	9.625424e-04	5.084430e-05	-5.084430e-05	6.525060e-03	-8.698803e-03
64            	2.033864e-03	3.315170e-20	-2.173495e-03	5.433738e-05	7.611682e-03	5.084661e-05	1.071270e-03	9.625948e-04	5.084661e-05	-5.084661e-05	6.524934e-03	-8.698429e-03
65            	2.033954e-03	3.314647e-20	-2.173315e-03	5.433288e-05	7.611553e-03	5.084884e-05	1.071310e-03	9.626439e-04	5.084884e-05	-5.084884e-05	6.524895e-03	-8.698211e-03
66            	2.034036e-03	3.314208e-20	-2.173200e-03	5.433001e-05	7.611530e-03	5.085091e-05	1.071348e-03	9.626881e-04	5.085091e-05	-5.085091e-05	6.524930e-03	-8.698131e-03
67            	2.034100e-03	3.313975e-20	-2.173098e-03	5.432745e-05	7.611491e-03	5.085250e-05	1.071377e-03	9.627225e-04	5.085250e-05	-5.085250e-05	6.524942e-03	-8.698040e-03
68            	2.034149e-03	3.313858e-20	-2.173038e-03	5.432595e-05	7.611500e-03	5.085372e-05	1.071400e-03	9.627485e-04	5.085372e-05	-5.085372e-05	6.524981e-03	-8.698019e-03
69            	2.034191e-03	3.313817e-20	-2.173015e-03	5.432537e-05	7.611564e-03	5.085478e-05	1.071421e-03	9.627703e-04	5.085478e-05	-5.085478e-05	6.525056e-03	-8.698071e-03
70            	2.034228e-03	3.313817e-20	-2.173022e-03	5.432555e-05	7.611670e-03	5.085570e-05	1.071440e-03	9.627885e-04	5.085570e-05	-5.085570e-05	6.525159e-03	-8.698182e-03
71            	2.034260e-03	3.313812e-20	-2.173055e-03	5.432639e-05	7.611816e-03	5.085651e-05	1.071457e-03	9.628038e-04	5.085651e-05	-5.085651e-05	6.525288e-03	-8.698344e-03
72            	2.034291e-03	3.313784e-20	-2.173113e-03	5.432782e-05	7.612001e-03	5.085727e-05	1.071473e-03	9.628175e-04	5.085727e-05	-5.085727e-05	6.525445e-03	-8.698557e-03
73            	2.034319e-03	3.313724e-20	-2.173179e-03	5.432949e-05	7.612196e-03	5.085797e-05	1.071489e-03	9.628299e-04	5.085797e-05	-5.085797e-05	6.525607e-03	-8.698786e-03
74            	2.034347e-03	3.313613e-20	-2.173261e-03	5.433153e-05	7.612420e-03	5.085868e-05	1.071505e-03	9.628422e-04	5.085868e-05	-5.085868e-05	6.525789e-03	-8.699050e-03
75            	2.034375e-03	3.313514e-20	-2.173353e-03	5.433382e-05	7.612658e-03	5.085939e-05	1.071522e-03	9.628539e-04	5.085939e-05	-5.085939e-05	6.525981e-03	-8.699334e-03
76            	2.034400e-03	3.313410e-20	-2.173440e-03	5.433599e-05	7.612879e-03	5.086000e-05	1.071536e-03	9.628639e-04	5.086000e-05	-5.086000e-05	6.526159e-03	-8.699599e-03
77            	2.034422e-03	3.313311e-20	-2.173526e-03	5.433816e-05	7.613094e-03	5.086054e-05	1.071549e-03	9.628727e-04	5.086054e-05	-5.086054e-05	6.526331e-03	-8.699857e-03
78            	2.034440e-03	3.313216e-20	-2.173612e-03	5.434029e-05	7.613299e-03	5.086101e-05	1.071560e-03	9.628799e-04	5.086101e-05	-5.086101e-05	6.526493e-03	-8.700105e-03
79            	2.034457e-03	3.313123e-20	-2.173695e-03	5.434238e-05	7.613495e-03	5.086142e-05	1.071571e-03	9.628859e-04	5.086142e-05	-5.086142e-05	6.526648e-03	-8.700343e-03
80            	2.034472e-03	3.313021e-20	-2.173777e-03	5.434443e-05	7.613686e-03	5.086179e-05	1.071580e-03	9.628914e-04	5.086179e-05	-5.086179e-05	6.526798e-03	-8.700575e-03
81            	2.034486e-03	3.312914e-20	-2.173857e-03	5.434642e-05	7.613871e-03	5.086215e-05	1.071589e-03	9.628965e-04	5.086215e-05	-5.086215e-05	6.526943e-03	-8.700800e-03
82            	2.034499e-03	3.312811e-20	-2.173932e-03	5.434830e-05	7.614045e-03	5.086247e-05	1.071598e-03	9.629012e-04	5.086247e-05	-5.086247e-05	6.527079e-03	-8.701011e-03
83            	2.034511e-03	3.312712e-20	-2.174000e-03	5.435001e-05	7.614204e-03	5.086278e-05	1.071606e-03	9.629056e-04	5.086278e-05	-5.086278e-05	6.527203e-03	-8.701204e-03
84            	2.034522e-03	3.312620e-20	-2.174064e-03	5.435159e-05	7.614350e-03	5.086306e-05	1.071613e-03	9.629096e-04	5.086306e-05	-5.086306e-05	6.527318e-03	-8.701382e-03
85            	2.034533e-03	3.312534e-20	-2.174124e-03	5.435311e-05	7.614489e-03	5.086332e-05	1.071619e-03	9.629132e-04	5.086332e-05	-5.086332e-05	6.527427e-03	-8.701552e-03
86            	2.034542e-03	3.312454e-20	-2.174182e-03	5.435454e-05	7.614620e-03	5.086355e-05	1.071625e-03	9.629164e-04	5.086355e-05	-5.086355e-05	6.527529e-03	-8.701711e-03
87            	2.034550e-03	3.312391e-20	-2.174235e-03	5.435587e-05	7.614741e-03	5.086375e-05	1.071631e-03	9.629191e-04	5.086375e-05	-5.086375e-05	6.527623e-03	-8.701858e-03
88            	2.034558e-03	3.312321e-20	-2.174287e-03	5.435717e-05	7.614859e-03	5.086395e-05	1.071636e-03	9.629219e-04	5.086395e-05	-5.086395e-05	6.527716e-03	-8.702003e-03
89            	2.034566e-03	3.312264e-20	-2.174335e-03	5.435837e-05	7.614969e-03	5.086414e-05	1.071641e-03	9.629245e-04	5.086414e-05	-5.086414e-05	6.527801e-03	-8.702136e-03
90            	2.034573e-03	3.312200e-20	-2.174381e-03	5.435953e-05	7.615076e-03	5.086434e-05	1.071646e-03	9.629272e-04	5.086434e-05	-5.086434e-05	6.527885e-03	-8.702266e-03
91            	2.034581e-03	3.312138e-20	-2.174424e-03	5.436061e-05	7.615177e-03	5.086453e-05	1.071651e-03	9.629300e-04	5.086453e-05	-5.086453e-05	6.527965e-03	-8.702389e-03
92            	2.034589e-03	3.312080e-20	-2.174464e-03	5.436161e-05	7.615271e-03	5.086472e-05	1.071656e-03	9.629327e-04	5.086472e-05	-5.086472e-05	6.528039e-03	-8.702503e-03
93            	2.034596e-03	3.312026e-20	-2.174501e-03	5.436253e-05	7.615358e-03	5.086490e-05	1.071660e-03	9.629354e-04	5.086490e-05	-5.086490e-05	6.528108e-03	-8.702609e-03
94            	2.034602e-03	3.311983e-20	-2.174534e-03	5.436334e-05	7.615436e-03	5.086506e-05	1.071665e-03	9.629379e-04	5.086506e-05	-5.086506e-05	6.528169e-03	-8.702703e-03
95            	2.034608e-03	3.311944e-20	-2.174563e-03	5.436407e-05	7.615507e-03	5.086521e-05	1.071668e-03	9.629402e-04	5.086521e-05	-5.086521e-05	6.528225e-03	-8.702788e-03
96            	2.034614e-03	3.311906e-20	-2.174590e-03	5.436476e-05	7.615573e-03	5.086535e-05	1.071672e-03	9.629423e-04	5.086535e-05	-5.086535e-05	6.528277e-03	-8.702868e-03
97            	2.034620e-03	3.311870e-20	-2.174616e-03	5.436539e-05	7.615634e-03	5.086549e-05	1.071675e-03	9.629444e-04	5.086549e-05	-5.086549e-05	6.528326e-03	-8.702942e-03
98            	2.034625e-03	3.311837e-20	-2.174639e-03	5.436598e-05	7.615691e-03	5.086562e-05	1.071678e-03	9.629464e-04	5.086562e-05	-5.086562e-05	6.528372e-03	-8.703011e-03
99            	2.034629e-03	3.311806e-20	-2.174661e-03	5.436652e-05	7.615745e-03	5.086574e-05	1.071681e-03	9.629482e-04	5.086574e-05	-5.086574e-05	6.528414e-03	-8.703075e-03
100           	2.034634e-03	3.311778e-20	-2.174682e-03	5.436704e-05	7.615796e-03	5.086585e-05	1.071684e-03	9.629500e-04	5.086585e-05	-5.086585e-05	6.528455e-03	-8.703137e-03
101           	2.034638e-03	3.311752e-20	-2.174702e-03	5.436754e-05	7.615845e-03	5.086596e-05	1.071687e-03	9.629517e-04	5.086596e-05	-5.086596e-05	6.528494e-03	-8.703196e-03
102           	2.034643e-03	3.311735e-20	-2.174720e-03	5.436799e-05	7.615890e-03	5.086606e-05	1.071689e-03	9.629533e-04	5.086606e-05	-5.086606e-05	6.528530e-03	-8.703250e-03
103           	2.034646e-03	3.311723e-20	-2.174736e-03	5.436840e-05	7.615931e-03	5.086616e-05	1.071692e-03	9.629547e-04	5.086616e-05	-5.086616e-05	6.528563e-03	-8.703299e-03
104           	2.034650e-03	3.311714e-20	-2.174752e-03	5.436879e-05	7.615969e-03	5.086624e-05	1.071694e-03	9.629560e-04	5.086624e-05	-5.086624e-05	6.528593e-03	-8.703345e-03
105           	2.034653e-03	3.311707e-20	-2.174766e-03	5.436915e-05	7.616005e-03	5.086632e-05	1.071696e-03	9.629573e-04	5.086632e-05	-5.086632e-05	6.528622e-03	-8.703388e-03
106           	2.034656e-03	3.311702e-20	-2.174780e-03	5.436949e-05	7.616039e-03	5.086640e-05	1.071697e-03	9.629584e-04	5.086640e-05	-5.086640e-05	6.528649e-03	-8.703429e-03
107           	2.034659e-03	3.311696e-20	-2.174792e-03	5.436980e-05	7.616071e-03	5.086647e-05	1.071699e-03	9.629596e-04	5.086647e-05	-5.086647e-05	6.528674e-03	-8.703467e-03
108           	2.034661e-03	3.311689e-20	-2.174803e-03	5.437008e-05	7.616099e-03	5.086654e-05	1.071701e-03	9.629606e-04	5.086654e-05	-5.086654e-05	6.528697e-03	-8.703501e-03
109           	2.034664e-03	3.311682e-20	-2.174813e-03	5.437033e-05	7.616125e-03	5.086660e-05	1.071702e-03	9.629616e-04	5.086660e-05	-5.086660e-05	6.528718e-03	-8.703531e-03
110           	2.034666e-03	3.311674e-20	-2.174823e-03	5.437057e-05	7.616148e-03	5.086665e-05	1.071704e-03	9.629624e-04	5.086665e-05	-5.086665e-05	6.528737e-03	-8.703560e-03
111           	2.034668e-03	3.311665e-20	-2.174831e-03	5.437078e-05	7.616170e-03	5.086670e-05	1.071705e-03	9.629632e-04	5.086670e-05	-5.086670e-05	6.528755e-03	-8.703586e-03
112           	2.034670e-03	3.311653e-20	-2.174839e-03	5.437098e-05	7.616190e-03	5.086674e-05	1.071706e-03	9.629638e-04	5.086674e-05	-5.086674e-05	6.528771e-03	-8.703610e-03
113           	2.034671e-03	3.311640e-20	-2.174846e-03	5.437116e-05	7.616209e-03	5.086678e-05	1.071707e-03	9.629644e-04	5.086678e-05	-5.086678e-05	6.528785e-03	-8.703632e-03
114           	2.034673e-03	3.311628e-20	-2.174853e-03	5.437133e-05	7.616226e-03	5.086682e-05	1.071708e-03	9.629650e-04	5.086682e-05	-5.086682e-05	6.528800e-03	-8.703653e-03
115           	2.034674e-03	3.311617e-20	-2.174860e-03	5.437151e-05	7.616244e-03	5.086685e-05	1.071709e-03	9.629655e-04	5.086685e-05	-5.086685e-05	6.528813e-03	-8.703674e-03
116           	2.034675e-03	3.311604e-20	-2.174867e-03	5.437167e-05	7.616260e-03	5.086689e-05	1.071709e-03	9.629661e-04	5.086689e-05	-5.086689e-05	6.528827e-03	-8.703694e-03
117           	2.034677e-03	3.311590e-20	-2.174874e-03	5.437184e-05	7.616277e-03	5.086692e-05	1.071710e-03	9.629665e-04	5.086692e-05	-5.086692e-05	6.528840e-03	-8.703714e-03
118           	2.034678e-03	3.311575e-20	-2.174880e-03	5.437201e-05	7.616293e-03	5.086695e-05	1.071711e-03	9.629670e-04	5.086695e-05	-5.086695e-05	6.528853e-03	-8.703734e-03
119           	2.034679e-03	3.311560e-20	-2.174887e-03	5.437217e-05	7.616309e-03	5.086698e-05	1.071712e-03	9.629675e-04	5.086698e-05	-5.086698e-05	6.528866e-03	-8.703752e-03
120           	2.034680e-03	3.311546e-20	-2.174892e-03	5.437231e-05	7.616324e-03	5.086701e-05	1.071713e-03	9.629679e-04	5.086701e-05	-5.086701e-05	6.528877e-03	-8.703770e-03
121           	2.034682e-03	3.311533e-20	-2.174898e-03	5.437246e-05	7.616338e-03	5.086704e-05	1.071713e-03	9.629684e-04	5.086704e-05	-5.086704e-05	6.528889e-03	-8.703787e-03
122           	2.034683e-03	3.311522e-20	-2.174903e-03	5.437258e-05	7.616350e-03	5.086707e-05	1.071714e-03	9.629687e-04	5.086707e-05	-5.086707e-05	6.528898e-03	-8.703801e-03
123           	2.034684e-03	3.311512e-20	-2.174908e-03	5.437269e-05	7.616361e-03	5.086709e-05	1.071714e-03	9.629691e-04	5.086709e-05	-5.086709e-05	6.528907e-03	-8.703815e-03
124           	2.034684e-03	3.311504e-20	-2.174912e-03	5.437280e-05	7.616372e-03	5.086711e-05	1.071715e-03	9.629694e-04	5.086711e-05	-5.086711e-05	6.528916e-03	-8.703828e-03
125           	2.034685e-03	3.311498e-20	-2.174916e-03	5.437289e-05	7.616381e-03	5.086713e-05	1.071715e-03	9.629697e-04	5.086713e-05	-5.086713e-05	6.528923e-03	-8.703839e-03
126           	2.034686e-03	3.311493e-20	-2.174919e-03	5.437299e-05	7.616390e-03	5.086714e-05	1.071716e-03	9.629699e-04	5.086714e-05	-5.086714e-05	6.528930e-03	-8.703850e-03
127           	2.034686e-03	3.311489e-20	-2.174923e-03	5.437307e-05	7.616399e-03	5.086716e-05	1.071716e-03	9.629701e-04	5.086716e-05	-5.086716e-05	6.528937e-03	-8.703860e-03
128           	2.034687e-03	3.311485e-20	-2.174926e-03	5.437316e-05	7.616407e-03	5.086717e-05	1.071717e-03	9.629703e-04	5.086717e-05	-5.086717e-05	6.528944e-03	-8.703870e-03
129           	2.034688e-03	3.311482e-20	-2.174930e-03	5.437324e-05	7.616415e-03	5.086719e-05	1.071717e-03	9.629705e-04	5.086719e-05	-5.086719e-05	6.528950e-03	-8.703880e-03
130           	2.034688e-03	3.311479e-20	-2.174933e-03	5.437332e-05	7.616422e-03	5.086720e-05	1.071717e-03	9.629707e-04	5.086720e-05	-5.086720e-05	6.528956e-03	-8.703888e-03
131           	2.034689e-03	3.311477e-20	-2.174936e-03	5.437339e-05	7.616429e-03	5.086721e-05	1.071718e-03	9.629709e-04	5.086721e-05	-5.086721e-05	6.528961e-03	-8.703897e-03
132           	2.034689e-03	3.311475e-20	-2.174938e-03	5.437346e-05	7.616436e-03	5.086723e-05	1.071718e-03	9.629711e-04	5.086723e-05	-5.086723e-05	6.528967e-03	-8.703905e-03
133           	2.034689e-03	3.311474e-20	-2.174941e-03	5.437352e-05	7.616441e-03	5.086723e-05	1.071718e-03	9.629712e-04	5.086723e-05	-5.086723e-05	6.528971e-03	-8.703912e-03
134           	2.034690e-03	3.311475e-20	-2.174943e-03	5.437357e-05	7.616447e-03	5.086724e-05	1.071718e-03	9.629713e-04	5.086724e-05	-5.086724e-05	6.528975e-03	-8.703918e-03
135           	2.034690e-03	3.311475e-20	-2.174945e-03	5.437363e-05	7.616452e-03	5.086725e-05	1.071719e-03	9.629714e-04	5.086725e-05	-5.086725e-05	6.528979e-03	-8.703925e-03
136           	2.034690e-03	3.311475e-20	-2.174947e-03	5.437368e-05	7.616457e-03	5.086726e-05	1.071719e-03	9.629715e-04	5.086726e-05	-5.086726e-05	6.528983e-03	-8.703931e-03
137           	2.034691e-03	3.311476e-20	-2.174949e-03	5.437373e-05	7.616462e-03	5.086727e-05	1.071719e-03	9.629716e-04	5.086727e-05	-5.086727e-05	6.528987e-03	-8.703937e-03
138           	2.034691e-03	3.311476e-20	-2.174951e-03	5.437378e-05	7.616466e-03	5.086727e-05	1.071719e-03	9.629716e-04	5.086727e-05	-5.086727e-05	6.528991e-03	-8.703942e-03
139           	2.034691e-03	3.311475e-20	-2.174953e-03	5.437383e-05	7.616470e-03	5.086728e-05	1.071719e-03	9.629717e-04	5.086728e-05	-5.086728e-05	6.528994e-03	-8.703947e-03
140           	2.034691e-03	3.311474e-20	-2.174955e-03	5.437387e-05	7.616474e-03	5.086728e-05	1.071720e-03	9.629718e-04	5.086728e-05	-5.086728e-05	6.528997e-03	-8.703952e-03
141           	2.034691e-03	3.311473e-20	-2.174956e-03	5.437391e-05	7.616478e-03	5.086729e-05	1.071720e-03	9.629718e-04	5.086729e-05	-5.086729e-05	6.529000e-03	-8.703956e-03
142           	2.034692e-03	3.311472e-20	-2.174958e-03	5.437395e-05	7.616482e-03	5.086729e-05	1.071720e-03	9.629719e-04	5.086729e-05	-5.086729e-05	6.529003e-03	-8.703961e-03
143           	2.034692e-03	3.311470e-20	-2.174959e-03	5.437399e-05	7.616485e-03	5.086730e-05	1.071720e-03	9.629720e-04	5.086730e-05	-5.086730e-05	6.529006e-03	-8.703965e-03
144           	2.034692e-03	3.311468e-20	-2.174961e-03	5.437402e-05	7.616489e-03	5.086730e-05	1.071720e-03	9.629721e-04	5.086730e-05	-5.086730e-05	6.529008e-03	-8.703969e-03
145           	2.034692e-03	3.311467e-20	-2.174962e-03	5.437406e-05	7.616492e-03	5.086731e-05	1.071720e-03	9.629721e-04	5.086731e-05	-5.086731e-05	6.529011e-03	-8.703973e-03
146           	2.034693e-03	3.311467e-20	-2.174964e-03	5.437409e-05	7.616495e-03	5.086731e-05	1.071720e-03	9.629722e-04	5.086731e-05	-5.086731e-05	6.529013e-03	-8.703977e-03
147           	2.034693e-03	3.311466e-20	-2.174965e-03	5.437412e-05	7.616498e-03	5.086732e-05	1.071720e-03	9.629722e-04	5.086732e-05	-5.086732e-05	6.529015e-03	-8.703980e-03
148           	2.034693e-03	3.311466e-20	-2.174966e-03	5.437415e-05	7.616500e-03	5.086732e-05	1.071721e-03	9.629723e-04	5.086732e-05	-5.086732e-05	6.529017e-03	-8.703983e-03
149           	2.034693e-03	3.311467e-20	-2.174967e-03	5.437417e-05	7.616502e-03	5.086732e-05	1.071721e-03	9.629723e-04	5.086732e-05	-5.086732e-05	6.529019e-03	-8.703986e-03
150           	2.034693e-03	3.311467e-20	-2.174968e-03	5.437419e-05	7.616504e-03	5.086732e-05	1.071721e-03	9.629723e-04	5.086732e-05	-5.086732e-05	6.529020e-03	-8.703988e-03
151           	2.034693e-03	3.311467e-20	-2.174969e-03	5.437422e-05	7.616506e-03	5.086733e-05	1.071721e-03	9.629723e-04	5.086733e-05	-5.086733e-05	6.529022e-03	-8.703990e-03
152           	2.034693e-03	3.311467e-20	-2.174969e-03	5.437424e-05	7.616508e-03	5.086733e-05	1.071721e-03	9.629723e-04	5.086733e-05	-5.086733e-05	6.529023e-03	-8.703993e-03
153           	2.034693e-03	3.311467e-20	-2.174970e-03	5.437426e-05	7.616510e-03	5.086733e-05	1.071721e-03	9.629723e-04	5.086733e-05	-5.086733e-05	6.529025e-03	-8.703995e-03
154           	2.034693e-03	3.311467e-20	-2.174971e-03	5.437427e-05	7.616511e-03	5.086733e-05	1.071721e-03	9.629723e-04	5.086733e-05	-5.086733e-05	6.529026e-03	-8.703997e-03
155           	2.034693e-03	3.311467e-20	-2.174972e-03	5.437429e-05	7.616513e-03	5.086733e-05	1.071721e-03	9.629724e-04	5.086733e-05	-5.086733e-05	6.529027e-03	-8.703998e-03
156           	2.034693e-03	3.311466e-20	-2.174972e-03	5.437430e-05	7.616514e-03	5.086733e-05	1.071721e-03	9.629724e-04	5.086733e-05	-5.086733e-05	6.529028e-03	-8.704000e-03
157           	2.034693e-03	3.311466e-20	-2.174973e-03	5.437432e-05	7.616515e-03	5.086734e-05	1.071721e-03	9.629724e-04	5.086734e-05	-5.086734e-05	6.529029e-03	-8.704002e-03
158           	2.034693e-03	3.311465e-20	-2.174973e-03	5.437433e-05	7.616517e-03	5.086734e-05	1.071721e-03	9.629724e-04	5.086734e-05	-5.086734e-05	6.529030e-03	-8.704003e-03
159           	2.034694e-03	3.311465e-20	-2.174974e-03	5.437435e-05	7.616518e-03	5.086734e-05	1.071721e-03	9.629724e-04	5.086734e-05	-5.086734e-05	6.529031e-03	-8.704005e-03
160           	2.034694e-03	3.311464e-20	-2.174974e-03	5.437436e-05	7.616519e-03	5.086734e-05	1.071721e-03	9.629725e-04	5.086734e-05	-5.086734e-05	6.529032e-03	-8.704006e-03
161           	2.034694e-03	3.311463e-20	-2.174975e-03	5.437437e-05	7.616520e-03	5.086734e-05	1.071721e-03	9.629725e-04	5.086734e-05	-5.086734e-05	6.529033e-03	-8.704008e-03
162           	2.034694e-03	3.311463e-20	-2.174975e-03	5.437438e-05	7.616521e-03	5.086734e-05	1.071721e-03	9.629725e-04	5.086734e-05	-5.086734e-05	6.529034e-03	-8.704009e-03
163           	2.034694e-03	3.311462e-20	-2.174976e-03	5.437439e-05	7.616522e-03	5.086735e-05	1.071721e-03	9.629725e-04	5.086735e-05	-5.086735e-05	6.529034e-03	-8.704010e-03
164           	2.034694e-03	3.311462e-20	-2.174976e-03	5.437440e-05	7.616523e-03	5.086735e-05	1.071721e-03	9.629725e-04	5.086735e-05	-5.086735e-05	6.529035e-03	-8.704011e-03
165           	2.034694e-03	3.311461e-20	-2.174976e-03	5.437441e-05	7.616524e-03	5.086735e-05	1.071721e-03	9.629726e-04	5.086735e-05	-5.086735e-05	6.529036e-03	-8.704012e-03
166           	2.034694e-03	3.311461e-20	-2.174977e-03	5.437442e-05	7.616525e-03	5.086735e-05	1.071721e-03	9.629726e-04	5.086735e-05	-5.086735e-05	6.529036e-03	-8.704013e-03
167           	2.034694e-03	3.311461e-20	-2.174977e-03	5.437443e-05	7.616525e-03	5.086735e-05	1.071721e-03	9.629726e-04	5.086735e-05	-5.086735e-05	6.529037e-03	-8.704014e-03
168           	2.034694e-03	3.311461e-20	-2.174977e-03	5.437443e-05	7.616526e-03	5.086735e-05	1.071721e-03	9.629726e-04	5.086735e-05	-5.086735e-05	6.529037e-03	-8.704014e-03
169           	2.034694e-03	3.311461e-20	-2.174978e-03	5.437444e-05	7.616526e-03	5.086735e-05	1.071721e-03	9.629726e-04	5.086735e-05	-5.086735e-05	6.529037e-03	-8.704015e-03
170           	2.034694e-03	3.311462e-20	-2.174978e-03	5.437444e-05	7.616527e-03	5.086735e-05	1.071721e-03	9.629726e-04	5.086735e-05	-5.086735e-05	6.529038e-03	-8.704015e-03
171           	2.034694e-03	3.311462e-20	-2.174978e-03	5.437445e-05	7.616527e-03	5.086735e-05	1.071721e-03	9.629726e-04	5.086735e-05	-5.086735e-05	6.529038e-03	-8.704016e-03
172           	2.034694e-03	3.311462e-20	-2.174978e-03	5.437445e-05	7.616527e-03	5.086735e-05	1.071721e-03	9.629726e-04	5.086735e-05	-5.086735e-05	6.529038e-03	-8.704016e-03
173           	2.034694e-03	3.311462e-20	-2.174978e-03	5.437446e-05	7.616528e-03	5.086735e-05	1.071721e-03	9.629726e-04	5.086735e-05	-5.086735e-05	6.529039e-03	-8.704017e-03
174           	2.034694e-03	3.311462e-20	-2.174978e-03	5.437446e-05	7.616528e-03	5.086735e-05	1.071722e-03	9.629726e-04	5.086735e-05	-5.086735e-05	6.529039e-03	-8.704017e-03
175           	2.034694e-03	3.311462e-20	-2.174979e-03	5.437446e-05	7.616529e-03	5.086735e-05	1.071722e-03	9.629726e-04	5.086735e-05	-5.086735e-05	6.529039e-03	-8.704018e-03
176           	2.034694e-03	3.311462e-20	-2.174979e-03	5.437447e-05	7.616529e-03	5.086735e-05	1.071722e-03	9.629726e-04	5.086735e-05	-5.086735e-05	6.529039e-03	-8.704018e-03
177           	2.034694e-03	3.311462e-20	-2.174979e-03	5.437447e-05	7.616529e-03	5.086735e-05	1.071722e-03	9.629726e-04	5.086735e-05	-5.086735e-05	6.529040e-03	-8.704019e-03
178           	2.034694e-03	3.311462e-20	-2.174979e-03	5.437447e-05	7.616529e-03	5.086735e-05	1.071722e-03	9.629726e-04	5.086735e-05	-5.086735e-05	6.529040e-03	-8.704019e-03
179           	2.034694e-03	3.311462e-20	-2.174979e-03	5.437448e-05	7.616530e-03	5.086735e-05	1.071722e-03	9.629726e-04	5.086735e-05	-5.086735e-05	6.529040e-03	-8.704019e-03
180           	2.034694e-03	3.311462e-20	-2.174979e-03	5.437448e-05	7.616530e-03	5.086735e-05	1.071722e-03	9.629726e-04	5.086735e-05	-5.086735e-05	6.529040e-03	-8.704019e-03
181           	2.034694e-03	3.311462e-20	-2.174979e-03	5.437448e-05	7.616530e-03	5.086735e-05	1.071722e-03	9.629726e-04	5.086735e-05	-5.086735e-05	6.529040e-03	-8.704020e-03
