# Force coefficients
# dragDir     : (1.000000e+00 0.000000e+00 0.000000e+00)
# sideDir     : (0.000000e+00 0.000000e+00 -1.000000e+00)
# liftDir     : (0.000000e+00 1.000000e+00 0.000000e+00)
# rollAxis    : (1.000000e+00 0.000000e+00 0.000000e+00)
# pitchAxis   : (0.000000e+00 0.000000e+00 -1.000000e+00)
# yawAxis     : (0.000000e+00 1.000000e+00 0.000000e+00)
# magUInf     : 6.000000e-02
# lRef        : 1.000000e-01
# Aref        : 1.000000e-01
# CofR        : (0.000000e+00 0.000000e+00 0.000000e+00)
#
# Time        	Cd            	Cs            	Cl            	CmRoll        	CmPitch       	CmYaw         	Cd(f)         	Cd(r)         	Cs(f)         	Cs(r)         	Cl(f)         	Cl(r)         
1             	4.159027e-04	2.107436e-20	-8.144170e-04	2.036043e-05	2.504730e-03	1.039757e-05	2.283118e-04	1.875909e-04	1.039757e-05	-1.039757e-05	2.097522e-03	-2.911939e-03
2             	1.988245e-03	-4.965974e-20	-3.012619e-03	7.531546e-05	9.978439e-03	4.970612e-05	1.069438e-03	9.188069e-04	4.970612e-05	-4.970612e-05	8.472130e-03	-1.148475e-02
3             	1.873102e-03	-1.002753e-19	-1.735866e-03	4.339666e-05	7.046246e-03	4.682756e-05	9.799478e-04	8.931545e-04	4.682756e-05	-4.682756e-05	6.178312e-03	-7.914179e-03
4             	1.556540e-03	-7.019258e-20	-8.419609e-04	2.104902e-05	4.521118e-03	3.891351e-05	7.993192e-04	7.572211e-04	3.891351e-05	-3.891351e-05	4.100137e-03	-4.942098e-03
5             	1.438108e-03	-2.883203e-20	-7.579157e-04	1.894789e-05	4.074783e-03	3.595271e-05	7.380020e-04	7.001062e-04	3.595271e-05	-3.595271e-05	3.695825e-03	-4.453741e-03
6             	1.505465e-03	6.938746e-21	-1.243553e-03	3.108884e-05	5.210512e-03	3.763661e-05	7.838211e-04	7.216434e-04	3.763661e-05	-3.763661e-05	4.588735e-03	-5.832289e-03
7             	1.565800e-03	2.603866e-20	-1.438757e-03	3.596892e-05	5.737061e-03	3.914501e-05	8.188692e-04	7.469313e-04	3.914501e-05	-3.914501e-05	5.017683e-03	-6.456440e-03
8             	1.663658e-03	3.122357e-20	-1.625576e-03	4.063940e-05	6.312966e-03	4.159145e-05	8.724684e-04	7.911896e-04	4.159145e-05	-4.159145e-05	5.500178e-03	-7.125754e-03
9             	1.697433e-03	2.691826e-20	-1.612336e-03	4.030840e-05	6.343413e-03	4.243582e-05	8.890248e-04	8.084080e-04	4.243582e-05	-4.243582e-05	5.537245e-03	-7.149581e-03
10            	1.691160e-03	2.058154e-20	-1.581015e-03	3.952536e-05	6.255215e-03	4.227901e-05	8.851055e-04	8.060548e-04	4.227901e-05	-4.227901e-05	5.464707e-03	-7.045722e-03
11            	1.664369e-03	1.727050e-20	-1.554518e-03	3.886296e-05	6.139355e-03	4.160924e-05	8.710477e-04	7.933217e-04	4.160924e-05	-4.160924e-05	5.362095e-03	-6.916614e-03
12            	1.636982e-03	1.608006e-20	-1.561625e-03	3.904063e-05	6.094523e-03	4.092456e-05	8.575319e-04	7.794506e-04	4.092456e-05	-4.092456e-05	5.313710e-03	-6.875336e-03
13            	1.615053e-03	1.624425e-20	-1.580570e-03	3.951426e-05	6.087029e-03	4.037633e-05	8.470408e-04	7.680123e-04	4.037633e-05	-4.037633e-05	5.296744e-03	-6.877314e-03
14            	1.597138e-03	1.646951e-20	-1.604013e-03	4.010034e-05	6.097709e-03	3.992844e-05	8.386691e-04	7.584685e-04	3.992844e-05	-3.992844e-05	5.295702e-03	-6.899715e-03
15            	1.582907e-03	1.745531e-20	-1.616093e-03	4.040232e-05	6.093394e-03	3.957267e-05	8.318556e-04	7.510510e-04	3.957267e-05	-3.957267e-05	5.285347e-03	-6.901440e-03
16            	1.568830e-03	1.856153e-20	-1.613069e-03	4.032673e-05	6.058796e-03	3.922075e-05	8.247417e-04	7.440883e-04	3.922075e-05	-3.922075e-05	5.252262e-03	-6.865331e-03
17            	1.551995e-03	1.910549e-20	-1.594148e-03	3.985370e-05	5.986031e-03	3.879988e-05	8.158513e-04	7.361439e-04	3.879988e-05	-3.879988e-05	5.188957e-03	-6.783105e-03
18            	1.535661e-03	1.922166e-20	-1.571037e-03	3.927593e-05	5.906214e-03	3.839153e-05	8.071065e-04	7.285546e-04	3.839153e-05	-3.839153e-05	5.120695e-03	-6.691732e-03
19            	1.519103e-03	1.925029e-20	-1.541196e-03	3.852990e-05	5.813186e-03	3.797759e-05	7.980816e-04	7.210218e-04	3.797759e-05	-3.797759e-05	5.042588e-03	-6.583784e-03
20            	1.501770e-03	1.910374e-20	-1.506354e-03	3.765884e-05	5.708546e-03	3.754425e-05	7.885438e-04	7.132262e-04	3.754425e-05	-3.754425e-05	4.955369e-03	-6.461723e-03
21            	1.484144e-03	1.888473e-20	-1.469899e-03	3.674748e-05	5.600504e-03	3.710361e-05	7.788196e-04	7.053247e-04	3.710361e-05	-3.710361e-05	4.865554e-03	-6.335453e-03
22            	1.467094e-03	1.862126e-20	-1.434329e-03	3.585821e-05	5.496068e-03	3.667735e-05	7.694052e-04	6.976888e-04	3.667735e-05	-3.667735e-05	4.778904e-03	-6.213232e-03
23            	1.452712e-03	1.838304e-20	-1.400673e-03	3.501683e-05	5.401387e-03	3.631781e-05	7.613730e-04	6.913394e-04	3.631781e-05	-3.631781e-05	4.701050e-03	-6.101723e-03
24            	1.439300e-03	1.796086e-20	-1.367547e-03	3.418869e-05	5.309741e-03	3.598251e-05	7.538388e-04	6.854614e-04	3.598251e-05	-3.598251e-05	4.625967e-03	-5.993515e-03
25            	1.427157e-03	1.772921e-20	-1.334634e-03	3.336585e-05	5.221904e-03	3.567893e-05	7.469445e-04	6.802128e-04	3.567893e-05	-3.567893e-05	4.554587e-03	-5.889221e-03
26            	1.416419e-03	1.733452e-20	-1.301202e-03	3.253004e-05	5.135291e-03	3.541048e-05	7.407396e-04	6.756795e-04	3.541048e-05	-3.541048e-05	4.484690e-03	-5.785892e-03
27            	1.407282e-03	1.703190e-20	-1.269003e-03	3.172507e-05	5.054811e-03	3.518204e-05	7.353658e-04	6.719157e-04	3.518204e-05	-3.518204e-05	4.420309e-03	-5.689312e-03
28            	1.399328e-03	1.671707e-20	-1.237022e-03	3.092556e-05	4.976754e-03	3.498321e-05	7.305898e-04	6.687387e-04	3.498321e-05	-3.498321e-05	4.358243e-03	-5.595265e-03
29            	1.392629e-03	1.642918e-20	-1.207825e-03	3.019563e-05	4.906697e-03	3.481572e-05	7.265101e-04	6.661189e-04	3.481572e-05	-3.481572e-05	4.302784e-03	-5.510609e-03
30            	1.386603e-03	1.615592e-20	-1.176525e-03	2.941313e-05	4.833562e-03	3.466509e-05	7.227149e-04	6.638886e-04	3.466509e-05	-3.466509e-05	4.245300e-03	-5.421825e-03
31            	1.380113e-03	1.597320e-20	-1.146947e-03	2.867367e-05	4.762323e-03	3.450282e-05	7.187300e-04	6.613826e-04	3.450282e-05	-3.450282e-05	4.188850e-03	-5.335797e-03
32            	1.375130e-03	1.571991e-20	-1.119414e-03	2.798535e-05	4.698724e-03	3.437824e-05	7.155502e-04	6.595795e-04	3.437824e-05	-3.437824e-05	4.139017e-03	-5.258431e-03
33            	1.370071e-03	1.553034e-20	-1.093568e-03	2.733919e-05	4.637585e-03	3.425177e-05	7.123745e-04	6.576962e-04	3.425177e-05	-3.425177e-05	4.090801e-03	-5.184369e-03
34            	1.366760e-03	1.531271e-20	-1.073471e-03	2.683677e-05	4.592248e-03	3.416899e-05	7.102166e-04	6.565431e-04	3.416899e-05	-3.416899e-05	4.055513e-03	-5.128983e-03
35            	1.363852e-03	1.512323e-20	-1.052538e-03	2.631345e-05	4.545333e-03	3.409629e-05	7.082392e-04	6.556123e-04	3.409629e-05	-3.409629e-05	4.019065e-03	-5.071602e-03
36            	1.361556e-03	1.494472e-20	-1.034550e-03	2.586376e-05	4.505580e-03	3.403890e-05	7.066417e-04	6.549141e-04	3.403890e-05	-3.403890e-05	3.988305e-03	-5.022855e-03
37            	1.359859e-03	1.478997e-20	-1.018283e-03	2.545708e-05	4.470365e-03	3.399647e-05	7.053865e-04	6.544724e-04	3.399647e-05	-3.399647e-05	3.961223e-03	-4.979506e-03
38            	1.358621e-03	1.465354e-20	-1.003876e-03	2.509691e-05	4.439696e-03	3.396553e-05	7.044076e-04	6.542138e-04	3.396553e-05	-3.396553e-05	3.937758e-03	-4.941634e-03
39            	1.357720e-03	1.453673e-20	-9.909788e-04	2.477447e-05	4.412616e-03	3.394300e-05	7.036345e-04	6.540856e-04	3.394300e-05	-3.394300e-05	3.917127e-03	-4.908106e-03
40            	1.357056e-03	1.443683e-20	-9.794866e-04	2.448717e-05	4.388719e-03	3.392640e-05	7.030152e-04	6.540408e-04	3.392640e-05	-3.392640e-05	3.898975e-03	-4.878462e-03
41            	1.356494e-03	1.434897e-20	-9.691221e-04	2.422805e-05	4.367192e-03	3.391235e-05	7.024750e-04	6.540189e-04	3.391235e-05	-3.391235e-05	3.882631e-03	-4.851753e-03
42            	1.356149e-03	1.428738e-20	-9.604015e-04	2.401004e-05	4.349315e-03	3.390373e-05	7.020846e-04	6.540645e-04	3.390373e-05	-3.390373e-05	3.869114e-03	-4.829516e-03
43            	1.356118e-03	1.422649e-20	-9.531921e-04	2.382980e-05	4.335054e-03	3.390294e-05	7.018886e-04	6.542290e-04	3.390294e-05	-3.390294e-05	3.858458e-03	-4.811650e-03
44            	1.356196e-03	1.417728e-20	-9.470141e-04	2.367535e-05	4.323006e-03	3.390489e-05	7.017732e-04	6.544224e-04	3.390489e-05	-3.390489e-05	3.849499e-03	-4.796513e-03
45            	1.356373e-03	1.413912e-20	-9.419879e-04	2.354970e-05	4.313419e-03	3.390931e-05	7.017360e-04	6.546366e-04	3.390931e-05	-3.390931e-05	3.842425e-03	-4.784413e-03
46            	1.356666e-03	1.411007e-20	-9.380068e-04	2.345017e-05	4.306121e-03	3.391665e-05	7.017832e-04	6.548829e-04	3.391665e-05	-3.391665e-05	3.837118e-03	-4.775124e-03
47            	1.357053e-03	1.409084e-20	-9.350471e-04	2.337618e-05	4.301025e-03	3.392633e-05	7.019028e-04	6.551504e-04	3.392633e-05	-3.392633e-05	3.833501e-03	-4.768548e-03
48            	1.357532e-03	1.407476e-20	-9.329907e-04	2.332477e-05	4.297889e-03	3.393830e-05	7.020909e-04	6.554413e-04	3.393830e-05	-3.393830e-05	3.831393e-03	-4.764384e-03
49            	1.358050e-03	1.405705e-20	-9.316268e-04	2.329067e-05	4.296175e-03	3.395125e-05	7.023156e-04	6.557343e-04	3.395125e-05	-3.395125e-05	3.830361e-03	-4.761988e-03
50            	1.358555e-03	1.404344e-20	-9.307635e-04	2.326909e-05	4.295403e-03	3.396388e-05	7.025468e-04	6.560086e-04	3.396388e-05	-3.396388e-05	3.830021e-03	-4.760785e-03
51            	1.359135e-03	1.403994e-20	-9.306548e-04	2.326637e-05	4.296273e-03	3.397838e-05	7.028339e-04	6.563012e-04	3.397838e-05	-3.397838e-05	3.830945e-03	-4.761600e-03
52            	1.359707e-03	1.404093e-20	-9.308357e-04	2.327089e-05	4.297679e-03	3.399268e-05	7.031246e-04	6.565828e-04	3.399268e-05	-3.399268e-05	3.832261e-03	-4.763097e-03
53            	1.360264e-03	1.404518e-20	-9.313080e-04	2.328270e-05	4.299609e-03	3.400660e-05	7.034146e-04	6.568492e-04	3.400660e-05	-3.400660e-05	3.833955e-03	-4.765263e-03
54            	1.360795e-03	1.405018e-20	-9.319839e-04	2.329960e-05	4.301873e-03	3.401987e-05	7.036970e-04	6.570978e-04	3.401987e-05	-3.401987e-05	3.835881e-03	-4.767865e-03
55            	1.361298e-03	1.406735e-20	-9.328826e-04	2.332207e-05	4.304520e-03	3.403246e-05	7.039713e-04	6.573271e-04	3.403246e-05	-3.403246e-05	3.838078e-03	-4.770961e-03
56            	1.361785e-03	1.407534e-20	-9.339422e-04	2.334856e-05	4.307447e-03	3.404463e-05	7.042411e-04	6.575440e-04	3.404463e-05	-3.404463e-05	3.840476e-03	-4.774418e-03
57            	1.362245e-03	1.409245e-20	-9.351037e-04	2.337759e-05	4.310521e-03	3.405613e-05	7.045002e-04	6.577450e-04	3.405613e-05	-3.405613e-05	3.842969e-03	-4.778072e-03
58            	1.362701e-03	1.411018e-20	-9.363809e-04	2.340952e-05	4.313826e-03	3.406752e-05	7.047600e-04	6.579409e-04	3.406752e-05	-3.406752e-05	3.845636e-03	-4.782017e-03
59            	1.363104e-03	1.412853e-20	-9.376617e-04	2.344154e-05	4.317025e-03	3.407760e-05	7.049935e-04	6.581105e-04	3.407760e-05	-3.407760e-05	3.848194e-03	-4.785856e-03
60            	1.363480e-03	1.414896e-20	-9.390026e-04	2.347506e-05	4.320296e-03	3.408700e-05	7.052151e-04	6.582650e-04	3.408700e-05	-3.408700e-05	3.850795e-03	-4.789798e-03
61            	1.363849e-03	1.415994e-20	-9.403555e-04	2.350889e-05	4.323591e-03	3.409623e-05	7.054334e-04	6.584157e-04	3.409623e-05	-3.409623e-05	3.853413e-03	-4.793769e-03
62            	1.364158e-03	1.417775e-20	-9.416115e-04	2.354029e-05	4.326558e-03	3.410395e-05	7.056192e-04	6.585386e-04	3.410395e-05	-3.410395e-05	3.855752e-03	-4.797364e-03
63            	1.364412e-03	1.419516e-20	-9.428203e-04	2.357051e-05	4.329321e-03	3.411030e-05	7.057764e-04	6.586354e-04	3.411030e-05	-3.411030e-05	3.857910e-03	-4.800731e-03
64            	1.364656e-03	1.421170e-20	-9.440475e-04	2.360119e-05	4.332125e-03	3.411640e-05	7.059292e-04	6.587268e-04	3.411640e-05	-3.411640e-05	3.860101e-03	-4.804149e-03
65            	1.364848e-03	1.422754e-20	-9.451647e-04	2.362912e-05	4.334597e-03	3.412120e-05	7.060532e-04	6.587949e-04	3.412120e-05	-3.412120e-05	3.862015e-03	-4.807180e-03
66            	1.365001e-03	1.424266e-20	-9.462030e-04	2.365508e-05	4.336836e-03	3.412504e-05	7.061558e-04	6.588457e-04	3.412504e-05	-3.412504e-05	3.863735e-03	-4.809938e-03
67            	1.365125e-03	1.425761e-20	-9.471871e-04	2.367968e-05	4.338914e-03	3.412813e-05	7.062423e-04	6.588829e-04	3.412813e-05	-3.412813e-05	3.865320e-03	-4.812507e-03
68            	1.365226e-03	1.426801e-20	-9.481027e-04	2.370257e-05	4.340816e-03	3.413064e-05	7.063153e-04	6.589102e-04	3.413064e-05	-3.413064e-05	3.866765e-03	-4.814867e-03
69            	1.365309e-03	1.428063e-20	-9.489453e-04	2.372363e-05	4.342542e-03	3.413272e-05	7.063780e-04	6.589307e-04	3.413272e-05	-3.413272e-05	3.868069e-03	-4.817014e-03
70            	1.365377e-03	1.429018e-20	-9.497291e-04	2.374323e-05	4.344129e-03	3.413442e-05	7.064316e-04	6.589452e-04	3.413442e-05	-3.413442e-05	3.869265e-03	-4.818994e-03
71            	1.365430e-03	1.429914e-20	-9.504421e-04	2.376105e-05	4.345556e-03	3.413575e-05	7.064761e-04	6.589540e-04	3.413575e-05	-3.413575e-05	3.870335e-03	-4.820777e-03
72            	1.365466e-03	1.430769e-20	-9.510701e-04	2.377675e-05	4.346783e-03	3.413665e-05	7.065098e-04	6.589563e-04	3.413665e-05	-3.413665e-05	3.871248e-03	-4.822318e-03
73            	1.365485e-03	1.431546e-20	-9.516412e-04	2.379103e-05	4.347871e-03	3.413713e-05	7.065337e-04	6.589516e-04	3.413713e-05	-3.413713e-05	3.872050e-03	-4.823691e-03
74            	1.365492e-03	1.432257e-20	-9.521579e-04	2.380395e-05	4.348834e-03	3.413729e-05	7.065497e-04	6.589418e-04	3.413729e-05	-3.413729e-05	3.872755e-03	-4.824913e-03
75            	1.365493e-03	1.432898e-20	-9.526309e-04	2.381577e-05	4.349707e-03	3.413732e-05	7.065623e-04	6.589307e-04	3.413732e-05	-3.413732e-05	3.873392e-03	-4.826023e-03
76            	1.365479e-03	1.433451e-20	-9.530297e-04	2.382574e-05	4.350408e-03	3.413698e-05	7.065654e-04	6.589140e-04	3.413698e-05	-3.413698e-05	3.873893e-03	-4.826923e-03
77            	1.365455e-03	1.433951e-20	-9.533729e-04	2.383432e-05	4.350983e-03	3.413639e-05	7.065620e-04	6.588934e-04	3.413639e-05	-3.413639e-05	3.874297e-03	-4.827669e-03
78            	1.365424e-03	1.434377e-20	-9.536655e-04	2.384164e-05	4.351448e-03	3.413560e-05	7.065536e-04	6.588703e-04	3.413560e-05	-3.413560e-05	3.874615e-03	-4.828280e-03
79            	1.365387e-03	1.434738e-20	-9.539138e-04	2.384785e-05	4.351818e-03	3.413468e-05	7.065415e-04	6.588458e-04	3.413468e-05	-3.413468e-05	3.874862e-03	-4.828775e-03
80            	1.365342e-03	1.435014e-20	-9.541029e-04	2.385257e-05	4.352055e-03	3.413354e-05	7.065234e-04	6.588183e-04	3.413354e-05	-3.413354e-05	3.875004e-03	-4.829107e-03
81            	1.365290e-03	1.435332e-20	-9.542632e-04	2.385658e-05	4.352228e-03	3.413226e-05	7.065018e-04	6.587886e-04	3.413226e-05	-3.413226e-05	3.875097e-03	-4.829360e-03
82            	1.365241e-03	1.435590e-20	-9.544087e-04	2.386022e-05	4.352382e-03	3.413103e-05	7.064807e-04	6.587603e-04	3.413103e-05	-3.413103e-05	3.875178e-03	-4.829586e-03
83            	1.365192e-03	1.435827e-20	-9.545097e-04	2.386274e-05	4.352448e-03	3.412979e-05	7.064586e-04	6.587331e-04	3.412979e-05	-3.412979e-05	3.875193e-03	-4.829703e-03
84            	1.365140e-03	1.436011e-20	-9.545780e-04	2.386445e-05	4.352444e-03	3.412850e-05	7.064344e-04	6.587056e-04	3.412850e-05	-3.412850e-05	3.875155e-03	-4.829733e-03
85            	1.365089e-03	1.436156e-20	-9.546334e-04	2.386584e-05	4.352421e-03	3.412724e-05	7.064106e-04	6.586789e-04	3.412724e-05	-3.412724e-05	3.875105e-03	-4.829738e-03
86            	1.365042e-03	1.436271e-20	-9.546747e-04	2.386687e-05	4.352379e-03	3.412605e-05	7.063879e-04	6.586542e-04	3.412605e-05	-3.412605e-05	3.875042e-03	-4.829717e-03
87            	1.364998e-03	1.436364e-20	-9.546989e-04	2.386747e-05	4.352311e-03	3.412494e-05	7.063663e-04	6.586313e-04	3.412494e-05	-3.412494e-05	3.874962e-03	-4.829661e-03
88            	1.364957e-03	1.436442e-20	-9.547109e-04	2.386777e-05	4.352228e-03	3.412392e-05	7.063462e-04	6.586106e-04	3.412392e-05	-3.412392e-05	3.874872e-03	-4.829583e-03
89            	1.364921e-03	1.436503e-20	-9.547149e-04	2.386787e-05	4.352139e-03	3.412301e-05	7.063281e-04	6.585924e-04	3.412301e-05	-3.412301e-05	3.874781e-03	-4.829496e-03
90            	1.364893e-03	1.436551e-20	-9.547146e-04	2.386786e-05	4.352061e-03	3.412233e-05	7.063144e-04	6.585786e-04	3.412233e-05	-3.412233e-05	3.874703e-03	-4.829418e-03
91            	1.364865e-03	1.436594e-20	-9.547069e-04	2.386767e-05	4.351967e-03	3.412162e-05	7.063001e-04	6.585647e-04	3.412162e-05	-3.412162e-05	3.874613e-03	-4.829320e-03
92            	1.364846e-03	1.436631e-20	-9.547061e-04	2.386765e-05	4.351909e-03	3.412115e-05	7.062907e-04	6.585554e-04	3.412115e-05	-3.412115e-05	3.874556e-03	-4.829262e-03
93            	1.364831e-03	1.436668e-20	-9.546948e-04	2.386737e-05	4.351837e-03	3.412077e-05	7.062828e-04	6.585481e-04	3.412077e-05	-3.412077e-05	3.874489e-03	-4.829184e-03
94            	1.364820e-03	1.436704e-20	-9.546863e-04	2.386716e-05	4.351780e-03	3.412049e-05	7.062770e-04	6.585427e-04	3.412049e-05	-3.412049e-05	3.874436e-03	-4.829123e-03
95            	1.364816e-03	1.436744e-20	-9.546786e-04	2.386696e-05	4.351739e-03	3.412039e-05	7.062748e-04	6.585409e-04	3.412039e-05	-3.412039e-05	3.874399e-03	-4.829078e-03
96            	1.364812e-03	1.436758e-20	-9.546616e-04	2.386654e-05	4.351680e-03	3.412030e-05	7.062725e-04	6.585394e-04	3.412030e-05	-3.412030e-05	3.874349e-03	-4.829010e-03
97            	1.364807e-03	1.436901e-20	-9.546392e-04	2.386598e-05	4.351608e-03	3.412017e-05	7.062693e-04	6.585373e-04	3.412017e-05	-3.412017e-05	3.874288e-03	-4.828927e-03
98            	1.364801e-03	1.437067e-20	-9.546152e-04	2.386538e-05	4.351532e-03	3.412002e-05	7.062658e-04	6.585350e-04	3.412002e-05	-3.412002e-05	3.874224e-03	-4.828839e-03
99            	1.364795e-03	1.437253e-20	-9.545924e-04	2.386481e-05	4.351460e-03	3.411988e-05	7.062624e-04	6.585327e-04	3.411988e-05	-3.411988e-05	3.874164e-03	-4.828756e-03
100           	1.364791e-03	1.437444e-20	-9.545755e-04	2.386439e-05	4.351404e-03	3.411978e-05	7.062599e-04	6.585311e-04	3.411978e-05	-3.411978e-05	3.874116e-03	-4.828692e-03
101           	1.364790e-03	1.437619e-20	-9.545653e-04	2.386413e-05	4.351368e-03	3.411974e-05	7.062589e-04	6.585306e-04	3.411974e-05	-3.411974e-05	3.874085e-03	-4.828650e-03
102           	1.364789e-03	1.437782e-20	-9.545568e-04	2.386392e-05	4.351337e-03	3.411972e-05	7.062583e-04	6.585304e-04	3.411972e-05	-3.411972e-05	3.874058e-03	-4.828615e-03
103           	1.364789e-03	1.437927e-20	-9.545545e-04	2.386386e-05	4.351320e-03	3.411972e-05	7.062582e-04	6.585304e-04	3.411972e-05	-3.411972e-05	3.874043e-03	-4.828597e-03
104           	1.364790e-03	1.438054e-20	-9.545587e-04	2.386397e-05	4.351320e-03	3.411975e-05	7.062591e-04	6.585311e-04	3.411975e-05	-3.411975e-05	3.874041e-03	-4.828599e-03
105           	1.364795e-03	1.438174e-20	-9.545735e-04	2.386434e-05	4.351349e-03	3.411988e-05	7.062619e-04	6.585332e-04	3.411988e-05	-3.411988e-05	3.874062e-03	-4.828636e-03
106           	1.364802e-03	1.438242e-20	-9.545929e-04	2.386482e-05	4.351392e-03	3.412006e-05	7.062660e-04	6.585364e-04	3.412006e-05	-3.412006e-05	3.874096e-03	-4.828688e-03
107           	1.364811e-03	1.438314e-20	-9.546173e-04	2.386543e-05	4.351448e-03	3.412027e-05	7.062708e-04	6.585400e-04	3.412027e-05	-3.412027e-05	3.874139e-03	-4.828756e-03
108           	1.364821e-03	1.438405e-20	-9.546459e-04	2.386615e-05	4.351514e-03	3.412051e-05	7.062764e-04	6.585441e-04	3.412051e-05	-3.412051e-05	3.874191e-03	-4.828837e-03
109           	1.364831e-03	1.438431e-20	-9.546793e-04	2.386698e-05	4.351593e-03	3.412079e-05	7.062827e-04	6.585487e-04	3.412079e-05	-3.412079e-05	3.874254e-03	-4.828933e-03
110           	1.364842e-03	1.438451e-20	-9.547158e-04	2.386790e-05	4.351679e-03	3.412106e-05	7.062891e-04	6.585533e-04	3.412106e-05	-3.412106e-05	3.874321e-03	-4.829037e-03
111           	1.364854e-03	1.438526e-20	-9.547555e-04	2.386889e-05	4.351771e-03	3.412134e-05	7.062957e-04	6.585579e-04	3.412134e-05	-3.412134e-05	3.874394e-03	-4.829149e-03
112           	1.364866e-03	1.438615e-20	-9.548007e-04	2.387002e-05	4.351877e-03	3.412164e-05	7.063028e-04	6.585627e-04	3.412164e-05	-3.412164e-05	3.874477e-03	-4.829277e-03
113           	1.364880e-03	1.438658e-20	-9.548516e-04	2.387129e-05	4.351999e-03	3.412199e-05	7.063111e-04	6.585685e-04	3.412199e-05	-3.412199e-05	3.874573e-03	-4.829424e-03
114           	1.364894e-03	1.438703e-20	-9.549006e-04	2.387252e-05	4.352117e-03	3.412234e-05	7.063193e-04	6.585743e-04	3.412234e-05	-3.412234e-05	3.874667e-03	-4.829567e-03
115           	1.364907e-03	1.438785e-20	-9.549476e-04	2.387369e-05	4.352229e-03	3.412267e-05	7.063271e-04	6.585797e-04	3.412267e-05	-3.412267e-05	3.874755e-03	-4.829703e-03
116           	1.364919e-03	1.438869e-20	-9.549946e-04	2.387486e-05	4.352339e-03	3.412296e-05	7.063342e-04	6.585844e-04	3.412296e-05	-3.412296e-05	3.874842e-03	-4.829836e-03
117           	1.364930e-03	1.438950e-20	-9.550437e-04	2.387609e-05	4.352453e-03	3.412325e-05	7.063410e-04	6.585888e-04	3.412325e-05	-3.412325e-05	3.874931e-03	-4.829974e-03
118           	1.364941e-03	1.439031e-20	-9.550925e-04	2.387731e-05	4.352565e-03	3.412351e-05	7.063476e-04	6.585930e-04	3.412351e-05	-3.412351e-05	3.875018e-03	-4.830111e-03
119           	1.364951e-03	1.439111e-20	-9.551415e-04	2.387854e-05	4.352676e-03	3.412376e-05	7.063538e-04	6.585967e-04	3.412376e-05	-3.412376e-05	3.875105e-03	-4.830247e-03
120           	1.364960e-03	1.439188e-20	-9.551910e-04	2.387978e-05	4.352788e-03	3.412400e-05	7.063597e-04	6.586002e-04	3.412400e-05	-3.412400e-05	3.875192e-03	-4.830383e-03
121           	1.364970e-03	1.439270e-20	-9.552433e-04	2.388108e-05	4.352906e-03	3.412424e-05	7.063660e-04	6.586038e-04	3.412424e-05	-3.412424e-05	3.875285e-03	-4.830528e-03
122           	1.364980e-03	1.439320e-20	-9.552963e-04	2.388241e-05	4.353027e-03	3.412450e-05	7.063724e-04	6.586076e-04	3.412450e-05	-3.412450e-05	3.875379e-03	-4.830675e-03
123           	1.364990e-03	1.439366e-20	-9.553490e-04	2.388373e-05	4.353147e-03	3.412475e-05	7.063787e-04	6.586112e-04	3.412475e-05	-3.412475e-05	3.875473e-03	-4.830822e-03
124           	1.364999e-03	1.439407e-20	-9.554009e-04	2.388502e-05	4.353265e-03	3.412498e-05	7.063847e-04	6.586147e-04	3.412498e-05	-3.412498e-05	3.875564e-03	-4.830965e-03
125           	1.365009e-03	1.439447e-20	-9.554531e-04	2.388633e-05	4.353383e-03	3.412522e-05	7.063907e-04	6.586180e-04	3.412522e-05	-3.412522e-05	3.875656e-03	-4.831109e-03
126           	1.365017e-03	1.439485e-20	-9.555040e-04	2.388760e-05	4.353496e-03	3.412543e-05	7.063961e-04	6.586209e-04	3.412543e-05	-3.412543e-05	3.875744e-03	-4.831248e-03
127           	1.365025e-03	1.439522e-20	-9.555547e-04	2.388887e-05	4.353610e-03	3.412563e-05	7.064016e-04	6.586238e-04	3.412563e-05	-3.412563e-05	3.875833e-03	-4.831387e-03
128           	1.365034e-03	1.439558e-20	-9.556049e-04	2.389012e-05	4.353723e-03	3.412584e-05	7.064069e-04	6.586267e-04	3.412584e-05	-3.412584e-05	3.875920e-03	-4.831525e-03
129           	1.365041e-03	1.439592e-20	-9.556518e-04	2.389130e-05	4.353827e-03	3.412601e-05	7.064116e-04	6.586290e-04	3.412601e-05	-3.412601e-05	3.876001e-03	-4.831653e-03
130           	1.365047e-03	1.439639e-20	-9.556978e-04	2.389244e-05	4.353928e-03	3.412617e-05	7.064159e-04	6.586310e-04	3.412617e-05	-3.412617e-05	3.876079e-03	-4.831777e-03
131           	1.365053e-03	1.439696e-20	-9.557439e-04	2.389360e-05	4.354029e-03	3.412634e-05	7.064203e-04	6.586331e-04	3.412634e-05	-3.412634e-05	3.876157e-03	-4.831901e-03
132           	1.365059e-03	1.439724e-20	-9.557870e-04	2.389467e-05	4.354124e-03	3.412648e-05	7.064243e-04	6.586350e-04	3.412648e-05	-3.412648e-05	3.876231e-03	-4.832018e-03
133           	1.365064e-03	1.439771e-20	-9.558275e-04	2.389569e-05	4.354212e-03	3.412661e-05	7.064278e-04	6.586365e-04	3.412661e-05	-3.412661e-05	3.876298e-03	-4.832126e-03
134           	1.365069e-03	1.439820e-20	-9.558675e-04	2.389669e-05	4.354298e-03	3.412672e-05	7.064312e-04	6.586378e-04	3.412672e-05	-3.412672e-05	3.876365e-03	-4.832232e-03
135           	1.365073e-03	1.439844e-20	-9.559040e-04	2.389760e-05	4.354376e-03	3.412682e-05	7.064340e-04	6.586388e-04	3.412682e-05	-3.412682e-05	3.876424e-03	-4.832328e-03
136           	1.365076e-03	1.439883e-20	-9.559379e-04	2.389845e-05	4.354448e-03	3.412689e-05	7.064363e-04	6.586394e-04	3.412689e-05	-3.412689e-05	3.876479e-03	-4.832417e-03
137           	1.365078e-03	1.439919e-20	-9.559704e-04	2.389926e-05	4.354515e-03	3.412696e-05	7.064384e-04	6.586399e-04	3.412696e-05	-3.412696e-05	3.876530e-03	-4.832500e-03
138           	1.365080e-03	1.439952e-20	-9.560009e-04	2.390002e-05	4.354578e-03	3.412701e-05	7.064402e-04	6.586401e-04	3.412701e-05	-3.412701e-05	3.876578e-03	-4.832579e-03
139           	1.365082e-03	1.439983e-20	-9.560298e-04	2.390074e-05	4.354637e-03	3.412705e-05	7.064417e-04	6.586402e-04	3.412705e-05	-3.412705e-05	3.876622e-03	-4.832652e-03
140           	1.365083e-03	1.440011e-20	-9.560571e-04	2.390143e-05	4.354693e-03	3.412708e-05	7.064431e-04	6.586403e-04	3.412708e-05	-3.412708e-05	3.876665e-03	-4.832722e-03
141           	1.365085e-03	1.440037e-20	-9.560828e-04	2.390207e-05	4.354745e-03	3.412711e-05	7.064443e-04	6.586402e-04	3.412711e-05	-3.412711e-05	3.876704e-03	-4.832787e-03
142           	1.365085e-03	1.440061e-20	-9.561068e-04	2.390267e-05	4.354793e-03	3.412714e-05	7.064454e-04	6.586400e-04	3.412714e-05	-3.412714e-05	3.876740e-03	-4.832847e-03
143           	1.365086e-03	1.440083e-20	-9.561292e-04	2.390323e-05	4.354838e-03	3.412715e-05	7.064463e-04	6.586399e-04	3.412715e-05	-3.412715e-05	3.876774e-03	-4.832903e-03
144           	1.365087e-03	1.440102e-20	-9.561506e-04	2.390377e-05	4.354881e-03	3.412717e-05	7.064472e-04	6.586397e-04	3.412717e-05	-3.412717e-05	3.876806e-03	-4.832957e-03
145           	1.365088e-03	1.440121e-20	-9.561704e-04	2.390426e-05	4.354921e-03	3.412719e-05	7.064480e-04	6.586395e-04	3.412719e-05	-3.412719e-05	3.876836e-03	-4.833006e-03
146           	1.365088e-03	1.440138e-20	-9.561883e-04	2.390471e-05	4.354957e-03	3.412720e-05	7.064487e-04	6.586393e-04	3.412720e-05	-3.412720e-05	3.876862e-03	-4.833051e-03
147           	1.365088e-03	1.440153e-20	-9.562039e-04	2.390510e-05	4.354986e-03	3.412720e-05	7.064490e-04	6.586389e-04	3.412720e-05	-3.412720e-05	3.876885e-03	-4.833088e-03
148           	1.365088e-03	1.440167e-20	-9.562183e-04	2.390546e-05	4.355014e-03	3.412719e-05	7.064493e-04	6.586384e-04	3.412719e-05	-3.412719e-05	3.876905e-03	-4.833123e-03
149           	1.365088e-03	1.440180e-20	-9.562316e-04	2.390579e-05	4.355040e-03	3.412719e-05	7.064496e-04	6.586380e-04	3.412719e-05	-3.412719e-05	3.876924e-03	-4.833155e-03
150           	1.365087e-03	1.440190e-20	-9.562430e-04	2.390607e-05	4.355060e-03	3.412718e-05	7.064496e-04	6.586375e-04	3.412718e-05	-3.412718e-05	3.876939e-03	-4.833182e-03
151           	1.365086e-03	1.440205e-20	-9.562528e-04	2.390632e-05	4.355077e-03	3.412715e-05	7.064494e-04	6.586368e-04	3.412715e-05	-3.412715e-05	3.876951e-03	-4.833204e-03
152           	1.365085e-03	1.440219e-20	-9.562620e-04	2.390655e-05	4.355093e-03	3.412713e-05	7.064492e-04	6.586361e-04	3.412713e-05	-3.412713e-05	3.876962e-03	-4.833224e-03
153           	1.365084e-03	1.440233e-20	-9.562698e-04	2.390674e-05	4.355106e-03	3.412710e-05	7.064488e-04	6.586353e-04	3.412710e-05	-3.412710e-05	3.876971e-03	-4.833241e-03
154           	1.365083e-03	1.440246e-20	-9.562761e-04	2.390690e-05	4.355116e-03	3.412707e-05	7.064483e-04	6.586345e-04	3.412707e-05	-3.412707e-05	3.876978e-03	-4.833254e-03
155           	1.365081e-03	1.440257e-20	-9.562815e-04	2.390704e-05	4.355123e-03	3.412704e-05	7.064478e-04	6.586337e-04	3.412704e-05	-3.412704e-05	3.876982e-03	-4.833264e-03
156           	1.365081e-03	1.440268e-20	-9.562870e-04	2.390717e-05	4.355132e-03	3.412701e-05	7.064475e-04	6.586331e-04	3.412701e-05	-3.412701e-05	3.876989e-03	-4.833276e-03
157           	1.365080e-03	1.440274e-20	-9.562914e-04	2.390729e-05	4.355139e-03	3.412699e-05	7.064471e-04	6.586326e-04	3.412699e-05	-3.412699e-05	3.876993e-03	-4.833285e-03
158           	1.365079e-03	1.440278e-20	-9.562948e-04	2.390737e-05	4.355143e-03	3.412696e-05	7.064467e-04	6.586319e-04	3.412696e-05	-3.412696e-05	3.876996e-03	-4.833290e-03
159           	1.365077e-03	1.440282e-20	-9.562976e-04	2.390744e-05	4.355146e-03	3.412694e-05	7.064461e-04	6.586313e-04	3.412694e-05	-3.412694e-05	3.876997e-03	-4.833295e-03
160           	1.365076e-03	1.440285e-20	-9.563001e-04	2.390750e-05	4.355148e-03	3.412691e-05	7.064456e-04	6.586306e-04	3.412691e-05	-3.412691e-05	3.876998e-03	-4.833299e-03
161           	1.365075e-03	1.440287e-20	-9.563024e-04	2.390756e-05	4.355151e-03	3.412688e-05	7.064452e-04	6.586300e-04	3.412688e-05	-3.412688e-05	3.876999e-03	-4.833302e-03
162           	1.365074e-03	1.440289e-20	-9.563043e-04	2.390761e-05	4.355152e-03	3.412685e-05	7.064447e-04	6.586295e-04	3.412685e-05	-3.412685e-05	3.877000e-03	-4.833304e-03
163           	1.365073e-03	1.440290e-20	-9.563060e-04	2.390765e-05	4.355154e-03	3.412683e-05	7.064443e-04	6.586290e-04	3.412683e-05	-3.412683e-05	3.877001e-03	-4.833307e-03
164           	1.365072e-03	1.440292e-20	-9.563075e-04	2.390769e-05	4.355155e-03	3.412681e-05	7.064439e-04	6.586285e-04	3.412681e-05	-3.412681e-05	3.877001e-03	-4.833309e-03
165           	1.365071e-03	1.440293e-20	-9.563086e-04	2.390772e-05	4.355155e-03	3.412678e-05	7.064434e-04	6.586280e-04	3.412678e-05	-3.412678e-05	3.877001e-03	-4.833309e-03
166           	1.365071e-03	1.440294e-20	-9.563095e-04	2.390774e-05	4.355155e-03	3.412676e-05	7.064430e-04	6.586275e-04	3.412676e-05	-3.412676e-05	3.877000e-03	-4.833310e-03
167           	1.365070e-03	1.440295e-20	-9.563100e-04	2.390775e-05	4.355154e-03	3.412674e-05	7.064426e-04	6.586271e-04	3.412674e-05	-3.412674e-05	3.876999e-03	-4.833309e-03
168           	1.365069e-03	1.440295e-20	-9.563101e-04	2.390775e-05	4.355152e-03	3.412672e-05	7.064422e-04	6.586267e-04	3.412672e-05	-3.412672e-05	3.876997e-03	-4.833308e-03
169           	1.365068e-03	1.440295e-20	-9.563100e-04	2.390775e-05	4.355151e-03	3.412670e-05	7.064418e-04	6.586263e-04	3.412670e-05	-3.412670e-05	3.876996e-03	-4.833306e-03
170           	1.365067e-03	1.440295e-20	-9.563098e-04	2.390775e-05	4.355149e-03	3.412669e-05	7.064415e-04	6.586260e-04	3.412669e-05	-3.412669e-05	3.876994e-03	-4.833304e-03
171           	1.365067e-03	1.440295e-20	-9.563095e-04	2.390774e-05	4.355147e-03	3.412667e-05	7.064411e-04	6.586256e-04	3.412667e-05	-3.412667e-05	3.876992e-03	-4.833301e-03
172           	1.365066e-03	1.440295e-20	-9.563092e-04	2.390773e-05	4.355145e-03	3.412665e-05	7.064408e-04	6.586253e-04	3.412665e-05	-3.412665e-05	3.876990e-03	-4.833299e-03
173           	1.365066e-03	1.440295e-20	-9.563089e-04	2.390772e-05	4.355143e-03	3.412664e-05	7.064405e-04	6.586251e-04	3.412664e-05	-3.412664e-05	3.876988e-03	-4.833297e-03
174           	1.365065e-03	1.440295e-20	-9.563087e-04	2.390772e-05	4.355141e-03	3.412663e-05	7.064403e-04	6.586248e-04	3.412663e-05	-3.412663e-05	3.876987e-03	-4.833296e-03
175           	1.365065e-03	1.440295e-20	-9.563085e-04	2.390771e-05	4.355140e-03	3.412662e-05	7.064401e-04	6.586246e-04	3.412662e-05	-3.412662e-05	3.876986e-03	-4.833294e-03
176           	1.365064e-03	1.440295e-20	-9.563083e-04	2.390771e-05	4.355139e-03	3.412661e-05	7.064399e-04	6.586245e-04	3.412661e-05	-3.412661e-05	3.876985e-03	-4.833293e-03
177           	1.365064e-03	1.440296e-20	-9.563080e-04	2.390770e-05	4.355138e-03	3.412660e-05	7.064397e-04	6.586243e-04	3.412660e-05	-3.412660e-05	3.876984e-03	-4.833292e-03
178           	1.365064e-03	1.440296e-20	-9.563078e-04	2.390769e-05	4.355137e-03	3.412659e-05	7.064396e-04	6.586242e-04	3.412659e-05	-3.412659e-05	3.876983e-03	-4.833290e-03
179           	1.365064e-03	1.440296e-20	-9.563075e-04	2.390769e-05	4.355136e-03	3.412659e-05	7.064395e-04	6.586241e-04	3.412659e-05	-3.412659e-05	3.876982e-03	-4.833289e-03
180           	1.365063e-03	1.440296e-20	-9.563075e-04	2.390769e-05	4.355135e-03	3.412659e-05	7.064394e-04	6.586240e-04	3.412659e-05	-3.412659e-05	3.876981e-03	-4.833289e-03
181           	1.365063e-03	1.440295e-20	-9.563076e-04	2.390769e-05	4.355135e-03	3.412658e-05	7.064394e-04	6.586240e-04	3.412658e-05	-3.412658e-05	3.876981e-03	-4.833289e-03
182           	1.365063e-03	1.440294e-20	-9.563079e-04	2.390770e-05	4.355136e-03	3.412658e-05	7.064394e-04	6.586240e-04	3.412658e-05	-3.412658e-05	3.876982e-03	-4.833290e-03
183           	1.365063e-03	1.440293e-20	-9.563082e-04	2.390771e-05	4.355137e-03	3.412659e-05	7.064395e-04	6.586240e-04	3.412659e-05	-3.412659e-05	3.876982e-03	-4.833291e-03
184           	1.365064e-03	1.440293e-20	-9.563086e-04	2.390772e-05	4.355137e-03	3.412659e-05	7.064395e-04	6.586241e-04	3.412659e-05	-3.412659e-05	3.876983e-03	-4.833292e-03
185           	1.365064e-03	1.440292e-20	-9.563092e-04	2.390773e-05	4.355139e-03	3.412659e-05	7.064396e-04	6.586241e-04	3.412659e-05	-3.412659e-05	3.876984e-03	-4.833293e-03
186           	1.365064e-03	1.440292e-20	-9.563098e-04	2.390775e-05	4.355140e-03	3.412660e-05	7.064397e-04	6.586242e-04	3.412660e-05	-3.412660e-05	3.876985e-03	-4.833295e-03
187           	1.365064e-03	1.440292e-20	-9.563105e-04	2.390776e-05	4.355142e-03	3.412660e-05	7.064399e-04	6.586243e-04	3.412660e-05	-3.412660e-05	3.876987e-03	-4.833297e-03
188           	1.365064e-03	1.440292e-20	-9.563111e-04	2.390778e-05	4.355144e-03	3.412661e-05	7.064400e-04	6.586244e-04	3.412661e-05	-3.412661e-05	3.876988e-03	-4.833299e-03
189           	1.365065e-03	1.440293e-20	-9.563118e-04	2.390780e-05	4.355146e-03	3.412662e-05	7.064401e-04	6.586245e-04	3.412662e-05	-3.412662e-05	3.876990e-03	-4.833301e-03
190           	1.365065e-03	1.440294e-20	-9.563126e-04	2.390781e-05	4.355147e-03	3.412662e-05	7.064403e-04	6.586247e-04	3.412662e-05	-3.412662e-05	3.876991e-03	-4.833304e-03
191           	1.365065e-03	1.440295e-20	-9.563134e-04	2.390783e-05	4.355150e-03	3.412663e-05	7.064404e-04	6.586248e-04	3.412663e-05	-3.412663e-05	3.876993e-03	-4.833306e-03
192           	1.365065e-03	1.440296e-20	-9.563142e-04	2.390786e-05	4.355152e-03	3.412664e-05	7.064406e-04	6.586249e-04	3.412664e-05	-3.412664e-05	3.876995e-03	-4.833309e-03
193           	1.365066e-03	1.440298e-20	-9.563151e-04	2.390788e-05	4.355154e-03	3.412664e-05	7.064408e-04	6.586250e-04	3.412664e-05	-3.412664e-05	3.876996e-03	-4.833312e-03
194           	1.365066e-03	1.440299e-20	-9.563159e-04	2.390790e-05	4.355156e-03	3.412665e-05	7.064409e-04	6.586251e-04	3.412665e-05	-3.412665e-05	3.876998e-03	-4.833314e-03
195           	1.365066e-03	1.440301e-20	-9.563167e-04	2.390792e-05	4.355158e-03	3.412666e-05	7.064410e-04	6.586252e-04	3.412666e-05	-3.412666e-05	3.876999e-03	-4.833316e-03
196           	1.365066e-03	1.440303e-20	-9.563175e-04	2.390794e-05	4.355160e-03	3.412666e-05	7.064412e-04	6.586253e-04	3.412666e-05	-3.412666e-05	3.877001e-03	-4.833319e-03
197           	1.365067e-03	1.440305e-20	-9.563184e-04	2.390796e-05	4.355162e-03	3.412667e-05	7.064413e-04	6.586254e-04	3.412667e-05	-3.412667e-05	3.877003e-03	-4.833321e-03
198           	1.365067e-03	1.440308e-20	-9.563193e-04	2.390798e-05	4.355164e-03	3.412667e-05	7.064414e-04	6.586254e-04	3.412667e-05	-3.412667e-05	3.877004e-03	-4.833324e-03
199           	1.365067e-03	1.440310e-20	-9.563202e-04	2.390801e-05	4.355166e-03	3.412668e-05	7.064415e-04	6.586255e-04	3.412668e-05	-3.412668e-05	3.877006e-03	-4.833326e-03
200           	1.365067e-03	1.440312e-20	-9.563212e-04	2.390803e-05	4.355169e-03	3.412668e-05	7.064417e-04	6.586256e-04	3.412668e-05	-3.412668e-05	3.877008e-03	-4.833329e-03
201           	1.365068e-03	1.440315e-20	-9.563224e-04	2.390806e-05	4.355172e-03	3.412669e-05	7.064418e-04	6.586257e-04	3.412669e-05	-3.412669e-05	3.877010e-03	-4.833333e-03
202           	1.365068e-03	1.440316e-20	-9.563235e-04	2.390809e-05	4.355174e-03	3.412670e-05	7.064420e-04	6.586258e-04	3.412670e-05	-3.412670e-05	3.877013e-03	-4.833336e-03
203           	1.365068e-03	1.440318e-20	-9.563246e-04	2.390812e-05	4.355177e-03	3.412670e-05	7.064422e-04	6.586259e-04	3.412670e-05	-3.412670e-05	3.877015e-03	-4.833339e-03
204           	1.365068e-03	1.440319e-20	-9.563258e-04	2.390814e-05	4.355180e-03	3.412671e-05	7.064423e-04	6.586260e-04	3.412671e-05	-3.412671e-05	3.877017e-03	-4.833343e-03
205           	1.365069e-03	1.440321e-20	-9.563269e-04	2.390817e-05	4.355182e-03	3.412671e-05	7.064425e-04	6.586261e-04	3.412671e-05	-3.412671e-05	3.877019e-03	-4.833346e-03
206           	1.365069e-03	1.440322e-20	-9.563279e-04	2.390820e-05	4.355185e-03	3.412672e-05	7.064426e-04	6.586262e-04	3.412672e-05	-3.412672e-05	3.877021e-03	-4.833349e-03
207           	1.365069e-03	1.440323e-20	-9.563290e-04	2.390823e-05	4.355187e-03	3.412673e-05	7.064427e-04	6.586263e-04	3.412673e-05	-3.412673e-05	3.877023e-03	-4.833352e-03
208           	1.365069e-03	1.440325e-20	-9.563301e-04	2.390825e-05	4.355190e-03	3.412673e-05	7.064429e-04	6.586263e-04	3.412673e-05	-3.412673e-05	3.877025e-03	-4.833355e-03
209           	1.365069e-03	1.440326e-20	-9.563311e-04	2.390828e-05	4.355192e-03	3.412673e-05	7.064430e-04	6.586264e-04	3.412673e-05	-3.412673e-05	3.877027e-03	-4.833358e-03
210           	1.365070e-03	1.440327e-20	-9.563320e-04	2.390830e-05	4.355194e-03	3.412674e-05	7.064431e-04	6.586265e-04	3.412674e-05	-3.412674e-05	3.877028e-03	-4.833360e-03
211           	1.365070e-03	1.440328e-20	-9.563330e-04	2.390832e-05	4.355197e-03	3.412674e-05	7.064432e-04	6.586265e-04	3.412674e-05	-3.412674e-05	3.877030e-03	-4.833363e-03
212           	1.365070e-03	1.440329e-20	-9.563339e-04	2.390835e-05	4.355199e-03	3.412675e-05	7.064433e-04	6.586266e-04	3.412675e-05	-3.412675e-05	3.877032e-03	-4.833366e-03
213           	1.365070e-03	1.440330e-20	-9.563348e-04	2.390837e-05	4.355201e-03	3.412675e-05	7.064433e-04	6.586266e-04	3.412675e-05	-3.412675e-05	3.877033e-03	-4.833368e-03
214           	1.365070e-03	1.440331e-20	-9.563356e-04	2.390839e-05	4.355202e-03	3.412675e-05	7.064434e-04	6.586266e-04	3.412675e-05	-3.412675e-05	3.877035e-03	-4.833370e-03
215           	1.365070e-03	1.440332e-20	-9.563363e-04	2.390841e-05	4.355204e-03	3.412675e-05	7.064435e-04	6.586266e-04	3.412675e-05	-3.412675e-05	3.877036e-03	-4.833372e-03
216           	1.365070e-03	1.440333e-20	-9.563371e-04	2.390843e-05	4.355206e-03	3.412675e-05	7.064435e-04	6.586267e-04	3.412675e-05	-3.412675e-05	3.877037e-03	-4.833374e-03
217           	1.365070e-03	1.440334e-20	-9.563378e-04	2.390844e-05	4.355207e-03	3.412676e-05	7.064436e-04	6.586267e-04	3.412676e-05	-3.412676e-05	3.877038e-03	-4.833376e-03
218           	1.365070e-03	1.440335e-20	-9.563384e-04	2.390846e-05	4.355208e-03	3.412676e-05	7.064436e-04	6.586267e-04	3.412676e-05	-3.412676e-05	3.877039e-03	-4.833378e-03
219           	1.365070e-03	1.440335e-20	-9.563390e-04	2.390848e-05	4.355210e-03	3.412676e-05	7.064436e-04	6.586267e-04	3.412676e-05	-3.412676e-05	3.877040e-03	-4.833379e-03
220           	1.365070e-03	1.440336e-20	-9.563396e-04	2.390849e-05	4.355211e-03	3.412676e-05	7.064436e-04	6.586267e-04	3.412676e-05	-3.412676e-05	3.877041e-03	-4.833381e-03
221           	1.365070e-03	1.440336e-20	-9.563402e-04	2.390850e-05	4.355212e-03	3.412676e-05	7.064437e-04	6.586267e-04	3.412676e-05	-3.412676e-05	3.877042e-03	-4.833382e-03
222           	1.365070e-03	1.440337e-20	-9.563407e-04	2.390852e-05	4.355213e-03	3.412676e-05	7.064437e-04	6.586267e-04	3.412676e-05	-3.412676e-05	3.877043e-03	-4.833383e-03
223           	1.365070e-03	1.440337e-20	-9.563411e-04	2.390853e-05	4.355214e-03	3.412676e-05	7.064437e-04	6.586266e-04	3.412676e-05	-3.412676e-05	3.877043e-03	-4.833385e-03
224           	1.365070e-03	1.440337e-20	-9.563416e-04	2.390854e-05	4.355215e-03	3.412676e-05	7.064437e-04	6.586266e-04	3.412676e-05	-3.412676e-05	3.877044e-03	-4.833386e-03
225           	1.365070e-03	1.440338e-20	-9.563420e-04	2.390855e-05	4.355216e-03	3.412676e-05	7.064437e-04	6.586266e-04	3.412676e-05	-3.412676e-05	3.877045e-03	-4.833387e-03
226           	1.365070e-03	1.440338e-20	-9.563423e-04	2.390856e-05	4.355216e-03	3.412676e-05	7.064437e-04	6.586266e-04	3.412676e-05	-3.412676e-05	3.877045e-03	-4.833388e-03
227           	1.365070e-03	1.440338e-20	-9.563427e-04	2.390857e-05	4.355217e-03	3.412676e-05	7.064437e-04	6.586266e-04	3.412676e-05	-3.412676e-05	3.877046e-03	-4.833389e-03
228           	1.365070e-03	1.440338e-20	-9.563431e-04	2.390858e-05	4.355218e-03	3.412676e-05	7.064438e-04	6.586266e-04	3.412676e-05	-3.412676e-05	3.877046e-03	-4.833390e-03
229           	1.365070e-03	1.440338e-20	-9.563434e-04	2.390859e-05	4.355219e-03	3.412676e-05	7.064438e-04	6.586266e-04	3.412676e-05	-3.412676e-05	3.877047e-03	-4.833390e-03
230           	1.365070e-03	1.440337e-20	-9.563437e-04	2.390859e-05	4.355219e-03	3.412676e-05	7.064438e-04	6.586266e-04	3.412676e-05	-3.412676e-05	3.877047e-03	-4.833391e-03
231           	1.365070e-03	1.440337e-20	-9.563439e-04	2.390860e-05	4.355220e-03	3.412676e-05	7.064438e-04	6.586266e-04	3.412676e-05	-3.412676e-05	3.877048e-03	-4.833392e-03
232           	1.365070e-03	1.440336e-20	-9.563441e-04	2.390860e-05	4.355220e-03	3.412676e-05	7.064438e-04	6.586266e-04	3.412676e-05	-3.412676e-05	3.877048e-03	-4.833392e-03
233           	1.365070e-03	1.440336e-20	-9.563443e-04	2.390861e-05	4.355220e-03	3.412676e-05	7.064438e-04	6.586266e-04	3.412676e-05	-3.412676e-05	3.877048e-03	-4.833393e-03
234           	1.365070e-03	1.440336e-20	-9.563444e-04	2.390861e-05	4.355221e-03	3.412676e-05	7.064438e-04	6.586266e-04	3.412676e-05	-3.412676e-05	3.877048e-03	-4.833393e-03
235           	1.365070e-03	1.440335e-20	-9.563445e-04	2.390861e-05	4.355221e-03	3.412676e-05	7.064438e-04	6.586266e-04	3.412676e-05	-3.412676e-05	3.877049e-03	-4.833393e-03
236           	1.365070e-03	1.440335e-20	-9.563446e-04	2.390861e-05	4.355221e-03	3.412676e-05	7.064438e-04	6.586266e-04	3.412676e-05	-3.412676e-05	3.877049e-03	-4.833393e-03
237           	1.365070e-03	1.440335e-20	-9.563446e-04	2.390862e-05	4.355221e-03	3.412676e-05	7.064438e-04	6.586266e-04	3.412676e-05	-3.412676e-05	3.877049e-03	-4.833393e-03
238           	1.365070e-03	1.440335e-20	-9.563447e-04	2.390862e-05	4.355221e-03	3.412676e-05	7.064438e-04	6.586265e-04	3.412676e-05	-3.412676e-05	3.877049e-03	-4.833393e-03
239           	1.365070e-03	1.440335e-20	-9.563447e-04	2.390862e-05	4.355221e-03	3.412676e-05	7.064438e-04	6.586265e-04	3.412676e-05	-3.412676e-05	3.877049e-03	-4.833393e-03
240           	1.365070e-03	1.440335e-20	-9.563447e-04	2.390862e-05	4.355221e-03	3.412676e-05	7.064437e-04	6.586265e-04	3.412676e-05	-3.412676e-05	3.877049e-03	-4.833393e-03
241           	1.365070e-03	1.440334e-20	-9.563447e-04	2.390862e-05	4.355221e-03	3.412676e-05	7.064437e-04	6.586265e-04	3.412676e-05	-3.412676e-05	3.877049e-03	-4.833393e-03
242           	1.365070e-03	1.440334e-20	-9.563446e-04	2.390862e-05	4.355221e-03	3.412675e-05	7.064437e-04	6.586265e-04	3.412675e-05	-3.412675e-05	3.877048e-03	-4.833393e-03
243           	1.365070e-03	1.440334e-20	-9.563446e-04	2.390861e-05	4.355221e-03	3.412675e-05	7.064437e-04	6.586265e-04	3.412675e-05	-3.412675e-05	3.877048e-03	-4.833393e-03
244           	1.365070e-03	1.440334e-20	-9.563445e-04	2.390861e-05	4.355220e-03	3.412675e-05	7.064437e-04	6.586264e-04	3.412675e-05	-3.412675e-05	3.877048e-03	-4.833393e-03
245           	1.365070e-03	1.440334e-20	-9.563445e-04	2.390861e-05	4.355220e-03	3.412675e-05	7.064436e-04	6.586264e-04	3.412675e-05	-3.412675e-05	3.877048e-03	-4.833393e-03
246           	1.365070e-03	1.440334e-20	-9.563444e-04	2.390861e-05	4.355220e-03	3.412675e-05	7.064436e-04	6.586264e-04	3.412675e-05	-3.412675e-05	3.877048e-03	-4.833392e-03
247           	1.365070e-03	1.440334e-20	-9.563444e-04	2.390861e-05	4.355220e-03	3.412675e-05	7.064436e-04	6.586264e-04	3.412675e-05	-3.412675e-05	3.877048e-03	-4.833392e-03
248           	1.365070e-03	1.440334e-20	-9.563443e-04	2.390861e-05	4.355220e-03	3.412675e-05	7.064436e-04	6.586264e-04	3.412675e-05	-3.412675e-05	3.877048e-03	-4.833392e-03
249           	1.365070e-03	1.440334e-20	-9.563442e-04	2.390861e-05	4.355219e-03	3.412675e-05	7.064436e-04	6.586264e-04	3.412675e-05	-3.412675e-05	3.877047e-03	-4.833392e-03
250           	1.365070e-03	1.440334e-20	-9.563442e-04	2.390860e-05	4.355219e-03	3.412675e-05	7.064436e-04	6.586264e-04	3.412675e-05	-3.412675e-05	3.877047e-03	-4.833391e-03
251           	1.365070e-03	1.440334e-20	-9.563441e-04	2.390860e-05	4.355219e-03	3.412675e-05	7.064435e-04	6.586263e-04	3.412675e-05	-3.412675e-05	3.877047e-03	-4.833391e-03
252           	1.365070e-03	1.440333e-20	-9.563440e-04	2.390860e-05	4.355219e-03	3.412675e-05	7.064435e-04	6.586263e-04	3.412675e-05	-3.412675e-05	3.877047e-03	-4.833391e-03
253           	1.365070e-03	1.440333e-20	-9.563439e-04	2.390860e-05	4.355219e-03	3.412675e-05	7.064435e-04	6.586263e-04	3.412675e-05	-3.412675e-05	3.877047e-03	-4.833391e-03
254           	1.365070e-03	1.440333e-20	-9.563439e-04	2.390860e-05	4.355219e-03	3.412675e-05	7.064435e-04	6.586263e-04	3.412675e-05	-3.412675e-05	3.877047e-03	-4.833391e-03
255           	1.365070e-03	1.440333e-20	-9.563438e-04	2.390860e-05	4.355218e-03	3.412675e-05	7.064435e-04	6.586263e-04	3.412675e-05	-3.412675e-05	3.877047e-03	-4.833390e-03
256           	1.365070e-03	1.440333e-20	-9.563437e-04	2.390859e-05	4.355218e-03	3.412675e-05	7.064435e-04	6.586263e-04	3.412675e-05	-3.412675e-05	3.877046e-03	-4.833390e-03
257           	1.365070e-03	1.440333e-20	-9.563437e-04	2.390859e-05	4.355218e-03	3.412674e-05	7.064435e-04	6.586263e-04	3.412674e-05	-3.412674e-05	3.877046e-03	-4.833390e-03
258           	1.365070e-03	1.440333e-20	-9.563436e-04	2.390859e-05	4.355218e-03	3.412674e-05	7.064435e-04	6.586263e-04	3.412674e-05	-3.412674e-05	3.877046e-03	-4.833390e-03
259           	1.365070e-03	1.440333e-20	-9.563436e-04	2.390859e-05	4.355218e-03	3.412674e-05	7.064435e-04	6.586263e-04	3.412674e-05	-3.412674e-05	3.877046e-03	-4.833390e-03
260           	1.365070e-03	1.440333e-20	-9.563435e-04	2.390859e-05	4.355218e-03	3.412674e-05	7.064435e-04	6.586263e-04	3.412674e-05	-3.412674e-05	3.877046e-03	-4.833390e-03
261           	1.365070e-03	1.440333e-20	-9.563435e-04	2.390859e-05	4.355218e-03	3.412674e-05	7.064435e-04	6.586263e-04	3.412674e-05	-3.412674e-05	3.877046e-03	-4.833389e-03
262           	1.365070e-03	1.440333e-20	-9.563434e-04	2.390859e-05	4.355218e-03	3.412674e-05	7.064435e-04	6.586263e-04	3.412674e-05	-3.412674e-05	3.877046e-03	-4.833389e-03
263           	1.365070e-03	1.440333e-20	-9.563434e-04	2.390858e-05	4.355217e-03	3.412674e-05	7.064435e-04	6.586263e-04	3.412674e-05	-3.412674e-05	3.877046e-03	-4.833389e-03
264           	1.365070e-03	1.440333e-20	-9.563433e-04	2.390858e-05	4.355217e-03	3.412674e-05	7.064435e-04	6.586263e-04	3.412674e-05	-3.412674e-05	3.877046e-03	-4.833389e-03
265           	1.365070e-03	1.440333e-20	-9.563433e-04	2.390858e-05	4.355217e-03	3.412674e-05	7.064435e-04	6.586263e-04	3.412674e-05	-3.412674e-05	3.877046e-03	-4.833389e-03
266           	1.365070e-03	1.440333e-20	-9.563432e-04	2.390858e-05	4.355217e-03	3.412674e-05	7.064435e-04	6.586263e-04	3.412674e-05	-3.412674e-05	3.877046e-03	-4.833389e-03
267           	1.365070e-03	1.440333e-20	-9.563432e-04	2.390858e-05	4.355217e-03	3.412674e-05	7.064435e-04	6.586263e-04	3.412674e-05	-3.412674e-05	3.877045e-03	-4.833389e-03
268           	1.365070e-03	1.440333e-20	-9.563431e-04	2.390858e-05	4.355217e-03	3.412674e-05	7.064434e-04	6.586263e-04	3.412674e-05	-3.412674e-05	3.877045e-03	-4.833389e-03
269           	1.365070e-03	1.440333e-20	-9.563431e-04	2.390858e-05	4.355217e-03	3.412674e-05	7.064434e-04	6.586263e-04	3.412674e-05	-3.412674e-05	3.877045e-03	-4.833388e-03
270           	1.365070e-03	1.440333e-20	-9.563431e-04	2.390858e-05	4.355217e-03	3.412674e-05	7.064434e-04	6.586263e-04	3.412674e-05	-3.412674e-05	3.877045e-03	-4.833388e-03
271           	1.365070e-03	1.440333e-20	-9.563430e-04	2.390858e-05	4.355217e-03	3.412674e-05	7.064434e-04	6.586263e-04	3.412674e-05	-3.412674e-05	3.877045e-03	-4.833388e-03
272           	1.365070e-03	1.440333e-20	-9.563430e-04	2.390858e-05	4.355217e-03	3.412674e-05	7.064434e-04	6.586263e-04	3.412674e-05	-3.412674e-05	3.877045e-03	-4.833388e-03
273           	1.365070e-03	1.440333e-20	-9.563430e-04	2.390858e-05	4.355217e-03	3.412674e-05	7.064434e-04	6.586263e-04	3.412674e-05	-3.412674e-05	3.877045e-03	-4.833388e-03
274           	1.365070e-03	1.440333e-20	-9.563430e-04	2.390857e-05	4.355217e-03	3.412674e-05	7.064434e-04	6.586263e-04	3.412674e-05	-3.412674e-05	3.877045e-03	-4.833388e-03
275           	1.365070e-03	1.440333e-20	-9.563430e-04	2.390857e-05	4.355217e-03	3.412674e-05	7.064434e-04	6.586263e-04	3.412674e-05	-3.412674e-05	3.877045e-03	-4.833388e-03
