# Force coefficients
# dragDir     : (1.000000e+00 0.000000e+00 0.000000e+00)
# sideDir     : (0.000000e+00 0.000000e+00 -1.000000e+00)
# liftDir     : (0.000000e+00 1.000000e+00 0.000000e+00)
# rollAxis    : (1.000000e+00 0.000000e+00 0.000000e+00)
# pitchAxis   : (0.000000e+00 0.000000e+00 -1.000000e+00)
# yawAxis     : (0.000000e+00 1.000000e+00 0.000000e+00)
# magUInf     : 2.000000e-02
# lRef        : 1.000000e-01
# Aref        : 1.000000e-01
# CofR        : (0.000000e+00 0.000000e+00 0.000000e+00)
#
# Time        	Cd            	Cs            	Cl            	CmRoll        	CmPitch       	CmYaw         	Cd(f)         	Cd(r)         	Cs(f)         	Cs(r)         	Cl(f)         	Cl(r)         
1             	2.873382e-03	3.005292e-20	-3.303155e-03	8.257887e-05	1.228283e-02	7.183456e-05	1.519270e-03	1.354112e-03	7.183456e-05	-7.183456e-05	1.063125e-02	-1.393441e-02
2             	6.497308e-03	1.496424e-19	-5.038821e-03	1.259705e-04	2.241710e-02	1.624327e-04	3.374624e-03	3.122683e-03	1.624327e-04	-1.624327e-04	1.989768e-02	-2.493651e-02
3             	5.350204e-03	1.094499e-19	-1.744039e-03	4.360098e-05	1.317258e-02	1.337551e-04	2.718703e-03	2.631501e-03	1.337551e-04	-1.337551e-04	1.230056e-02	-1.404460e-02
4             	4.639668e-03	5.054586e-20	-1.236417e-03	3.091042e-05	1.061805e-02	1.159917e-04	2.350744e-03	2.288924e-03	1.159917e-04	-1.159917e-04	9.999846e-03	-1.123626e-02
5             	4.480683e-03	-2.068816e-21	-1.733157e-03	4.332892e-05	1.131496e-02	1.120171e-04	2.283671e-03	2.197013e-03	1.120171e-04	-1.120171e-04	1.044838e-02	-1.218153e-02
6             	4.661576e-03	-2.636460e-20	-2.552009e-03	6.380022e-05	1.337040e-02	1.165394e-04	2.394588e-03	2.266988e-03	1.165394e-04	-1.165394e-04	1.209439e-02	-1.464640e-02
7             	4.744423e-03	-3.325738e-20	-2.897365e-03	7.243412e-05	1.427318e-02	1.186106e-04	2.444646e-03	2.299778e-03	1.186106e-04	-1.186106e-04	1.282450e-02	-1.572186e-02
8             	4.762480e-03	-3.405594e-20	-2.975814e-03	7.439536e-05	1.449375e-02	1.190620e-04	2.455635e-03	2.306845e-03	1.190620e-04	-1.190620e-04	1.300584e-02	-1.598166e-02
9             	4.645476e-03	-2.818050e-20	-2.804989e-03	7.012472e-05	1.391877e-02	1.161369e-04	2.392863e-03	2.252613e-03	1.161369e-04	-1.161369e-04	1.251627e-02	-1.532126e-02
10            	4.520793e-03	-2.493649e-20	-2.653614e-03	6.634035e-05	1.337415e-02	1.130198e-04	2.326737e-03	2.194056e-03	1.130198e-04	-1.130198e-04	1.204735e-02	-1.470096e-02
11            	4.379316e-03	-2.389989e-20	-2.434927e-03	6.087317e-05	1.266381e-02	1.094829e-04	2.250531e-03	2.128785e-03	1.094829e-04	-1.094829e-04	1.144635e-02	-1.388127e-02
12            	4.274845e-03	-2.330459e-20	-2.238621e-03	5.596551e-05	1.207841e-02	1.068711e-04	2.193388e-03	2.081457e-03	1.068711e-04	-1.068711e-04	1.095910e-02	-1.319772e-02
13            	4.181420e-03	-2.353224e-20	-1.990769e-03	4.976924e-05	1.141347e-02	1.045355e-04	2.140479e-03	2.040941e-03	1.045355e-04	-1.045355e-04	1.041809e-02	-1.240886e-02
14            	4.113072e-03	-2.391728e-20	-1.732518e-03	4.331296e-05	1.077261e-02	1.028268e-04	2.099849e-03	2.013223e-03	1.028268e-04	-1.028268e-04	9.906355e-03	-1.163887e-02
15            	4.033145e-03	-2.372509e-20	-1.448883e-03	3.622207e-05	1.005576e-02	1.008286e-04	2.052794e-03	1.980350e-03	1.008286e-04	-1.008286e-04	9.331315e-03	-1.078020e-02
16            	3.946581e-03	-2.279513e-20	-1.168808e-03	2.922021e-05	9.333265e-03	9.866453e-05	2.002511e-03	1.944070e-03	9.866453e-05	-9.866453e-05	8.748861e-03	-9.917669e-03
17            	3.864674e-03	-2.151002e-20	-9.140229e-04	2.285057e-05	8.668927e-03	9.661684e-05	1.955187e-03	1.909486e-03	9.661684e-05	-9.661684e-05	8.211916e-03	-9.125939e-03
18            	3.793387e-03	-2.019393e-20	-6.974745e-04	1.743686e-05	8.101131e-03	9.483467e-05	1.914130e-03	1.879256e-03	9.483467e-05	-9.483467e-05	7.752394e-03	-8.449869e-03
19            	3.733795e-03	-1.893236e-20	-5.231195e-04	1.307799e-05	7.639273e-03	9.334488e-05	1.879976e-03	1.853820e-03	9.334488e-05	-9.334488e-05	7.377713e-03	-7.900832e-03
20            	3.685942e-03	-1.778193e-20	-3.922768e-04	9.806920e-06	7.285518e-03	9.214854e-05	1.852778e-03	1.833164e-03	9.214854e-05	-9.214854e-05	7.089380e-03	-7.481657e-03
21            	3.649942e-03	-1.677400e-20	-3.036831e-04	7.592078e-06	7.037773e-03	9.124854e-05	1.832563e-03	1.817379e-03	9.124854e-05	-9.124854e-05	6.885932e-03	-7.189615e-03
22            	3.624351e-03	-1.592982e-20	-2.523183e-04	6.307958e-06	6.883223e-03	9.060879e-05	1.818484e-03	1.805868e-03	9.060879e-05	-9.060879e-05	6.757063e-03	-7.009382e-03
23            	3.608476e-03	-1.528579e-20	-2.344595e-04	5.861487e-06	6.814066e-03	9.021190e-05	1.810100e-03	1.798377e-03	9.021190e-05	-9.021190e-05	6.696836e-03	-6.931295e-03
24            	3.601164e-03	-1.485923e-20	-2.435734e-04	6.089334e-06	6.815443e-03	9.002909e-05	1.806671e-03	1.794493e-03	9.002909e-05	-9.002909e-05	6.693656e-03	-6.937230e-03
25            	3.601444e-03	-1.460031e-20	-2.734575e-04	6.836437e-06	6.873262e-03	9.003610e-05	1.807559e-03	1.793886e-03	9.003610e-05	-9.003610e-05	6.736534e-03	-7.009991e-03
26            	3.609799e-03	-1.449781e-20	-3.157270e-04	7.893176e-06	6.971475e-03	9.024497e-05	1.812793e-03	1.797006e-03	9.024497e-05	-9.024497e-05	6.813611e-03	-7.129338e-03
27            	3.615078e-03	-1.437931e-20	-3.621736e-04	9.054339e-06	7.072068e-03	9.037695e-05	1.816593e-03	1.798485e-03	9.037695e-05	-9.037695e-05	6.890981e-03	-7.253155e-03
28            	3.630345e-03	-1.443769e-20	-4.229658e-04	1.057414e-05	7.222368e-03	9.075862e-05	1.825747e-03	1.804598e-03	9.075862e-05	-9.075862e-05	7.010886e-03	-7.433851e-03
29            	3.642070e-03	-1.452089e-20	-4.713569e-04	1.178392e-05	7.339944e-03	9.105175e-05	1.832819e-03	1.809251e-03	9.105175e-05	-9.105175e-05	7.104265e-03	-7.575622e-03
30            	3.655091e-03	-1.461721e-20	-5.203759e-04	1.300940e-05	7.461437e-03	9.137729e-05	1.840555e-03	1.814536e-03	9.137729e-05	-9.137729e-05	7.201249e-03	-7.721625e-03
31            	3.666491e-03	-1.467821e-20	-5.626699e-04	1.406675e-05	7.566432e-03	9.166229e-05	1.847312e-03	1.819179e-03	9.166229e-05	-9.166229e-05	7.285097e-03	-7.847767e-03
32            	3.675183e-03	-1.472041e-20	-5.979965e-04	1.494991e-05	7.651965e-03	9.187956e-05	1.852541e-03	1.822641e-03	9.187956e-05	-9.187956e-05	7.352967e-03	-7.950963e-03
33            	3.682169e-03	-1.475149e-20	-6.297738e-04	1.574435e-05	7.727315e-03	9.205423e-05	1.856829e-03	1.825340e-03	9.205423e-05	-9.205423e-05	7.412428e-03	-8.042202e-03
34            	3.687459e-03	-1.476185e-20	-6.585781e-04	1.646445e-05	7.793669e-03	9.218648e-05	1.860194e-03	1.827265e-03	9.218648e-05	-9.218648e-05	7.464380e-03	-8.122958e-03
35            	3.692597e-03	-1.479349e-20	-6.856421e-04	1.714105e-05	7.856659e-03	9.231492e-05	1.863439e-03	1.829157e-03	9.231492e-05	-9.231492e-05	7.513838e-03	-8.199481e-03
36            	3.695814e-03	-1.479751e-20	-7.123691e-04	1.780923e-05	7.915990e-03	9.239535e-05	1.865716e-03	1.830098e-03	9.239535e-05	-9.239535e-05	7.559805e-03	-8.272175e-03
37            	3.700563e-03	-1.481670e-20	-7.388881e-04	1.847220e-05	7.978718e-03	9.251408e-05	1.868754e-03	1.831809e-03	9.251408e-05	-9.251408e-05	7.609274e-03	-8.348163e-03
38            	3.705685e-03	-1.488869e-20	-7.655157e-04	1.913789e-05	8.042892e-03	9.264213e-05	1.871980e-03	1.833705e-03	9.264213e-05	-9.264213e-05	7.660134e-03	-8.425650e-03
39            	3.712434e-03	-1.497372e-20	-7.910501e-04	1.977625e-05	8.108908e-03	9.281086e-05	1.875993e-03	1.836441e-03	9.281086e-05	-9.281086e-05	7.713383e-03	-8.504433e-03
40            	3.718654e-03	-1.507501e-20	-8.107372e-04	2.026843e-05	8.162205e-03	9.296635e-05	1.879595e-03	1.839058e-03	9.296635e-05	-9.296635e-05	7.756836e-03	-8.567573e-03
41            	3.724692e-03	-1.519637e-20	-8.254189e-04	2.063547e-05	8.205249e-03	9.311731e-05	1.882982e-03	1.841711e-03	9.311731e-05	-9.311731e-05	7.792539e-03	-8.617958e-03
42            	3.729719e-03	-1.532186e-20	-8.334855e-04	2.083714e-05	8.232772e-03	9.324297e-05	1.885696e-03	1.844022e-03	9.324297e-05	-9.324297e-05	7.816029e-03	-8.649515e-03
43            	3.733650e-03	-1.543862e-20	-8.354029e-04	2.088507e-05	8.245374e-03	9.334124e-05	1.887710e-03	1.845940e-03	9.334124e-05	-9.334124e-05	7.827673e-03	-8.663076e-03
44            	3.735842e-03	-1.552737e-20	-8.305620e-04	2.076405e-05	8.240382e-03	9.339605e-05	1.888685e-03	1.847157e-03	9.339605e-05	-9.339605e-05	7.825101e-03	-8.655663e-03
45            	3.734859e-03	-1.557051e-20	-8.172720e-04	2.043180e-05	8.211443e-03	9.337146e-05	1.887861e-03	1.846997e-03	9.337146e-05	-9.337146e-05	7.802806e-03	-8.620079e-03
46            	3.731341e-03	-1.553228e-20	-8.038050e-04	2.009512e-05	8.176901e-03	9.328353e-05	1.885766e-03	1.845576e-03	9.328353e-05	-9.328353e-05	7.774998e-03	-8.578803e-03
47            	3.728245e-03	-1.549931e-20	-7.919639e-04	1.979910e-05	8.146594e-03	9.320612e-05	1.883922e-03	1.844323e-03	9.320612e-05	-9.320612e-05	7.750612e-03	-8.542576e-03
48            	3.723080e-03	-1.541107e-20	-7.803288e-04	1.950822e-05	8.112488e-03	9.307700e-05	1.881048e-03	1.842032e-03	9.307700e-05	-9.307700e-05	7.722324e-03	-8.502652e-03
49            	3.719372e-03	-1.534325e-20	-7.747194e-04	1.936798e-05	8.093826e-03	9.298431e-05	1.879054e-03	1.840318e-03	9.298431e-05	-9.298431e-05	7.706466e-03	-8.481186e-03
50            	3.716576e-03	-1.527004e-20	-7.722311e-04	1.930578e-05	8.083625e-03	9.291440e-05	1.877594e-03	1.838982e-03	9.291440e-05	-9.291440e-05	7.697509e-03	-8.469740e-03
51            	3.715310e-03	-1.521195e-20	-7.734160e-04	1.933540e-05	8.084168e-03	9.288274e-05	1.876990e-03	1.838319e-03	9.288274e-05	-9.288274e-05	7.697460e-03	-8.470876e-03
52            	3.715613e-03	-1.518810e-20	-7.767934e-04	1.941983e-05	8.092550e-03	9.289031e-05	1.877226e-03	1.838386e-03	9.289031e-05	-9.289031e-05	7.704153e-03	-8.480946e-03
53            	3.716997e-03	-1.519835e-20	-7.803622e-04	1.950906e-05	8.103452e-03	9.292493e-05	1.878008e-03	1.838989e-03	9.292493e-05	-9.292493e-05	7.713271e-03	-8.493633e-03
54            	3.719309e-03	-1.523645e-20	-7.831008e-04	1.957752e-05	8.114406e-03	9.298272e-05	1.879232e-03	1.840077e-03	9.298272e-05	-9.298272e-05	7.722856e-03	-8.505957e-03
55            	3.721364e-03	-1.529367e-20	-7.825922e-04	1.956481e-05	8.118017e-03	9.303410e-05	1.880247e-03	1.841117e-03	9.303410e-05	-9.303410e-05	7.726721e-03	-8.509313e-03
56            	3.722268e-03	-1.536168e-20	-7.781703e-04	1.945426e-05	8.111036e-03	9.305670e-05	1.880588e-03	1.841680e-03	9.305670e-05	-9.305670e-05	7.721951e-03	-8.500121e-03
57            	3.722079e-03	-1.541740e-20	-7.710044e-04	1.927511e-05	8.096063e-03	9.305197e-05	1.880314e-03	1.841764e-03	9.305197e-05	-9.305197e-05	7.710561e-03	-8.481565e-03
58            	3.720508e-03	-1.542793e-20	-7.621543e-04	1.905386e-05	8.074556e-03	9.301269e-05	1.879308e-03	1.841200e-03	9.301269e-05	-9.301269e-05	7.693478e-03	-8.455633e-03
59            	3.718362e-03	-1.540247e-20	-7.541871e-04	1.885468e-05	8.053534e-03	9.295906e-05	1.878036e-03	1.840327e-03	9.295906e-05	-9.295906e-05	7.676441e-03	-8.430628e-03
60            	3.715574e-03	-1.535232e-20	-7.474348e-04	1.868587e-05	8.033682e-03	9.288934e-05	1.876473e-03	1.839101e-03	9.288934e-05	-9.288934e-05	7.659964e-03	-8.407399e-03
61            	3.712736e-03	-1.529322e-20	-7.433420e-04	1.858355e-05	8.019232e-03	9.281841e-05	1.874952e-03	1.837785e-03	9.281841e-05	-9.281841e-05	7.647561e-03	-8.390903e-03
62            	3.710525e-03	-1.522862e-20	-7.429291e-04	1.857323e-05	8.013701e-03	9.276312e-05	1.873836e-03	1.836689e-03	9.276312e-05	-9.276312e-05	7.642236e-03	-8.385165e-03
63            	3.709660e-03	-1.517186e-20	-7.464952e-04	1.866238e-05	8.019209e-03	9.274149e-05	1.873492e-03	1.836167e-03	9.274149e-05	-9.274149e-05	7.645961e-03	-8.392456e-03
64            	3.710145e-03	-1.514185e-20	-7.524750e-04	1.881187e-05	8.032585e-03	9.275363e-05	1.873884e-03	1.836261e-03	9.275363e-05	-9.275363e-05	7.656347e-03	-8.408822e-03
65            	3.711573e-03	-1.514595e-20	-7.589133e-04	1.897283e-05	8.048889e-03	9.278934e-05	1.874760e-03	1.836814e-03	9.278934e-05	-9.278934e-05	7.669432e-03	-8.428346e-03
66            	3.713700e-03	-1.517606e-20	-7.648193e-04	1.912048e-05	8.065521e-03	9.284249e-05	1.875970e-03	1.837729e-03	9.284249e-05	-9.284249e-05	7.683112e-03	-8.447931e-03
67            	3.716099e-03	-1.522002e-20	-7.690900e-04	1.922725e-05	8.079316e-03	9.290247e-05	1.877277e-03	1.838822e-03	9.290247e-05	-9.290247e-05	7.694771e-03	-8.463861e-03
68            	3.718103e-03	-1.527242e-20	-7.706718e-04	1.926679e-05	8.086695e-03	9.295258e-05	1.878318e-03	1.839785e-03	9.295258e-05	-9.295258e-05	7.701359e-03	-8.472031e-03
69            	3.719222e-03	-1.532431e-20	-7.691194e-04	1.922799e-05	8.085757e-03	9.298055e-05	1.878839e-03	1.840383e-03	9.298055e-05	-9.298055e-05	7.701197e-03	-8.470316e-03
70            	3.719391e-03	-1.536180e-20	-7.653783e-04	1.913446e-05	8.078241e-03	9.298477e-05	1.878830e-03	1.840561e-03	9.298477e-05	-9.298477e-05	7.695552e-03	-8.460930e-03
71            	3.718511e-03	-1.536936e-20	-7.603572e-04	1.900893e-05	8.065894e-03	9.296278e-05	1.878265e-03	1.840247e-03	9.296278e-05	-9.296278e-05	7.685716e-03	-8.446073e-03
72            	3.716791e-03	-1.535310e-20	-7.548638e-04	1.887160e-05	8.050850e-03	9.291978e-05	1.877267e-03	1.839524e-03	9.291978e-05	-9.291978e-05	7.673418e-03	-8.428282e-03
73            	3.714559e-03	-1.531404e-20	-7.508727e-04	1.877182e-05	8.037839e-03	9.286397e-05	1.876051e-03	1.838508e-03	9.286397e-05	-9.286397e-05	7.662403e-03	-8.413275e-03
74            	3.713017e-03	-1.527449e-20	-7.498455e-04	1.874614e-05	8.032410e-03	9.282543e-05	1.875255e-03	1.837762e-03	9.282543e-05	-9.282543e-05	7.657487e-03	-8.407332e-03
75            	3.712105e-03	-1.522022e-20	-7.512033e-04	1.878008e-05	8.033219e-03	9.280263e-05	1.874833e-03	1.837272e-03	9.280263e-05	-9.280263e-05	7.657617e-03	-8.408820e-03
76            	3.711939e-03	-1.518212e-20	-7.540032e-04	1.885008e-05	8.038612e-03	9.279846e-05	1.874819e-03	1.837119e-03	9.279846e-05	-9.279846e-05	7.661611e-03	-8.415614e-03
77            	3.711892e-03	-1.517570e-20	-7.574624e-04	1.893656e-05	8.045762e-03	9.279731e-05	1.874883e-03	1.837010e-03	9.279731e-05	-9.279731e-05	7.667030e-03	-8.424493e-03
78            	3.713293e-03	-1.518739e-20	-7.631533e-04	1.907883e-05	8.060463e-03	9.283232e-05	1.875725e-03	1.837568e-03	9.283232e-05	-9.283232e-05	7.678886e-03	-8.442040e-03
79            	3.715127e-03	-1.521836e-20	-7.672646e-04	1.918161e-05	8.072852e-03	9.287817e-05	1.876745e-03	1.838382e-03	9.287817e-05	-9.287817e-05	7.689219e-03	-8.456484e-03
80            	3.716509e-03	-1.525294e-20	-7.692070e-04	1.923018e-05	8.079798e-03	9.291273e-05	1.877485e-03	1.839024e-03	9.291273e-05	-9.291273e-05	7.695194e-03	-8.464401e-03
81            	3.717982e-03	-1.529695e-20	-7.700475e-04	1.925119e-05	8.084615e-03	9.294955e-05	1.878242e-03	1.839740e-03	9.294955e-05	-9.294955e-05	7.699591e-03	-8.469638e-03
82            	3.718674e-03	-1.532737e-20	-7.680869e-04	1.920217e-05	8.081999e-03	9.296685e-05	1.878539e-03	1.840135e-03	9.296685e-05	-9.296685e-05	7.697955e-03	-8.466042e-03
83            	3.718357e-03	-1.534413e-20	-7.642412e-04	1.910603e-05	8.073335e-03	9.295892e-05	1.878284e-03	1.840072e-03	9.295892e-05	-9.295892e-05	7.691215e-03	-8.455456e-03
84            	3.717287e-03	-1.534518e-20	-7.597485e-04	1.899371e-05	8.061800e-03	9.293218e-05	1.877637e-03	1.839650e-03	9.293218e-05	-9.293218e-05	7.681926e-03	-8.441675e-03
85            	3.715755e-03	-1.532357e-20	-7.560997e-04	1.890249e-05	8.051017e-03	9.289387e-05	1.876780e-03	1.838975e-03	9.289387e-05	-9.289387e-05	7.672967e-03	-8.429066e-03
86            	3.714627e-03	-1.529560e-20	-7.541554e-04	1.885389e-05	8.044577e-03	9.286567e-05	1.876167e-03	1.838460e-03	9.286567e-05	-9.286567e-05	7.667499e-03	-8.421655e-03
87            	3.713253e-03	-1.525601e-20	-7.529179e-04	1.882295e-05	8.039124e-03	9.283131e-05	1.875449e-03	1.837803e-03	9.283131e-05	-9.283131e-05	7.662665e-03	-8.415583e-03
88            	3.712553e-03	-1.522746e-20	-7.541653e-04	1.885413e-05	8.040210e-03	9.281383e-05	1.875131e-03	1.837423e-03	9.281383e-05	-9.281383e-05	7.663127e-03	-8.417293e-03
89            	3.712563e-03	-1.520697e-20	-7.569595e-04	1.892399e-05	8.046034e-03	9.281408e-05	1.875206e-03	1.837358e-03	9.281408e-05	-9.281408e-05	7.667554e-03	-8.424514e-03
90            	3.713305e-03	-1.519910e-20	-7.608553e-04	1.902138e-05	8.055628e-03	9.283262e-05	1.875674e-03	1.837631e-03	9.283262e-05	-9.283262e-05	7.675201e-03	-8.436056e-03
91            	3.714528e-03	-1.521305e-20	-7.642335e-04	1.910584e-05	8.065209e-03	9.286319e-05	1.876370e-03	1.838158e-03	9.286319e-05	-9.286319e-05	7.683092e-03	-8.447326e-03
92            	3.715467e-03	-1.523526e-20	-7.663760e-04	1.915940e-05	8.071662e-03	9.288669e-05	1.876893e-03	1.838574e-03	9.288669e-05	-9.288669e-05	7.688474e-03	-8.454850e-03
93            	3.716782e-03	-1.527080e-20	-7.680614e-04	1.920153e-05	8.077922e-03	9.291956e-05	1.877593e-03	1.839190e-03	9.291956e-05	-9.291956e-05	7.693892e-03	-8.461953e-03
94            	3.717325e-03	-1.530021e-20	-7.671281e-04	1.917820e-05	8.077187e-03	9.293312e-05	1.877841e-03	1.839484e-03	9.293312e-05	-9.293312e-05	7.693623e-03	-8.460751e-03
95            	3.717570e-03	-1.532351e-20	-7.656106e-04	1.914027e-05	8.074565e-03	9.293926e-05	1.877925e-03	1.839645e-03	9.293926e-05	-9.293926e-05	7.691760e-03	-8.457371e-03
96            	3.717446e-03	-1.533147e-20	-7.628312e-04	1.907078e-05	8.068537e-03	9.293616e-05	1.877794e-03	1.839652e-03	9.293616e-05	-9.293616e-05	7.687122e-03	-8.449953e-03
97            	3.716457e-03	-1.532108e-20	-7.595346e-04	1.898836e-05	8.059609e-03	9.291143e-05	1.877217e-03	1.839240e-03	9.291143e-05	-9.291143e-05	7.679842e-03	-8.439376e-03
98            	3.715661e-03	-1.530654e-20	-7.572701e-04	1.893175e-05	8.053211e-03	9.289152e-05	1.876762e-03	1.838899e-03	9.289152e-05	-9.289152e-05	7.674576e-03	-8.431846e-03
99            	3.714385e-03	-1.527897e-20	-7.552363e-04	1.888091e-05	8.046318e-03	9.285962e-05	1.876073e-03	1.838311e-03	9.285962e-05	-9.285962e-05	7.668700e-03	-8.423936e-03
100           	3.713777e-03	-1.525275e-20	-7.555369e-04	1.888842e-05	8.045612e-03	9.284442e-05	1.875777e-03	1.838000e-03	9.284442e-05	-9.284442e-05	7.667843e-03	-8.423380e-03
101           	3.713374e-03	-1.522993e-20	-7.563272e-04	1.890818e-05	8.046418e-03	9.283436e-05	1.875595e-03	1.837779e-03	9.283436e-05	-9.283436e-05	7.668255e-03	-8.424582e-03
102           	3.713339e-03	-1.521796e-20	-7.584902e-04	1.896225e-05	8.050811e-03	9.283348e-05	1.875632e-03	1.837707e-03	9.283348e-05	-9.283348e-05	7.671566e-03	-8.430056e-03
103           	3.714013e-03	-1.522199e-20	-7.612458e-04	1.903114e-05	8.057959e-03	9.285033e-05	1.876038e-03	1.837975e-03	9.285033e-05	-9.285033e-05	7.677336e-03	-8.438581e-03
104           	3.714610e-03	-1.523150e-20	-7.633996e-04	1.908499e-05	8.063709e-03	9.286526e-05	1.876390e-03	1.838220e-03	9.286526e-05	-9.286526e-05	7.682009e-03	-8.445409e-03
105           	3.715728e-03	-1.525365e-20	-7.655122e-04	1.913780e-05	8.070434e-03	9.289320e-05	1.877002e-03	1.838726e-03	9.289320e-05	-9.289320e-05	7.687678e-03	-8.453190e-03
106           	3.716325e-03	-1.527537e-20	-7.657389e-04	1.914347e-05	8.072212e-03	9.290811e-05	1.877306e-03	1.839019e-03	9.290811e-05	-9.290811e-05	7.689343e-03	-8.455082e-03
107           	3.716879e-03	-1.529749e-20	-7.655544e-04	1.913886e-05	8.072974e-03	9.292197e-05	1.877578e-03	1.839301e-03	9.292197e-05	-9.292197e-05	7.690197e-03	-8.455752e-03
108           	3.717128e-03	-1.530951e-20	-7.641918e-04	1.910480e-05	8.070677e-03	9.292819e-05	1.877669e-03	1.839459e-03	9.292819e-05	-9.292819e-05	7.688581e-03	-8.452773e-03
109           	3.716715e-03	-1.531464e-20	-7.615730e-04	1.903932e-05	8.064389e-03	9.291788e-05	1.877397e-03	1.839318e-03	9.291788e-05	-9.291788e-05	7.683602e-03	-8.445175e-03
110           	3.715966e-03	-1.530691e-20	-7.593269e-04	1.898317e-05	8.058147e-03	9.289915e-05	1.876966e-03	1.839000e-03	9.289915e-05	-9.289915e-05	7.678484e-03	-8.437810e-03
111           	3.715330e-03	-1.529391e-20	-7.577622e-04	1.894406e-05	8.053548e-03	9.288324e-05	1.876609e-03	1.838721e-03	9.288324e-05	-9.288324e-05	7.674667e-03	-8.432429e-03
112           	3.714440e-03	-1.527254e-20	-7.565271e-04	1.891318e-05	8.049117e-03	9.286101e-05	1.876133e-03	1.838307e-03	9.286101e-05	-9.286101e-05	7.670854e-03	-8.427381e-03
113           	3.714044e-03	-1.525305e-20	-7.569782e-04	1.892445e-05	8.049179e-03	9.285111e-05	1.875947e-03	1.838098e-03	9.285111e-05	-9.285111e-05	7.670690e-03	-8.427669e-03
114           	3.713824e-03	-1.523725e-20	-7.577922e-04	1.894481e-05	8.050406e-03	9.284560e-05	1.875857e-03	1.837967e-03	9.284560e-05	-9.284560e-05	7.671510e-03	-8.429302e-03
115           	3.713861e-03	-1.523040e-20	-7.595260e-04	1.898815e-05	8.054072e-03	9.284652e-05	1.875919e-03	1.837942e-03	9.284652e-05	-9.284652e-05	7.674309e-03	-8.433835e-03
116           	3.714446e-03	-1.523524e-20	-7.616507e-04	1.904127e-05	8.059719e-03	9.286114e-05	1.876264e-03	1.838182e-03	9.286114e-05	-9.286114e-05	7.678893e-03	-8.440544e-03
117           	3.714925e-03	-1.524367e-20	-7.631713e-04	1.907928e-05	8.063901e-03	9.287312e-05	1.876542e-03	1.838383e-03	9.287312e-05	-9.287312e-05	7.682315e-03	-8.445487e-03
118           	3.715759e-03	-1.526110e-20	-7.646109e-04	1.911527e-05	8.068635e-03	9.289397e-05	1.876995e-03	1.838764e-03	9.289397e-05	-9.289397e-05	7.686330e-03	-8.450941e-03
119           	3.716198e-03	-1.527835e-20	-7.645745e-04	1.911436e-05	8.069523e-03	9.290496e-05	1.877213e-03	1.838985e-03	9.290496e-05	-9.290496e-05	7.687236e-03	-8.451811e-03
120           	3.716559e-03	-1.529510e-20	-7.641647e-04	1.910412e-05	8.069421e-03	9.291397e-05	1.877384e-03	1.839175e-03	9.291397e-05	-9.291397e-05	7.687339e-03	-8.451503e-03
121           	3.716522e-03	-1.530312e-20	-7.625831e-04	1.906458e-05	8.066091e-03	9.291306e-05	1.877326e-03	1.839197e-03	9.291306e-05	-9.291306e-05	7.684799e-03	-8.447382e-03
122           	3.716115e-03	-1.530121e-20	-7.608590e-04	1.902147e-05	8.061640e-03	9.290288e-05	1.877079e-03	1.839036e-03	9.290288e-05	-9.290288e-05	7.681211e-03	-8.442070e-03
123           	3.715732e-03	-1.529537e-20	-7.594195e-04	1.898549e-05	8.057839e-03	9.289331e-05	1.876852e-03	1.838881e-03	9.289331e-05	-9.289331e-05	7.678129e-03	-8.437548e-03
124           	3.714994e-03	-1.528113e-20	-7.579880e-04	1.894970e-05	8.053318e-03	9.287484e-05	1.876447e-03	1.838547e-03	9.287484e-05	-9.287484e-05	7.674324e-03	-8.432312e-03
125           	3.714596e-03	-1.526694e-20	-7.577876e-04	1.894469e-05	8.052033e-03	9.286491e-05	1.876243e-03	1.838353e-03	9.286491e-05	-9.286491e-05	7.673139e-03	-8.430926e-03
126           	3.714208e-03	-1.525193e-20	-7.578511e-04	1.894628e-05	8.051355e-03	9.285519e-05	1.876050e-03	1.838158e-03	9.285519e-05	-9.285519e-05	7.672430e-03	-8.430281e-03
127           	3.714126e-03	-1.524247e-20	-7.589803e-04	1.897451e-05	8.053498e-03	9.285314e-05	1.876037e-03	1.838088e-03	9.285314e-05	-9.285314e-05	7.674008e-03	-8.432988e-03
128           	3.714368e-03	-1.524090e-20	-7.603809e-04	1.900952e-05	8.056926e-03	9.285920e-05	1.876194e-03	1.838175e-03	9.285920e-05	-9.285920e-05	7.676735e-03	-8.437116e-03
129           	3.714643e-03	-1.524376e-20	-7.617337e-04	1.904334e-05	8.060319e-03	9.286608e-05	1.876365e-03	1.838278e-03	9.286608e-05	-9.286608e-05	7.679452e-03	-8.441186e-03
130           	3.715279e-03	-1.525446e-20	-7.631638e-04	1.907909e-05	8.064620e-03	9.288198e-05	1.876719e-03	1.838561e-03	9.288198e-05	-9.288198e-05	7.683039e-03	-8.446202e-03
131           	3.715671e-03	-1.526585e-20	-7.636515e-04	1.909129e-05	8.066478e-03	9.289176e-05	1.876927e-03	1.838744e-03	9.289176e-05	-9.289176e-05	7.684653e-03	-8.448304e-03
132           	3.716126e-03	-1.528074e-20	-7.638968e-04	1.909742e-05	8.067942e-03	9.290315e-05	1.877160e-03	1.838966e-03	9.290315e-05	-9.290315e-05	7.685993e-03	-8.449890e-03
133           	3.716224e-03	-1.529016e-20	-7.630501e-04	1.907625e-05	8.066414e-03	9.290560e-05	1.877188e-03	1.839036e-03	9.290560e-05	-9.290560e-05	7.684889e-03	-8.447939e-03
134           	3.716142e-03	-1.529481e-20	-7.620603e-04	1.905151e-05	8.064180e-03	9.290356e-05	1.877123e-03	1.839020e-03	9.290356e-05	-9.290356e-05	7.683150e-03	-8.445210e-03
135           	3.715959e-03	-1.529412e-20	-7.608402e-04	1.902101e-05	8.061262e-03	9.289899e-05	1.877001e-03	1.838959e-03	9.289899e-05	-9.289899e-05	7.680842e-03	-8.441682e-03
136           	3.715416e-03	-1.528580e-20	-7.594270e-04	1.898567e-05	8.057195e-03	9.288540e-05	1.876694e-03	1.838722e-03	9.288540e-05	-9.288540e-05	7.677482e-03	-8.436909e-03
137           	3.715013e-03	-1.527628e-20	-7.588002e-04	1.897000e-05	8.055033e-03	9.287531e-05	1.876476e-03	1.838536e-03	9.287531e-05	-9.287531e-05	7.675633e-03	-8.434433e-03
138           	3.714710e-03	-1.526586e-20	-7.586385e-04	1.896596e-05	8.054049e-03	9.286774e-05	1.876321e-03	1.838389e-03	9.286774e-05	-9.286774e-05	7.674730e-03	-8.433368e-03
139           	3.714475e-03	-1.525489e-20	-7.588053e-04	1.897013e-05	8.053897e-03	9.286187e-05	1.876208e-03	1.838267e-03	9.286187e-05	-9.286187e-05	7.674494e-03	-8.433299e-03
140           	3.714429e-03	-1.524867e-20	-7.596726e-04	1.899181e-05	8.055587e-03	9.286074e-05	1.876207e-03	1.838223e-03	9.286074e-05	-9.286074e-05	7.675751e-03	-8.435424e-03
141           	3.714651e-03	-1.524862e-20	-7.607696e-04	1.901924e-05	8.058336e-03	9.286628e-05	1.876345e-03	1.838306e-03	9.286628e-05	-9.286628e-05	7.677951e-03	-8.438721e-03
142           	3.714877e-03	-1.525147e-20	-7.617440e-04	1.904360e-05	8.060842e-03	9.287194e-05	1.876482e-03	1.838395e-03	9.287194e-05	-9.287194e-05	7.679970e-03	-8.441714e-03
143           	3.715354e-03	-1.525996e-20	-7.627443e-04	1.906861e-05	8.063916e-03	9.288384e-05	1.876745e-03	1.838608e-03	9.288384e-05	-9.288384e-05	7.682543e-03	-8.445288e-03
144           	3.715626e-03	-1.526904e-20	-7.629927e-04	1.907482e-05	8.065026e-03	9.289066e-05	1.876888e-03	1.838738e-03	9.289066e-05	-9.289066e-05	7.683529e-03	-8.446522e-03
145           	3.715915e-03	-1.527939e-20	-7.630629e-04	1.907657e-05	8.065772e-03	9.289788e-05	1.877034e-03	1.838881e-03	9.289788e-05	-9.289788e-05	7.684241e-03	-8.447304e-03
146           	3.715996e-03	-1.528621e-20	-7.624075e-04	1.906019e-05	8.064603e-03	9.289991e-05	1.877058e-03	1.838938e-03	9.289991e-05	-9.289991e-05	7.683399e-03	-8.445807e-03
147           	3.715887e-03	-1.528833e-20	-7.615742e-04	1.903935e-05	8.062634e-03	9.289717e-05	1.876983e-03	1.838904e-03	9.289717e-05	-9.289717e-05	7.681847e-03	-8.443421e-03
148           	3.715734e-03	-1.528719e-20	-7.606929e-04	1.901732e-05	8.060479e-03	9.289336e-05	1.876884e-03	1.838850e-03	9.289336e-05	-9.289336e-05	7.680133e-03	-8.440825e-03
149           	3.715333e-03	-1.528072e-20	-7.597326e-04	1.899331e-05	8.057644e-03	9.288333e-05	1.876660e-03	1.838673e-03	9.288333e-05	-9.288333e-05	7.677778e-03	-8.437511e-03
150           	3.715066e-03	-1.527379e-20	-7.593277e-04	1.898319e-05	8.056230e-03	9.287666e-05	1.876516e-03	1.838550e-03	9.287666e-05	-9.287666e-05	7.676567e-03	-8.435894e-03
151           	3.714745e-03	-1.526427e-20	-7.590890e-04	1.897722e-05	8.055063e-03	9.286863e-05	1.876350e-03	1.838395e-03	9.286863e-05	-9.286863e-05	7.675518e-03	-8.434607e-03
152           	3.714652e-03	-1.525724e-20	-7.595871e-04	1.898968e-05	8.055881e-03	9.286629e-05	1.876315e-03	1.838336e-03	9.286629e-05	-9.286629e-05	7.676088e-03	-8.435675e-03
153           	3.714697e-03	-1.525370e-20	-7.602207e-04	1.900552e-05	8.057299e-03	9.286744e-05	1.876354e-03	1.838343e-03	9.286744e-05	-9.286744e-05	7.677189e-03	-8.437409e-03
154           	3.714789e-03	-1.525370e-20	-7.609758e-04	1.902439e-05	8.059062e-03	9.286972e-05	1.876419e-03	1.838370e-03	9.286972e-05	-9.286972e-05	7.678574e-03	-8.439550e-03
155           	3.715108e-03	-1.525854e-20	-7.618399e-04	1.904600e-05	8.061528e-03	9.287771e-05	1.876600e-03	1.838508e-03	9.287771e-05	-9.287771e-05	7.680608e-03	-8.442448e-03
156           	3.715342e-03	-1.526372e-20	-7.623056e-04	1.905764e-05	8.062994e-03	9.288355e-05	1.876729e-03	1.838613e-03	9.288355e-05	-9.288355e-05	7.681842e-03	-8.444147e-03
157           	3.715648e-03	-1.527154e-20	-7.626409e-04	1.906602e-05	8.064331e-03	9.289120e-05	1.876890e-03	1.838758e-03	9.289120e-05	-9.289120e-05	7.683011e-03	-8.445652e-03
158           	3.715767e-03	-1.527838e-20	-7.623322e-04	1.905831e-05	8.063961e-03	9.289418e-05	1.876942e-03	1.838825e-03	9.289418e-05	-9.289418e-05	7.682794e-03	-8.445127e-03
159           	3.715776e-03	-1.528271e-20	-7.618751e-04	1.904688e-05	8.063026e-03	9.289439e-05	1.876935e-03	1.838841e-03	9.289439e-05	-9.289439e-05	7.682089e-03	-8.443964e-03
160           	3.715728e-03	-1.528389e-20	-7.612164e-04	1.903041e-05	8.061558e-03	9.289320e-05	1.876894e-03	1.838834e-03	9.289320e-05	-9.289320e-05	7.680950e-03	-8.442166e-03
161           	3.715473e-03	-1.528068e-20	-7.604376e-04	1.901094e-05	8.059405e-03	9.288683e-05	1.876748e-03	1.838726e-03	9.288683e-05	-9.288683e-05	7.679186e-03	-8.439624e-03
162           	3.715282e-03	-1.527688e-20	-7.599541e-04	1.899885e-05	8.057991e-03	9.288204e-05	1.876640e-03	1.838642e-03	9.288204e-05	-9.288204e-05	7.678014e-03	-8.437968e-03
163           	3.714990e-03	-1.527027e-20	-7.595391e-04	1.898848e-05	8.056520e-03	9.287476e-05	1.876484e-03	1.838507e-03	9.287476e-05	-9.287476e-05	7.676750e-03	-8.436289e-03
164           	3.714863e-03	-1.526419e-20	-7.596833e-04	1.899208e-05	8.056538e-03	9.287157e-05	1.876424e-03	1.838439e-03	9.287157e-05	-9.287157e-05	7.676696e-03	-8.436379e-03
165           	3.714793e-03	-1.525927e-20	-7.599466e-04	1.899866e-05	8.056937e-03	9.286982e-05	1.876395e-03	1.838398e-03	9.286982e-05	-9.286982e-05	7.676963e-03	-8.436910e-03
166           	3.714809e-03	-1.525707e-20	-7.605086e-04	1.901272e-05	8.058133e-03	9.287022e-05	1.876417e-03	1.838392e-03	9.287022e-05	-9.287022e-05	7.677879e-03	-8.438387e-03
167           	3.714997e-03	-1.525863e-20	-7.611871e-04	1.902968e-05	8.059940e-03	9.287493e-05	1.876528e-03	1.838469e-03	9.287493e-05	-9.287493e-05	7.679346e-03	-8.440533e-03
168           	3.715150e-03	-1.526132e-20	-7.616711e-04	1.904178e-05	8.061272e-03	9.287875e-05	1.876617e-03	1.838533e-03	9.287875e-05	-9.287875e-05	7.680436e-03	-8.442107e-03
169           	3.715417e-03	-1.526685e-20	-7.621319e-04	1.905330e-05	8.062788e-03	9.288543e-05	1.876762e-03	1.838655e-03	9.288543e-05	-9.288543e-05	7.681722e-03	-8.443854e-03
170           	3.715558e-03	-1.527235e-20	-7.621205e-04	1.905301e-05	8.063072e-03	9.288895e-05	1.876832e-03	1.838726e-03	9.288895e-05	-9.288895e-05	7.682012e-03	-8.444132e-03
171           	3.715658e-03	-1.527734e-20	-7.619900e-04	1.904975e-05	8.063009e-03	9.289145e-05	1.876879e-03	1.838779e-03	9.289145e-05	-9.289145e-05	7.682014e-03	-8.444004e-03
172           	3.715667e-03	-1.528010e-20	-7.615417e-04	1.903854e-05	8.062103e-03	9.289167e-05	1.876872e-03	1.838795e-03	9.289167e-05	-9.289167e-05	7.681332e-03	-8.442874e-03
173           	3.715541e-03	-1.527968e-20	-7.609895e-04	1.902474e-05	8.060691e-03	9.288854e-05	1.876795e-03	1.838746e-03	9.288854e-05	-9.288854e-05	7.680196e-03	-8.441186e-03
174           	3.715424e-03	-1.527796e-20	-7.605291e-04	1.901323e-05	8.059485e-03	9.288561e-05	1.876725e-03	1.838699e-03	9.288561e-05	-9.288561e-05	7.679220e-03	-8.439749e-03
175           	3.715191e-03	-1.527362e-20	-7.600644e-04	1.900161e-05	8.058031e-03	9.287977e-05	1.876597e-03	1.838594e-03	9.287977e-05	-9.287977e-05	7.677999e-03	-8.438063e-03
176           	3.715062e-03	-1.526930e-20	-7.599792e-04	1.899948e-05	8.057574e-03	9.287656e-05	1.876531e-03	1.838532e-03	9.287656e-05	-9.287656e-05	7.677584e-03	-8.437563e-03
177           	3.714931e-03	-1.526428e-20	-7.599773e-04	1.899943e-05	8.057297e-03	9.287328e-05	1.876465e-03	1.838466e-03	9.287328e-05	-9.287328e-05	7.677308e-03	-8.437286e-03
178           	3.714900e-03	-1.526114e-20	-7.603220e-04	1.900805e-05	8.057937e-03	9.287249e-05	1.876458e-03	1.838442e-03	9.287249e-05	-9.287249e-05	7.677776e-03	-8.438098e-03
179           	3.714968e-03	-1.526042e-20	-7.607533e-04	1.901883e-05	8.058980e-03	9.287420e-05	1.876503e-03	1.838465e-03	9.287420e-05	-9.287420e-05	7.678603e-03	-8.439356e-03
180           	3.715051e-03	-1.526120e-20	-7.611827e-04	1.902957e-05	8.060047e-03	9.287627e-05	1.876555e-03	1.838496e-03	9.287627e-05	-9.287627e-05	7.679456e-03	-8.440639e-03
181           	3.715251e-03	-1.526452e-20	-7.616426e-04	1.904106e-05	8.061422e-03	9.288128e-05	1.876667e-03	1.838584e-03	9.288128e-05	-9.288128e-05	7.680601e-03	-8.442244e-03
182           	3.715378e-03	-1.526808e-20	-7.618110e-04	1.904528e-05	8.062045e-03	9.288444e-05	1.876734e-03	1.838644e-03	9.288444e-05	-9.288444e-05	7.681140e-03	-8.442951e-03
183           	3.715527e-03	-1.527281e-20	-7.619008e-04	1.904752e-05	8.062544e-03	9.288817e-05	1.876811e-03	1.838716e-03	9.288817e-05	-9.288817e-05	7.681594e-03	-8.443495e-03
184           	3.715564e-03	-1.527599e-20	-7.616397e-04	1.904099e-05	8.062089e-03	9.288910e-05	1.876823e-03	1.838741e-03	9.288910e-05	-9.288910e-05	7.681269e-03	-8.442908e-03
185           	3.715537e-03	-1.527756e-20	-7.613188e-04	1.903297e-05	8.061362e-03	9.288841e-05	1.876801e-03	1.838735e-03	9.288841e-05	-9.288841e-05	7.680703e-03	-8.442022e-03
186           	3.715483e-03	-1.527740e-20	-7.609372e-04	1.902343e-05	8.060457e-03	9.288707e-05	1.876765e-03	1.838718e-03	9.288707e-05	-9.288707e-05	7.679988e-03	-8.440925e-03
187           	3.715311e-03	-1.527480e-20	-7.604838e-04	1.901209e-05	8.059158e-03	9.288278e-05	1.876668e-03	1.838644e-03	9.288278e-05	-9.288278e-05	7.678916e-03	-8.439399e-03
188           	3.715184e-03	-1.527180e-20	-7.602796e-04	1.900699e-05	8.058461e-03	9.287959e-05	1.876599e-03	1.838585e-03	9.287959e-05	-9.287959e-05	7.678321e-03	-8.438601e-03
189           	3.715080e-03	-1.526837e-20	-7.602186e-04	1.900546e-05	8.058112e-03	9.287701e-05	1.876546e-03	1.838535e-03	9.287701e-05	-9.287701e-05	7.678003e-03	-8.438221e-03
190           	3.715010e-03	-1.526495e-20	-7.602811e-04	1.900703e-05	8.058093e-03	9.287525e-05	1.876512e-03	1.838498e-03	9.287525e-05	-9.287525e-05	7.677953e-03	-8.438234e-03
191           	3.714994e-03	-1.526295e-20	-7.605488e-04	1.901372e-05	8.058610e-03	9.287485e-05	1.876511e-03	1.838483e-03	9.287485e-05	-9.287485e-05	7.678336e-03	-8.438885e-03
192           	3.715062e-03	-1.526287e-20	-7.608952e-04	1.902238e-05	8.059474e-03	9.287656e-05	1.876554e-03	1.838509e-03	9.287656e-05	-9.287656e-05	7.679027e-03	-8.439922e-03
193           	3.715133e-03	-1.526374e-20	-7.612082e-04	1.903020e-05	8.060275e-03	9.287833e-05	1.876597e-03	1.838536e-03	9.287833e-05	-9.287833e-05	7.679671e-03	-8.440880e-03
194           	3.715285e-03	-1.526637e-20	-7.615307e-04	1.903827e-05	8.061262e-03	9.288212e-05	1.876681e-03	1.838604e-03	9.288212e-05	-9.288212e-05	7.680497e-03	-8.442028e-03
195           	3.715373e-03	-1.526919e-20	-7.616164e-04	1.904041e-05	8.061631e-03	9.288431e-05	1.876727e-03	1.838646e-03	9.288431e-05	-9.288431e-05	7.680823e-03	-8.442439e-03
196           	3.715467e-03	-1.527263e-20	-7.616457e-04	1.904114e-05	8.061889e-03	9.288668e-05	1.876775e-03	1.838692e-03	9.288668e-05	-9.288668e-05	7.681066e-03	-8.442712e-03
197           	3.715493e-03	-1.527483e-20	-7.614394e-04	1.903598e-05	8.061522e-03	9.288733e-05	1.876783e-03	1.838711e-03	9.288733e-05	-9.288733e-05	7.680803e-03	-8.442242e-03
198           	3.715461e-03	-1.527558e-20	-7.611781e-04	1.902945e-05	8.060910e-03	9.288653e-05	1.876760e-03	1.838701e-03	9.288653e-05	-9.288653e-05	7.680321e-03	-8.441499e-03
199           	3.715413e-03	-1.527526e-20	-7.608945e-04	1.902236e-05	8.060219e-03	9.288534e-05	1.876729e-03	1.838684e-03	9.288534e-05	-9.288534e-05	7.679772e-03	-8.440667e-03
200           	3.715286e-03	-1.527321e-20	-7.605849e-04	1.901462e-05	8.059309e-03	9.288215e-05	1.876658e-03	1.838628e-03	9.288215e-05	-9.288215e-05	7.679016e-03	-8.439601e-03
201           	3.715201e-03	-1.527102e-20	-7.604505e-04	1.901126e-05	8.058847e-03	9.288001e-05	1.876612e-03	1.838589e-03	9.288001e-05	-9.288001e-05	7.678621e-03	-8.439072e-03
202           	3.715097e-03	-1.526798e-20	-7.603689e-04	1.900922e-05	8.058461e-03	9.287743e-05	1.876558e-03	1.838539e-03	9.287743e-05	-9.287743e-05	7.678277e-03	-8.438646e-03
203           	3.715065e-03	-1.526570e-20	-7.605216e-04	1.901304e-05	8.058705e-03	9.287663e-05	1.876546e-03	1.838520e-03	9.287663e-05	-9.287663e-05	7.678444e-03	-8.438966e-03
204           	3.715077e-03	-1.526450e-20	-7.607199e-04	1.901800e-05	8.059144e-03	9.287693e-05	1.876557e-03	1.838521e-03	9.287693e-05	-9.287693e-05	7.678784e-03	-8.439504e-03
205           	3.715105e-03	-1.526446e-20	-7.609610e-04	1.902402e-05	8.059703e-03	9.287762e-05	1.876576e-03	1.838528e-03	9.287762e-05	-9.287762e-05	7.679223e-03	-8.440184e-03
206           	3.715206e-03	-1.526597e-20	-7.612378e-04	1.903095e-05	8.060490e-03	9.288014e-05	1.876634e-03	1.838572e-03	9.288014e-05	-9.288014e-05	7.679871e-03	-8.441109e-03
207           	3.715280e-03	-1.526759e-20	-7.613906e-04	1.903477e-05	8.060966e-03	9.288200e-05	1.876675e-03	1.838605e-03	9.288200e-05	-9.288200e-05	7.680271e-03	-8.441662e-03
208           	3.715379e-03	-1.527008e-20	-7.615041e-04	1.903760e-05	8.061410e-03	9.288448e-05	1.876727e-03	1.838652e-03	9.288448e-05	-9.288448e-05	7.680658e-03	-8.442162e-03
209           	3.715420e-03	-1.527228e-20	-7.614118e-04	1.903530e-05	8.061309e-03	9.288549e-05	1.876745e-03	1.838675e-03	9.288549e-05	-9.288549e-05	7.680603e-03	-8.442015e-03
210           	3.715425e-03	-1.527371e-20	-7.612705e-04	1.903176e-05	8.061026e-03	9.288563e-05	1.876744e-03	1.838681e-03	9.288563e-05	-9.288563e-05	7.680391e-03	-8.441661e-03
211           	3.715411e-03	-1.527414e-20	-7.610598e-04	1.902650e-05	8.060559e-03	9.288527e-05	1.876732e-03	1.838679e-03	9.288527e-05	-9.288527e-05	7.680029e-03	-8.441089e-03
212           	3.715331e-03	-1.527316e-20	-7.608106e-04	1.902027e-05	8.059872e-03	9.288326e-05	1.876686e-03	1.838645e-03	9.288326e-05	-9.288326e-05	7.679467e-03	-8.440277e-03
213           	3.715270e-03	-1.527198e-20	-7.606535e-04	1.901634e-05	8.059416e-03	9.288175e-05	1.876651e-03	1.838619e-03	9.288175e-05	-9.288175e-05	7.679090e-03	-8.439743e-03
214           	3.715176e-03	-1.526989e-20	-7.605162e-04	1.901291e-05	8.058935e-03	9.287940e-05	1.876601e-03	1.838575e-03	9.287940e-05	-9.287940e-05	7.678677e-03	-8.439193e-03
215           	3.715134e-03	-1.526794e-20	-7.605577e-04	1.901394e-05	8.058929e-03	9.287835e-05	1.876581e-03	1.838553e-03	9.287835e-05	-9.287835e-05	7.678650e-03	-8.439207e-03
216           	3.715110e-03	-1.526632e-20	-7.606376e-04	1.901594e-05	8.059043e-03	9.287774e-05	1.876571e-03	1.838539e-03	9.287774e-05	-9.287774e-05	7.678724e-03	-8.439362e-03
217           	3.715114e-03	-1.526558e-20	-7.608159e-04	1.902040e-05	8.059420e-03	9.287784e-05	1.876577e-03	1.838536e-03	9.287784e-05	-9.287784e-05	7.679012e-03	-8.439828e-03
218           	3.715172e-03	-1.526603e-20	-7.610321e-04	1.902580e-05	8.059993e-03	9.287931e-05	1.876612e-03	1.838560e-03	9.287931e-05	-9.287931e-05	7.679477e-03	-8.440509e-03
219           	3.715221e-03	-1.526686e-20	-7.611888e-04	1.902972e-05	8.060422e-03	9.288052e-05	1.876640e-03	1.838581e-03	9.288052e-05	-9.288052e-05	7.679828e-03	-8.441016e-03
220           	3.715307e-03	-1.526862e-20	-7.613394e-04	1.903349e-05	8.060914e-03	9.288267e-05	1.876687e-03	1.838620e-03	9.288267e-05	-9.288267e-05	7.680245e-03	-8.441584e-03
221           	3.715352e-03	-1.527038e-20	-7.613397e-04	1.903349e-05	8.061015e-03	9.288381e-05	1.876710e-03	1.838643e-03	9.288381e-05	-9.288381e-05	7.680345e-03	-8.441685e-03
222           	3.715387e-03	-1.527202e-20	-7.613015e-04	1.903254e-05	8.061007e-03	9.288467e-05	1.876726e-03	1.838661e-03	9.288467e-05	-9.288467e-05	7.680356e-03	-8.441658e-03
223           	3.715389e-03	-1.527292e-20	-7.611570e-04	1.902892e-05	8.060715e-03	9.288473e-05	1.876724e-03	1.838666e-03	9.288473e-05	-9.288473e-05	7.680136e-03	-8.441293e-03
224           	3.715350e-03	-1.527281e-20	-7.609820e-04	1.902455e-05	8.060269e-03	9.288376e-05	1.876700e-03	1.838651e-03	9.288376e-05	-9.288376e-05	7.679778e-03	-8.440760e-03
225           	3.715313e-03	-1.527230e-20	-7.608328e-04	1.902082e-05	8.059878e-03	9.288282e-05	1.876677e-03	1.838636e-03	9.288282e-05	-9.288282e-05	7.679462e-03	-8.440295e-03
226           	3.715238e-03	-1.527093e-20	-7.606822e-04	1.901705e-05	8.059409e-03	9.288094e-05	1.876636e-03	1.838602e-03	9.288094e-05	-9.288094e-05	7.679068e-03	-8.439750e-03
227           	3.715197e-03	-1.526947e-20	-7.606541e-04	1.901635e-05	8.059261e-03	9.287992e-05	1.876615e-03	1.838582e-03	9.287992e-05	-9.287992e-05	7.678934e-03	-8.439588e-03
228           	3.715155e-03	-1.526788e-20	-7.606520e-04	1.901630e-05	8.059169e-03	9.287886e-05	1.876594e-03	1.838561e-03	9.287886e-05	-9.287886e-05	7.678843e-03	-8.439495e-03
229           	3.715144e-03	-1.526687e-20	-7.607607e-04	1.901902e-05	8.059369e-03	9.287859e-05	1.876591e-03	1.838553e-03	9.287859e-05	-9.287859e-05	7.678988e-03	-8.439749e-03
230           	3.715165e-03	-1.526663e-20	-7.608979e-04	1.902245e-05	8.059699e-03	9.287912e-05	1.876605e-03	1.838560e-03	9.287912e-05	-9.287912e-05	7.679250e-03	-8.440148e-03
231           	3.715191e-03	-1.526687e-20	-7.610360e-04	1.902590e-05	8.060042e-03	9.287978e-05	1.876621e-03	1.838570e-03	9.287978e-05	-9.287978e-05	7.679524e-03	-8.440560e-03
232           	3.715255e-03	-1.526793e-20	-7.611840e-04	1.902960e-05	8.060483e-03	9.288138e-05	1.876657e-03	1.838598e-03	9.288138e-05	-9.288138e-05	7.679891e-03	-8.441075e-03
233           	3.715296e-03	-1.526906e-20	-7.612397e-04	1.903099e-05	8.060687e-03	9.288240e-05	1.876679e-03	1.838617e-03	9.288240e-05	-9.288240e-05	7.680067e-03	-8.441307e-03
234           	3.715344e-03	-1.527057e-20	-7.612700e-04	1.903175e-05	8.060851e-03	9.288360e-05	1.876704e-03	1.838640e-03	9.288360e-05	-9.288360e-05	7.680216e-03	-8.441486e-03
235           	3.715357e-03	-1.527161e-20	-7.611873e-04	1.902968e-05	8.060708e-03	9.288392e-05	1.876708e-03	1.838649e-03	9.288392e-05	-9.288392e-05	7.680115e-03	-8.441302e-03
236           	3.715348e-03	-1.527211e-20	-7.610843e-04	1.902711e-05	8.060475e-03	9.288370e-05	1.876701e-03	1.838647e-03	9.288370e-05	-9.288370e-05	7.679933e-03	-8.441017e-03
237           	3.715331e-03	-1.527207e-20	-7.609630e-04	1.902407e-05	8.060188e-03	9.288328e-05	1.876690e-03	1.838642e-03	9.288328e-05	-9.288328e-05	7.679706e-03	-8.440669e-03
238           	3.715280e-03	-1.527127e-20	-7.608276e-04	1.902069e-05	8.059798e-03	9.288199e-05	1.876661e-03	1.838619e-03	9.288199e-05	-9.288199e-05	7.679385e-03	-8.440212e-03
239           	3.715243e-03	-1.527042e-20	-7.607578e-04	1.901894e-05	8.059574e-03	9.288107e-05	1.876640e-03	1.838602e-03	9.288107e-05	-9.288107e-05	7.679196e-03	-8.439953e-03
240           	3.715195e-03	-1.526916e-20	-7.607094e-04	1.901773e-05	8.059375e-03	9.287989e-05	1.876615e-03	1.838580e-03	9.287989e-05	-9.287989e-05	7.679020e-03	-8.439730e-03
241           	3.715178e-03	-1.526810e-20	-7.607627e-04	1.901907e-05	8.059446e-03	9.287945e-05	1.876608e-03	1.838570e-03	9.287945e-05	-9.287945e-05	7.679065e-03	-8.439828e-03
242           	3.715179e-03	-1.526746e-20	-7.608383e-04	1.902096e-05	8.059605e-03	9.287947e-05	1.876610e-03	1.838568e-03	9.287947e-05	-9.287947e-05	7.679186e-03	-8.440024e-03
243           	3.715187e-03	-1.526732e-20	-7.609421e-04	1.902355e-05	8.059838e-03	9.287968e-05	1.876617e-03	1.838570e-03	9.287968e-05	-9.287968e-05	7.679367e-03	-8.440310e-03
244           	3.715228e-03	-1.526786e-20	-7.610645e-04	1.902661e-05	8.060179e-03	9.288071e-05	1.876641e-03	1.838587e-03	9.288071e-05	-9.288071e-05	7.679647e-03	-8.440711e-03
245           	3.715259e-03	-1.526849e-20	-7.611386e-04	1.902846e-05	8.060398e-03	9.288147e-05	1.876658e-03	1.838601e-03	9.288147e-05	-9.288147e-05	7.679829e-03	-8.440968e-03
246           	3.715304e-03	-1.526954e-20	-7.612002e-04	1.903000e-05	8.060621e-03	9.288260e-05	1.876682e-03	1.838622e-03	9.288260e-05	-9.288260e-05	7.680021e-03	-8.441221e-03
247           	3.715323e-03	-1.527050e-20	-7.611734e-04	1.902934e-05	8.060608e-03	9.288308e-05	1.876691e-03	1.838632e-03	9.288308e-05	-9.288308e-05	7.680021e-03	-8.441195e-03
248           	3.715333e-03	-1.527124e-20	-7.611281e-04	1.902820e-05	8.060534e-03	9.288333e-05	1.876695e-03	1.838638e-03	9.288333e-05	-9.288333e-05	7.679970e-03	-8.441098e-03
249           	3.715329e-03	-1.527155e-20	-7.610367e-04	1.902592e-05	8.060336e-03	9.288322e-05	1.876690e-03	1.838639e-03	9.288322e-05	-9.288322e-05	7.679818e-03	-8.440855e-03
250           	3.715298e-03	-1.527125e-20	-7.609290e-04	1.902322e-05	8.060047e-03	9.288245e-05	1.876672e-03	1.838626e-03	9.288245e-05	-9.288245e-05	7.679583e-03	-8.440512e-03
251           	3.715273e-03	-1.527081e-20	-7.608550e-04	1.902138e-05	8.059841e-03	9.288184e-05	1.876658e-03	1.838615e-03	9.288184e-05	-9.288184e-05	7.679414e-03	-8.440269e-03
252           	3.715231e-03	-1.526993e-20	-7.607850e-04	1.901963e-05	8.059608e-03	9.288079e-05	1.876635e-03	1.838596e-03	9.288079e-05	-9.288079e-05	7.679216e-03	-8.440001e-03
253           	3.715211e-03	-1.526909e-20	-7.607906e-04	1.901977e-05	8.059575e-03	9.288027e-05	1.876625e-03	1.838586e-03	9.288027e-05	-9.288027e-05	7.679180e-03	-8.439970e-03
254           	3.715193e-03	-1.526825e-20	-7.608117e-04	1.902029e-05	8.059581e-03	9.287983e-05	1.876617e-03	1.838576e-03	9.287983e-05	-9.287983e-05	7.679175e-03	-8.439987e-03
255           	3.715195e-03	-1.526786e-20	-7.608927e-04	1.902232e-05	8.059753e-03	9.287988e-05	1.876620e-03	1.838575e-03	9.287988e-05	-9.287988e-05	7.679306e-03	-8.440199e-03
256           	3.715217e-03	-1.526798e-20	-7.609811e-04	1.902453e-05	8.059982e-03	9.288042e-05	1.876633e-03	1.838584e-03	9.288042e-05	-9.288042e-05	7.679492e-03	-8.440473e-03
257           	3.715237e-03	-1.526829e-20	-7.610533e-04	1.902633e-05	8.060174e-03	9.288091e-05	1.876645e-03	1.838592e-03	9.288091e-05	-9.288091e-05	7.679647e-03	-8.440701e-03
258           	3.715274e-03	-1.526902e-20	-7.611245e-04	1.902811e-05	8.060400e-03	9.288185e-05	1.876665e-03	1.838609e-03	9.288185e-05	-9.288185e-05	7.679838e-03	-8.440962e-03
259           	3.715294e-03	-1.526974e-20	-7.611332e-04	1.902833e-05	8.060462e-03	9.288235e-05	1.876675e-03	1.838619e-03	9.288235e-05	-9.288235e-05	7.679895e-03	-8.441028e-03
260           	3.715313e-03	-1.527048e-20	-7.611284e-04	1.902821e-05	8.060491e-03	9.288282e-05	1.876685e-03	1.838628e-03	9.288282e-05	-9.288282e-05	7.679927e-03	-8.441056e-03
261           	3.715317e-03	-1.527095e-20	-7.610708e-04	1.902677e-05	8.060382e-03	9.288292e-05	1.876685e-03	1.838632e-03	9.288292e-05	-9.288292e-05	7.679846e-03	-8.440917e-03
262           	3.715304e-03	-1.527102e-20	-7.609989e-04	1.902497e-05	8.060205e-03	9.288260e-05	1.876677e-03	1.838627e-03	9.288260e-05	-9.288260e-05	7.679705e-03	-8.440704e-03
263           	3.715290e-03	-1.527086e-20	-7.609313e-04	1.902328e-05	8.060034e-03	9.288224e-05	1.876668e-03	1.838622e-03	9.288224e-05	-9.288224e-05	7.679568e-03	-8.440500e-03
264           	3.715257e-03	-1.527031e-20	-7.608601e-04	1.902150e-05	8.059819e-03	9.288143e-05	1.876650e-03	1.838607e-03	9.288143e-05	-9.288143e-05	7.679389e-03	-8.440249e-03
265           	3.715238e-03	-1.526973e-20	-7.608373e-04	1.902093e-05	8.059729e-03	9.288094e-05	1.876640e-03	1.838598e-03	9.288094e-05	-9.288094e-05	7.679310e-03	-8.440148e-03
266           	3.715216e-03	-1.526900e-20	-7.608269e-04	1.902067e-05	8.059662e-03	9.288040e-05	1.876629e-03	1.838587e-03	9.288040e-05	-9.288040e-05	7.679249e-03	-8.440076e-03
267           	3.715208e-03	-1.526845e-20	-7.608686e-04	1.902172e-05	8.059730e-03	9.288020e-05	1.876626e-03	1.838582e-03	9.288020e-05	-9.288020e-05	7.679296e-03	-8.440164e-03
268           	3.715217e-03	-1.526829e-20	-7.609293e-04	1.902323e-05	8.059875e-03	9.288042e-05	1.876632e-03	1.838585e-03	9.288042e-05	-9.288042e-05	7.679410e-03	-8.440340e-03
269           	3.715226e-03	-1.526835e-20	-7.609870e-04	1.902467e-05	8.060014e-03	9.288065e-05	1.876638e-03	1.838588e-03	9.288065e-05	-9.288065e-05	7.679521e-03	-8.440508e-03
270           	3.715253e-03	-1.526878e-20	-7.610532e-04	1.902633e-05	8.060208e-03	9.288131e-05	1.876653e-03	1.838600e-03	9.288131e-05	-9.288131e-05	7.679681e-03	-8.440734e-03
271           	3.715271e-03	-1.526923e-20	-7.610839e-04	1.902710e-05	8.060311e-03	9.288177e-05	1.876663e-03	1.838608e-03	9.288177e-05	-9.288177e-05	7.679769e-03	-8.440853e-03
272           	3.715293e-03	-1.526988e-20	-7.611030e-04	1.902758e-05	8.060397e-03	9.288233e-05	1.876674e-03	1.838619e-03	9.288233e-05	-9.288233e-05	7.679846e-03	-8.440949e-03
273           	3.715301e-03	-1.527038e-20	-7.610723e-04	1.902681e-05	8.060350e-03	9.288252e-05	1.876677e-03	1.838624e-03	9.288252e-05	-9.288252e-05	7.679814e-03	-8.440886e-03
274           	3.715299e-03	-1.527065e-20	-7.610312e-04	1.902578e-05	8.060261e-03	9.288247e-05	1.876675e-03	1.838624e-03	9.288247e-05	-9.288247e-05	7.679745e-03	-8.440776e-03
275           	3.715293e-03	-1.527067e-20	-7.609797e-04	1.902449e-05	8.060142e-03	9.288233e-05	1.876671e-03	1.838622e-03	9.288233e-05	-9.288233e-05	7.679652e-03	-8.440632e-03
276           	3.715272e-03	-1.527036e-20	-7.609199e-04	1.902300e-05	8.059973e-03	9.288180e-05	1.876659e-03	1.838613e-03	9.288180e-05	-9.288180e-05	7.679513e-03	-8.440433e-03
277           	3.715256e-03	-1.527003e-20	-7.608854e-04	1.902213e-05	8.059868e-03	9.288141e-05	1.876650e-03	1.838606e-03	9.288141e-05	-9.288141e-05	7.679425e-03	-8.440311e-03
278           	3.715235e-03	-1.526950e-20	-7.608589e-04	1.902147e-05	8.059768e-03	9.288087e-05	1.876639e-03	1.838596e-03	9.288087e-05	-9.288087e-05	7.679338e-03	-8.440197e-03
279           	3.715226e-03	-1.526904e-20	-7.608758e-04	1.902190e-05	8.059784e-03	9.288065e-05	1.876635e-03	1.838591e-03	9.288065e-05	-9.288065e-05	7.679346e-03	-8.440222e-03
280           	3.715223e-03	-1.526871e-20	-7.609022e-04	1.902256e-05	8.059832e-03	9.288057e-05	1.876634e-03	1.838589e-03	9.288057e-05	-9.288057e-05	7.679381e-03	-8.440283e-03
281           	3.715226e-03	-1.526859e-20	-7.609475e-04	1.902369e-05	8.059931e-03	9.288064e-05	1.876636e-03	1.838589e-03	9.288064e-05	-9.288064e-05	7.679458e-03	-8.440405e-03
282           	3.715242e-03	-1.526877e-20	-7.610005e-04	1.902501e-05	8.060076e-03	9.288105e-05	1.876646e-03	1.838596e-03	9.288105e-05	-9.288105e-05	7.679576e-03	-8.440576e-03
283           	3.715255e-03	-1.526901e-20	-7.610352e-04	1.902588e-05	8.060175e-03	9.288136e-05	1.876653e-03	1.838601e-03	9.288136e-05	-9.288136e-05	7.679657e-03	-8.440693e-03
284           	3.715275e-03	-1.526945e-20	-7.610665e-04	1.902666e-05	8.060282e-03	9.288187e-05	1.876664e-03	1.838611e-03	9.288187e-05	-9.288187e-05	7.679749e-03	-8.440816e-03
285           	3.715284e-03	-1.526986e-20	-7.610603e-04	1.902651e-05	8.060290e-03	9.288211e-05	1.876669e-03	1.838616e-03	9.288211e-05	-9.288211e-05	7.679760e-03	-8.440820e-03
286           	3.715290e-03	-1.527022e-20	-7.610460e-04	1.902615e-05	8.060273e-03	9.288226e-05	1.876671e-03	1.838619e-03	9.288226e-05	-9.288226e-05	7.679750e-03	-8.440796e-03
287           	3.715290e-03	-1.527040e-20	-7.610097e-04	1.902524e-05	8.060198e-03	9.288226e-05	1.876670e-03	1.838620e-03	9.288226e-05	-9.288226e-05	7.679693e-03	-8.440703e-03
288           	3.715279e-03	-1.527033e-20	-7.609647e-04	1.902412e-05	8.060080e-03	9.288197e-05	1.876664e-03	1.838615e-03	9.288197e-05	-9.288197e-05	7.679598e-03	-8.440563e-03
289           	3.715269e-03	-1.527017e-20	-7.609308e-04	1.902327e-05	8.059989e-03	9.288172e-05	1.876658e-03	1.838611e-03	9.288172e-05	-9.288172e-05	7.679524e-03	-8.440454e-03
290           	3.715251e-03	-1.526981e-20	-7.608973e-04	1.902243e-05	8.059881e-03	9.288127e-05	1.876648e-03	1.838603e-03	9.288127e-05	-9.288127e-05	7.679433e-03	-8.440330e-03
291           	3.715241e-03	-1.526945e-20	-7.608950e-04	1.902237e-05	8.059855e-03	9.288103e-05	1.876643e-03	1.838598e-03	9.288103e-05	-9.288103e-05	7.679408e-03	-8.440303e-03
292           	3.715233e-03	-1.526909e-20	-7.608999e-04	1.902250e-05	8.059848e-03	9.288082e-05	1.876639e-03	1.838594e-03	9.288082e-05	-9.288082e-05	7.679398e-03	-8.440298e-03
293           	3.715231e-03	-1.526888e-20	-7.609292e-04	1.902323e-05	8.059906e-03	9.288078e-05	1.876639e-03	1.838592e-03	9.288078e-05	-9.288078e-05	7.679441e-03	-8.440370e-03
294           	3.715239e-03	-1.526887e-20	-7.609652e-04	1.902413e-05	8.059996e-03	9.288097e-05	1.876643e-03	1.838595e-03	9.288097e-05	-9.288097e-05	7.679513e-03	-8.440479e-03
295           	3.715246e-03	-1.526896e-20	-7.609973e-04	1.902493e-05	8.060078e-03	9.288115e-05	1.876648e-03	1.838598e-03	9.288115e-05	-9.288115e-05	7.679580e-03	-8.440577e-03
296           	3.715262e-03	-1.526924e-20	-7.610304e-04	1.902576e-05	8.060180e-03	9.288154e-05	1.876657e-03	1.838605e-03	9.288154e-05	-9.288154e-05	7.679665e-03	-8.440695e-03
297           	3.715271e-03	-1.526954e-20	-7.610388e-04	1.902597e-05	8.060217e-03	9.288177e-05	1.876661e-03	1.838609e-03	9.288177e-05	-9.288177e-05	7.679698e-03	-8.440736e-03
298           	3.715281e-03	-1.526988e-20	-7.610414e-04	1.902604e-05	8.060243e-03	9.288201e-05	1.876666e-03	1.838614e-03	9.288201e-05	-9.288201e-05	7.679722e-03	-8.440763e-03
299           	3.715283e-03	-1.527011e-20	-7.610198e-04	1.902549e-05	8.060204e-03	9.288208e-05	1.876667e-03	1.838616e-03	9.288208e-05	-9.288208e-05	7.679694e-03	-8.440714e-03
300           	3.715280e-03	-1.527019e-20	-7.609924e-04	1.902481e-05	8.060139e-03	9.288199e-05	1.876665e-03	1.838615e-03	9.288199e-05	-9.288199e-05	7.679643e-03	-8.440636e-03
301           	3.715275e-03	-1.527015e-20	-7.609629e-04	1.902407e-05	8.060067e-03	9.288187e-05	1.876661e-03	1.838613e-03	9.288187e-05	-9.288187e-05	7.679586e-03	-8.440549e-03
302           	3.715261e-03	-1.526994e-20	-7.609311e-04	1.902328e-05	8.059974e-03	9.288154e-05	1.876654e-03	1.838607e-03	9.288154e-05	-9.288154e-05	7.679508e-03	-8.440439e-03
303           	3.715253e-03	-1.526971e-20	-7.609174e-04	1.902293e-05	8.059926e-03	9.288132e-05	1.876649e-03	1.838603e-03	9.288132e-05	-9.288132e-05	7.679468e-03	-8.440385e-03
304           	3.715242e-03	-1.526940e-20	-7.609092e-04	1.902273e-05	8.059887e-03	9.288105e-05	1.876644e-03	1.838598e-03	9.288105e-05	-9.288105e-05	7.679433e-03	-8.440342e-03
305           	3.715239e-03	-1.526916e-20	-7.609254e-04	1.902314e-05	8.059913e-03	9.288097e-05	1.876643e-03	1.838596e-03	9.288097e-05	-9.288097e-05	7.679451e-03	-8.440376e-03
306           	3.715240e-03	-1.526904e-20	-7.609462e-04	1.902365e-05	8.059960e-03	9.288100e-05	1.876644e-03	1.838596e-03	9.288100e-05	-9.288100e-05	7.679486e-03	-8.440433e-03
307           	3.715243e-03	-1.526904e-20	-7.609713e-04	1.902428e-05	8.060018e-03	9.288108e-05	1.876646e-03	1.838597e-03	9.288108e-05	-9.288108e-05	7.679532e-03	-8.440504e-03
308           	3.715254e-03	-1.526919e-20	-7.610001e-04	1.902500e-05	8.060100e-03	9.288134e-05	1.876652e-03	1.838602e-03	9.288134e-05	-9.288134e-05	7.679600e-03	-8.440600e-03
309           	3.715261e-03	-1.526936e-20	-7.610159e-04	1.902540e-05	8.060149e-03	9.288153e-05	1.876656e-03	1.838605e-03	9.288153e-05	-9.288153e-05	7.679641e-03	-8.440657e-03
310           	3.715272e-03	-1.526962e-20	-7.610277e-04	1.902569e-05	8.060195e-03	9.288179e-05	1.876662e-03	1.838610e-03	9.288179e-05	-9.288179e-05	7.679681e-03	-8.440709e-03
311           	3.715276e-03	-1.526985e-20	-7.610180e-04	1.902545e-05	8.060185e-03	9.288190e-05	1.876663e-03	1.838612e-03	9.288190e-05	-9.288190e-05	7.679676e-03	-8.440694e-03
312           	3.715276e-03	-1.527000e-20	-7.610033e-04	1.902508e-05	8.060155e-03	9.288191e-05	1.876663e-03	1.838613e-03	9.288191e-05	-9.288191e-05	7.679653e-03	-8.440657e-03
313           	3.715275e-03	-1.527004e-20	-7.609814e-04	1.902453e-05	8.060106e-03	9.288187e-05	1.876662e-03	1.838613e-03	9.288187e-05	-9.288187e-05	7.679616e-03	-8.440597e-03
314           	3.715266e-03	-1.526994e-20	-7.609555e-04	1.902389e-05	8.060035e-03	9.288166e-05	1.876657e-03	1.838609e-03	9.288166e-05	-9.288166e-05	7.679557e-03	-8.440513e-03
315           	3.715260e-03	-1.526982e-20	-7.609392e-04	1.902348e-05	8.059988e-03	9.288150e-05	1.876654e-03	1.838607e-03	9.288150e-05	-9.288150e-05	7.679518e-03	-8.440457e-03
316           	3.715250e-03	-1.526960e-20	-7.609250e-04	1.902313e-05	8.059938e-03	9.288126e-05	1.876648e-03	1.838602e-03	9.288126e-05	-9.288126e-05	7.679475e-03	-8.440400e-03
317           	3.715246e-03	-1.526940e-20	-7.609294e-04	1.902323e-05	8.059937e-03	9.288115e-05	1.876646e-03	1.838600e-03	9.288115e-05	-9.288115e-05	7.679473e-03	-8.440402e-03
318           	3.715244e-03	-1.526923e-20	-7.609378e-04	1.902344e-05	8.059950e-03	9.288109e-05	1.876645e-03	1.838598e-03	9.288109e-05	-9.288109e-05	7.679481e-03	-8.440418e-03
319           	3.715244e-03	-1.526915e-20	-7.609563e-04	1.902391e-05	8.059989e-03	9.288110e-05	1.876646e-03	1.838598e-03	9.288110e-05	-9.288110e-05	7.679511e-03	-8.440467e-03
320           	3.715250e-03	-1.526920e-20	-7.609788e-04	1.902447e-05	8.060049e-03	9.288125e-05	1.876650e-03	1.838601e-03	9.288125e-05	-9.288125e-05	7.679559e-03	-8.440538e-03
321           	3.715255e-03	-1.526929e-20	-7.609950e-04	1.902488e-05	8.060093e-03	9.288138e-05	1.876652e-03	1.838603e-03	9.288138e-05	-9.288138e-05	7.679595e-03	-8.440591e-03
322           	3.715264e-03	-1.526947e-20	-7.610106e-04	1.902527e-05	8.060144e-03	9.288160e-05	1.876657e-03	1.838607e-03	9.288160e-05	-9.288160e-05	7.679639e-03	-8.440649e-03
323           	3.715269e-03	-1.526965e-20	-7.610106e-04	1.902526e-05	8.060154e-03	9.288172e-05	1.876660e-03	1.838609e-03	9.288172e-05	-9.288172e-05	7.679649e-03	-8.440660e-03
324           	3.715272e-03	-1.526982e-20	-7.610065e-04	1.902516e-05	8.060153e-03	9.288181e-05	1.876661e-03	1.838611e-03	9.288181e-05	-9.288181e-05	7.679650e-03	-8.440656e-03
325           	3.715273e-03	-1.526992e-20	-7.609914e-04	1.902479e-05	8.060123e-03	9.288182e-05	1.876661e-03	1.838612e-03	9.288182e-05	-9.288182e-05	7.679627e-03	-8.440618e-03
326           	3.715269e-03	-1.526990e-20	-7.609732e-04	1.902433e-05	8.060076e-03	9.288171e-05	1.876659e-03	1.838610e-03	9.288171e-05	-9.288171e-05	7.679590e-03	-8.440563e-03
327           	3.715265e-03	-1.526985e-20	-7.609577e-04	1.902394e-05	8.060036e-03	9.288162e-05	1.876656e-03	1.838608e-03	9.288162e-05	-9.288162e-05	7.679557e-03	-8.440514e-03
328           	3.715257e-03	-1.526971e-20	-7.609421e-04	1.902355e-05	8.059987e-03	9.288142e-05	1.876652e-03	1.838605e-03	9.288142e-05	-9.288142e-05	7.679516e-03	-8.440458e-03
329           	3.715253e-03	-1.526956e-20	-7.609392e-04	1.902348e-05	8.059972e-03	9.288131e-05	1.876650e-03	1.838603e-03	9.288131e-05	-9.288131e-05	7.679502e-03	-8.440441e-03
330           	3.715248e-03	-1.526939e-20	-7.609390e-04	1.902348e-05	8.059962e-03	9.288120e-05	1.876648e-03	1.838601e-03	9.288120e-05	-9.288120e-05	7.679493e-03	-8.440432e-03
331           	3.715247e-03	-1.526929e-20	-7.609504e-04	1.902376e-05	8.059983e-03	9.288118e-05	1.876647e-03	1.838600e-03	9.288118e-05	-9.288118e-05	7.679508e-03	-8.440458e-03
332           	3.715249e-03	-1.526926e-20	-7.609647e-04	1.902412e-05	8.060017e-03	9.288123e-05	1.876649e-03	1.838601e-03	9.288123e-05	-9.288123e-05	7.679535e-03	-8.440500e-03
333           	3.715252e-03	-1.526929e-20	-7.609790e-04	1.902448e-05	8.060053e-03	9.288130e-05	1.876650e-03	1.838602e-03	9.288130e-05	-9.288130e-05	7.679564e-03	-8.440543e-03
334           	3.715259e-03	-1.526940e-20	-7.609944e-04	1.902486e-05	8.060099e-03	9.288147e-05	1.876654e-03	1.838604e-03	9.288147e-05	-9.288147e-05	7.679602e-03	-8.440596e-03
335           	3.715263e-03	-1.526952e-20	-7.610001e-04	1.902500e-05	8.060120e-03	9.288157e-05	1.876656e-03	1.838606e-03	9.288157e-05	-9.288157e-05	7.679620e-03	-8.440620e-03
336           	3.715268e-03	-1.526967e-20	-7.610032e-04	1.902508e-05	8.060137e-03	9.288170e-05	1.876659e-03	1.838609e-03	9.288170e-05	-9.288170e-05	7.679635e-03	-8.440639e-03
337           	3.715269e-03	-1.526978e-20	-7.609946e-04	1.902487e-05	8.060122e-03	9.288173e-05	1.876659e-03	1.838610e-03	9.288173e-05	-9.288173e-05	7.679625e-03	-8.440619e-03
338           	3.715268e-03	-1.526983e-20	-7.609839e-04	1.902460e-05	8.060098e-03	9.288171e-05	1.876659e-03	1.838610e-03	9.288171e-05	-9.288171e-05	7.679606e-03	-8.440590e-03
339           	3.715267e-03	-1.526983e-20	-7.609712e-04	1.902428e-05	8.060068e-03	9.288166e-05	1.876658e-03	1.838609e-03	9.288166e-05	-9.288166e-05	7.679582e-03	-8.440553e-03
340           	3.715261e-03	-1.526974e-20	-7.609572e-04	1.902393e-05	8.060027e-03	9.288153e-05	1.876655e-03	1.838607e-03	9.288153e-05	-9.288153e-05	7.679549e-03	-8.440506e-03
341           	3.715257e-03	-1.526965e-20	-7.609500e-04	1.902375e-05	8.060004e-03	9.288143e-05	1.876652e-03	1.838605e-03	9.288143e-05	-9.288143e-05	7.679529e-03	-8.440479e-03
342           	3.715252e-03	-1.526952e-20	-7.609450e-04	1.902362e-05	8.059983e-03	9.288131e-05	1.876650e-03	1.838603e-03	9.288131e-05	-9.288131e-05	7.679511e-03	-8.440456e-03
343           	3.715251e-03	-1.526941e-20	-7.609505e-04	1.902376e-05	8.059991e-03	9.288127e-05	1.876649e-03	1.838602e-03	9.288127e-05	-9.288127e-05	7.679516e-03	-8.440466e-03
344           	3.715251e-03	-1.526935e-20	-7.609584e-04	1.902396e-05	8.060008e-03	9.288127e-05	1.876649e-03	1.838601e-03	9.288127e-05	-9.288127e-05	7.679528e-03	-8.440487e-03
345           	3.715252e-03	-1.526933e-20	-7.609692e-04	1.902423e-05	8.060032e-03	9.288129e-05	1.876650e-03	1.838602e-03	9.288129e-05	-9.288129e-05	7.679547e-03	-8.440516e-03
346           	3.715256e-03	-1.526939e-20	-7.609820e-04	1.902455e-05	8.060067e-03	9.288140e-05	1.876652e-03	1.838603e-03	9.288140e-05	-9.288140e-05	7.679576e-03	-8.440558e-03
347           	3.715259e-03	-1.526945e-20	-7.609897e-04	1.902474e-05	8.060090e-03	9.288148e-05	1.876654e-03	1.838605e-03	9.288148e-05	-9.288148e-05	7.679595e-03	-8.440585e-03
348           	3.715264e-03	-1.526957e-20	-7.609960e-04	1.902490e-05	8.060113e-03	9.288159e-05	1.876657e-03	1.838607e-03	9.288159e-05	-9.288159e-05	7.679615e-03	-8.440611e-03
349           	3.715266e-03	-1.526966e-20	-7.609932e-04	1.902483e-05	8.060112e-03	9.288164e-05	1.876658e-03	1.838608e-03	9.288164e-05	-9.288164e-05	7.679615e-03	-8.440608e-03
350           	3.715267e-03	-1.526974e-20	-7.609885e-04	1.902471e-05	8.060104e-03	9.288167e-05	1.876658e-03	1.838609e-03	9.288167e-05	-9.288167e-05	7.679610e-03	-8.440598e-03
351           	3.715266e-03	-1.526977e-20	-7.609790e-04	1.902447e-05	8.060083e-03	9.288166e-05	1.876658e-03	1.838609e-03	9.288166e-05	-9.288166e-05	7.679594e-03	-8.440573e-03
352           	3.715263e-03	-1.526974e-20	-7.609677e-04	1.902419e-05	8.060053e-03	9.288158e-05	1.876656e-03	1.838607e-03	9.288158e-05	-9.288158e-05	7.679569e-03	-8.440537e-03
353           	3.715261e-03	-1.526970e-20	-7.609601e-04	1.902400e-05	8.060032e-03	9.288151e-05	1.876654e-03	1.838606e-03	9.288151e-05	-9.288151e-05	7.679552e-03	-8.440512e-03
354           	3.715256e-03	-1.526960e-20	-7.609528e-04	1.902382e-05	8.060008e-03	9.288140e-05	1.876652e-03	1.838604e-03	9.288140e-05	-9.288140e-05	7.679531e-03	-8.440484e-03
355           	3.715254e-03	-1.526952e-20	-7.609534e-04	1.902384e-05	8.060004e-03	9.288135e-05	1.876651e-03	1.838603e-03	9.288135e-05	-9.288135e-05	7.679528e-03	-8.440481e-03
356           	3.715252e-03	-1.526943e-20	-7.609557e-04	1.902389e-05	8.060005e-03	9.288130e-05	1.876650e-03	1.838602e-03	9.288130e-05	-9.288130e-05	7.679527e-03	-8.440483e-03
357           	3.715253e-03	-1.526939e-20	-7.609646e-04	1.902412e-05	8.060024e-03	9.288131e-05	1.876650e-03	1.838602e-03	9.288131e-05	-9.288131e-05	7.679542e-03	-8.440506e-03
358           	3.715255e-03	-1.526940e-20	-7.609738e-04	1.902434e-05	8.060048e-03	9.288137e-05	1.876652e-03	1.838603e-03	9.288137e-05	-9.288137e-05	7.679561e-03	-8.440535e-03
359           	3.715257e-03	-1.526944e-20	-7.609813e-04	1.902453e-05	8.060068e-03	9.288142e-05	1.876653e-03	1.838604e-03	9.288142e-05	-9.288142e-05	7.679577e-03	-8.440559e-03
360           	3.715261e-03	-1.526951e-20	-7.609886e-04	1.902472e-05	8.060092e-03	9.288152e-05	1.876655e-03	1.838606e-03	9.288152e-05	-9.288152e-05	7.679597e-03	-8.440586e-03
361           	3.715263e-03	-1.526959e-20	-7.609893e-04	1.902473e-05	8.060097e-03	9.288157e-05	1.876656e-03	1.838607e-03	9.288157e-05	-9.288157e-05	7.679603e-03	-8.440592e-03
362           	3.715265e-03	-1.526967e-20	-7.609885e-04	1.902471e-05	8.060100e-03	9.288162e-05	1.876657e-03	1.838608e-03	9.288162e-05	-9.288162e-05	7.679605e-03	-8.440594e-03
363           	3.715265e-03	-1.526971e-20	-7.609824e-04	1.902456e-05	8.060088e-03	9.288163e-05	1.876657e-03	1.838608e-03	9.288163e-05	-9.288163e-05	7.679597e-03	-8.440579e-03
364           	3.715264e-03	-1.526972e-20	-7.609747e-04	1.902437e-05	8.060069e-03	9.288159e-05	1.876656e-03	1.838607e-03	9.288159e-05	-9.288159e-05	7.679581e-03	-8.440556e-03
365           	3.715262e-03	-1.526970e-20	-7.609676e-04	1.902419e-05	8.060051e-03	9.288155e-05	1.876655e-03	1.838607e-03	9.288155e-05	-9.288155e-05	7.679567e-03	-8.440535e-03
366           	3.715259e-03	-1.526964e-20	-7.609603e-04	1.902401e-05	8.060029e-03	9.288147e-05	1.876653e-03	1.838605e-03	9.288147e-05	-9.288147e-05	7.679548e-03	-8.440509e-03
367           	3.715257e-03	-1.526958e-20	-7.609581e-04	1.902395e-05	8.060020e-03	9.288142e-05	1.876652e-03	1.838604e-03	9.288142e-05	-9.288142e-05	7.679541e-03	-8.440499e-03
368           	3.715255e-03	-1.526950e-20	-7.609572e-04	1.902393e-05	8.060013e-03	9.288136e-05	1.876651e-03	1.838603e-03	9.288136e-05	-9.288136e-05	7.679535e-03	-8.440492e-03
369           	3.715254e-03	-1.526945e-20	-7.609616e-04	1.902404e-05	8.060021e-03	9.288135e-05	1.876651e-03	1.838603e-03	9.288135e-05	-9.288135e-05	7.679540e-03	-8.440502e-03
370           	3.715255e-03	-1.526943e-20	-7.609672e-04	1.902418e-05	8.060034e-03	9.288136e-05	1.876651e-03	1.838603e-03	9.288136e-05	-9.288136e-05	7.679550e-03	-8.440517e-03
371           	3.715256e-03	-1.526944e-20	-7.609735e-04	1.902434e-05	8.060049e-03	9.288139e-05	1.876652e-03	1.838603e-03	9.288139e-05	-9.288139e-05	7.679562e-03	-8.440536e-03
372           	3.715258e-03	-1.526949e-20	-7.609809e-04	1.902452e-05	8.060071e-03	9.288146e-05	1.876654e-03	1.838605e-03	9.288146e-05	-9.288146e-05	7.679580e-03	-8.440561e-03
373           	3.715261e-03	-1.526954e-20	-7.609840e-04	1.902460e-05	8.060081e-03	9.288151e-05	1.876655e-03	1.838606e-03	9.288151e-05	-9.288151e-05	7.679589e-03	-8.440573e-03
374           	3.715262e-03	-1.526960e-20	-7.609846e-04	1.902462e-05	8.060086e-03	9.288156e-05	1.876656e-03	1.838607e-03	9.288156e-05	-9.288156e-05	7.679594e-03	-8.440579e-03
375           	3.715263e-03	-1.526965e-20	-7.609831e-04	1.902458e-05	8.060086e-03	9.288159e-05	1.876656e-03	1.838607e-03	9.288159e-05	-9.288159e-05	7.679594e-03	-8.440577e-03
376           	3.715263e-03	-1.526968e-20	-7.609778e-04	1.902445e-05	8.060075e-03	9.288158e-05	1.876656e-03	1.838607e-03	9.288158e-05	-9.288158e-05	7.679586e-03	-8.440564e-03
377           	3.715262e-03	-1.526967e-20	-7.609720e-04	1.902430e-05	8.060060e-03	9.288155e-05	1.876655e-03	1.838607e-03	9.288155e-05	-9.288155e-05	7.679574e-03	-8.440546e-03
378           	3.715261e-03	-1.526965e-20	-7.609670e-04	1.902417e-05	8.060046e-03	9.288152e-05	1.876655e-03	1.838606e-03	9.288152e-05	-9.288152e-05	7.679563e-03	-8.440530e-03
379           	3.715258e-03	-1.526961e-20	-7.609620e-04	1.902405e-05	8.060031e-03	9.288145e-05	1.876653e-03	1.838605e-03	9.288145e-05	-9.288145e-05	7.679550e-03	-8.440512e-03
380           	3.715257e-03	-1.526956e-20	-7.609613e-04	1.902403e-05	8.060026e-03	9.288142e-05	1.876652e-03	1.838604e-03	9.288142e-05	-9.288142e-05	7.679546e-03	-8.440507e-03
381           	3.715255e-03	-1.526951e-20	-7.609615e-04	1.902404e-05	8.060024e-03	9.288139e-05	1.876652e-03	1.838604e-03	9.288139e-05	-9.288139e-05	7.679543e-03	-8.440505e-03
382           	3.715255e-03	-1.526947e-20	-7.609654e-04	1.902413e-05	8.060031e-03	9.288138e-05	1.876652e-03	1.838603e-03	9.288138e-05	-9.288138e-05	7.679549e-03	-8.440514e-03
383           	3.715256e-03	-1.526947e-20	-7.609702e-04	1.902426e-05	8.060043e-03	9.288140e-05	1.876652e-03	1.838604e-03	9.288140e-05	-9.288140e-05	7.679558e-03	-8.440528e-03
384           	3.715257e-03	-1.526948e-20	-7.609749e-04	1.902437e-05	8.060055e-03	9.288142e-05	1.876653e-03	1.838604e-03	9.288142e-05	-9.288142e-05	7.679567e-03	-8.440542e-03
385           	3.715259e-03	-1.526951e-20	-7.609798e-04	1.902450e-05	8.060070e-03	9.288148e-05	1.876654e-03	1.838605e-03	9.288148e-05	-9.288148e-05	7.679580e-03	-8.440560e-03
386           	3.715260e-03	-1.526955e-20	-7.609815e-04	1.902454e-05	8.060076e-03	9.288151e-05	1.876655e-03	1.838606e-03	9.288151e-05	-9.288151e-05	7.679585e-03	-8.440567e-03
387           	3.715262e-03	-1.526960e-20	-7.609824e-04	1.902456e-05	8.060081e-03	9.288155e-05	1.876656e-03	1.838606e-03	9.288155e-05	-9.288155e-05	7.679590e-03	-8.440572e-03
388           	3.715263e-03	-1.526964e-20	-7.609794e-04	1.902449e-05	8.060076e-03	9.288156e-05	1.876656e-03	1.838607e-03	9.288156e-05	-9.288156e-05	7.679587e-03	-8.440566e-03
389           	3.715262e-03	-1.526965e-20	-7.609755e-04	1.902439e-05	8.060067e-03	9.288155e-05	1.876655e-03	1.838607e-03	9.288155e-05	-9.288155e-05	7.679579e-03	-8.440555e-03
390           	3.715261e-03	-1.526965e-20	-7.609715e-04	1.902429e-05	8.060057e-03	9.288153e-05	1.876655e-03	1.838606e-03	9.288153e-05	-9.288153e-05	7.679572e-03	-8.440543e-03
391           	3.715260e-03	-1.526962e-20	-7.609670e-04	1.902417e-05	8.060044e-03	9.288149e-05	1.876654e-03	1.838606e-03	9.288149e-05	-9.288149e-05	7.679561e-03	-8.440528e-03
392           	3.715258e-03	-1.526959e-20	-7.609648e-04	1.902412e-05	8.060037e-03	9.288146e-05	1.876653e-03	1.838605e-03	9.288146e-05	-9.288146e-05	7.679555e-03	-8.440519e-03
393           	3.715257e-03	-1.526955e-20	-7.609634e-04	1.902409e-05	8.060031e-03	9.288142e-05	1.876652e-03	1.838604e-03	9.288142e-05	-9.288142e-05	7.679549e-03	-8.440513e-03
394           	3.715256e-03	-1.526951e-20	-7.609654e-04	1.902414e-05	8.060034e-03	9.288141e-05	1.876652e-03	1.838604e-03	9.288141e-05	-9.288141e-05	7.679551e-03	-8.440517e-03
395           	3.715256e-03	-1.526949e-20	-7.609682e-04	1.902420e-05	8.060040e-03	9.288141e-05	1.876652e-03	1.838604e-03	9.288141e-05	-9.288141e-05	7.679556e-03	-8.440524e-03
396           	3.715257e-03	-1.526949e-20	-7.609717e-04	1.902429e-05	8.060048e-03	9.288142e-05	1.876653e-03	1.838604e-03	9.288142e-05	-9.288142e-05	7.679562e-03	-8.440534e-03
397           	3.715258e-03	-1.526951e-20	-7.609758e-04	1.902440e-05	8.060059e-03	9.288145e-05	1.876653e-03	1.838605e-03	9.288145e-05	-9.288145e-05	7.679571e-03	-8.440547e-03
398           	3.715259e-03	-1.526953e-20	-7.609782e-04	1.902446e-05	8.060067e-03	9.288148e-05	1.876654e-03	1.838605e-03	9.288148e-05	-9.288148e-05	7.679578e-03	-8.440556e-03
399           	3.715261e-03	-1.526957e-20	-7.609801e-04	1.902450e-05	8.060074e-03	9.288152e-05	1.876655e-03	1.838606e-03	9.288152e-05	-9.288152e-05	7.679584e-03	-8.440564e-03
400           	3.715261e-03	-1.526960e-20	-7.609790e-04	1.902448e-05	8.060073e-03	9.288153e-05	1.876655e-03	1.838606e-03	9.288153e-05	-9.288153e-05	7.679583e-03	-8.440562e-03
401           	3.715262e-03	-1.526963e-20	-7.609773e-04	1.902443e-05	8.060070e-03	9.288154e-05	1.876655e-03	1.838606e-03	9.288154e-05	-9.288154e-05	7.679581e-03	-8.440558e-03
402           	3.715261e-03	-1.526963e-20	-7.609742e-04	1.902436e-05	8.060063e-03	9.288154e-05	1.876655e-03	1.838606e-03	9.288154e-05	-9.288154e-05	7.679576e-03	-8.440550e-03
403           	3.715260e-03	-1.526962e-20	-7.609706e-04	1.902426e-05	8.060053e-03	9.288151e-05	1.876654e-03	1.838606e-03	9.288151e-05	-9.288151e-05	7.679568e-03	-8.440538e-03
404           	3.715259e-03	-1.526961e-20	-7.609681e-04	1.902420e-05	8.060046e-03	9.288149e-05	1.876654e-03	1.838606e-03	9.288149e-05	-9.288149e-05	7.679562e-03	-8.440530e-03
405           	3.715258e-03	-1.526958e-20	-7.609659e-04	1.902415e-05	8.060039e-03	9.288145e-05	1.876653e-03	1.838605e-03	9.288145e-05	-9.288145e-05	7.679556e-03	-8.440522e-03
406           	3.715257e-03	-1.526955e-20	-7.609662e-04	1.902416e-05	8.060038e-03	9.288143e-05	1.876653e-03	1.838605e-03	9.288143e-05	-9.288143e-05	7.679555e-03	-8.440521e-03
407           	3.715257e-03	-1.526952e-20	-7.609671e-04	1.902418e-05	8.060039e-03	9.288142e-05	1.876653e-03	1.838604e-03	9.288142e-05	-9.288142e-05	7.679555e-03	-8.440522e-03
408           	3.715257e-03	-1.526951e-20	-7.609695e-04	1.902424e-05	8.060044e-03	9.288142e-05	1.876653e-03	1.838604e-03	9.288142e-05	-9.288142e-05	7.679559e-03	-8.440528e-03
