# Force coefficients
# dragDir     : (1.000000e+00 0.000000e+00 0.000000e+00)
# sideDir     : (0.000000e+00 0.000000e+00 -1.000000e+00)
# liftDir     : (0.000000e+00 1.000000e+00 0.000000e+00)
# rollAxis    : (1.000000e+00 0.000000e+00 0.000000e+00)
# pitchAxis   : (0.000000e+00 0.000000e+00 -1.000000e+00)
# yawAxis     : (0.000000e+00 1.000000e+00 0.000000e+00)
# magUInf     : 6.000000e-02
# lRef        : 1.000000e-01
# Aref        : 1.000000e-01
# CofR        : (0.000000e+00 0.000000e+00 0.000000e+00)
#
# Time        	Cd            	Cs            	Cl            	CmRoll        	CmPitch       	CmYaw         	Cd(f)         	Cd(r)         	Cs(f)         	Cs(r)         	Cl(f)         	Cl(r)         
1             	2.416330e-04	0.000000e+00	9.993309e-05	-2.498327e-06	2.858780e-04	6.040826e-06	1.183182e-04	1.233148e-04	6.040826e-06	-6.040826e-06	3.358445e-04	-2.359114e-04
2             	1.288248e-03	0.000000e+00	5.275235e-04	-1.318809e-05	1.537917e-03	3.220621e-05	6.309360e-04	6.573122e-04	3.220621e-05	-3.220621e-05	1.801679e-03	-1.274156e-03
3             	1.572476e-03	0.000000e+00	7.700429e-04	-1.925107e-05	1.619765e-03	3.931189e-05	7.669867e-04	8.054889e-04	3.931189e-05	-3.931189e-05	2.004786e-03	-1.234744e-03
4             	1.515832e-03	0.000000e+00	8.909322e-04	-2.227330e-05	1.264716e-03	3.789580e-05	7.356428e-04	7.801894e-04	3.789580e-05	-3.789580e-05	1.710182e-03	-8.192496e-04
5             	1.404766e-03	0.000000e+00	1.014151e-03	-2.535378e-05	7.961830e-04	3.511916e-05	6.770293e-04	7.277369e-04	3.511916e-05	-3.511916e-05	1.303259e-03	-2.891074e-04
6             	1.364960e-03	0.000000e+00	1.127408e-03	-2.818521e-05	4.904509e-04	3.412399e-05	6.542947e-04	7.106651e-04	3.412399e-05	-3.412399e-05	1.054155e-03	7.325335e-05
7             	1.403846e-03	0.000000e+00	1.238311e-03	-3.095776e-05	3.481172e-04	3.509616e-05	6.709654e-04	7.328810e-04	3.509616e-05	-3.509616e-05	9.672725e-04	2.710381e-04
8             	1.463555e-03	0.000000e+00	1.349972e-03	-3.374929e-05	2.465963e-04	3.658888e-05	6.980283e-04	7.655268e-04	3.658888e-05	-3.658888e-05	9.215821e-04	4.283895e-04
9             	1.513362e-03	0.000000e+00	1.455790e-03	-3.639476e-05	1.372115e-04	3.783404e-05	7.202860e-04	7.930755e-04	3.783404e-05	-3.783404e-05	8.651066e-04	5.906836e-04
10            	1.549950e-03	0.000000e+00	1.551494e-03	-3.878736e-05	2.154486e-05	3.874875e-05	7.361876e-04	8.137623e-04	3.874875e-05	-3.874875e-05	7.972921e-04	7.542024e-04
11            	1.571884e-03	0.000000e+00	1.632316e-03	-4.080791e-05	-9.373465e-05	3.929709e-05	7.451340e-04	8.267498e-04	3.929709e-05	-3.929709e-05	7.224235e-04	9.098928e-04
12            	1.582363e-03	0.000000e+00	1.697160e-03	-4.242901e-05	-2.000936e-04	3.955909e-05	7.487527e-04	8.336107e-04	3.955909e-05	-3.955909e-05	6.484866e-04	1.048674e-03
13            	1.582372e-03	0.000000e+00	1.747495e-03	-4.368737e-05	-2.984707e-04	3.955930e-05	7.474987e-04	8.348735e-04	3.955930e-05	-3.955930e-05	5.752766e-04	1.172218e-03
14            	1.575464e-03	0.000000e+00	1.785037e-03	-4.462594e-05	-3.852604e-04	3.938661e-05	7.431063e-04	8.323582e-04	3.938661e-05	-3.938661e-05	5.072583e-04	1.277779e-03
15            	1.568139e-03	0.000000e+00	1.812080e-03	-4.530201e-05	-4.520747e-04	3.920347e-05	7.387675e-04	8.293715e-04	3.920347e-05	-3.920347e-05	4.539655e-04	1.358115e-03
16            	1.558566e-03	0.000000e+00	1.829196e-03	-4.572990e-05	-5.037439e-04	3.896416e-05	7.335532e-04	8.250130e-04	3.896416e-05	-3.896416e-05	4.108541e-04	1.418342e-03
17            	1.548903e-03	0.000000e+00	1.837185e-03	-4.592964e-05	-5.375107e-04	3.872257e-05	7.285218e-04	8.203811e-04	3.872257e-05	-3.872257e-05	3.810821e-04	1.456103e-03
18            	1.540778e-03	0.000000e+00	1.837391e-03	-4.593477e-05	-5.527923e-04	3.851944e-05	7.244541e-04	8.163237e-04	3.851944e-05	-3.851944e-05	3.659030e-04	1.471488e-03
19            	1.534568e-03	0.000000e+00	1.831531e-03	-4.578828e-05	-5.522856e-04	3.836420e-05	7.214957e-04	8.130722e-04	3.836420e-05	-3.836420e-05	3.634800e-04	1.468051e-03
20            	1.529265e-03	0.000000e+00	1.820493e-03	-4.551232e-05	-5.397500e-04	3.823162e-05	7.191200e-04	8.101446e-04	3.823162e-05	-3.823162e-05	3.704965e-04	1.449996e-03
21            	1.524349e-03	0.000000e+00	1.805510e-03	-4.513776e-05	-5.186803e-04	3.810874e-05	7.170370e-04	8.073125e-04	3.810874e-05	-3.810874e-05	3.840749e-04	1.421436e-03
22            	1.519533e-03	0.000000e+00	1.787995e-03	-4.469989e-05	-4.924886e-04	3.798832e-05	7.150665e-04	8.044663e-04	3.798832e-05	-3.798832e-05	4.015091e-04	1.386486e-03
23            	1.514897e-03	0.000000e+00	1.769384e-03	-4.423459e-05	-4.638783e-04	3.787242e-05	7.132139e-04	8.016831e-04	3.787242e-05	-3.787242e-05	4.208136e-04	1.348570e-03
24            	1.510722e-03	0.000000e+00	1.750283e-03	-4.375707e-05	-4.334958e-04	3.776805e-05	7.116039e-04	7.991180e-04	3.776805e-05	-3.776805e-05	4.416455e-04	1.308637e-03
25            	1.507017e-03	0.000000e+00	1.731296e-03	-4.328240e-05	-4.025055e-04	3.767543e-05	7.102263e-04	7.967911e-04	3.767543e-05	-3.767543e-05	4.631425e-04	1.268153e-03
26            	1.504053e-03	0.000000e+00	1.712976e-03	-4.282440e-05	-3.714635e-04	3.760133e-05	7.092022e-04	7.948510e-04	3.760133e-05	-3.760133e-05	4.850245e-04	1.227952e-03
27            	1.501730e-03	0.000000e+00	1.695547e-03	-4.238867e-05	-3.409921e-04	3.754324e-05	7.084762e-04	7.932535e-04	3.754324e-05	-3.754324e-05	5.067813e-04	1.188765e-03
28            	1.499868e-03	0.000000e+00	1.679101e-03	-4.197754e-05	-3.116221e-04	3.749669e-05	7.079563e-04	7.919114e-04	3.749669e-05	-3.749669e-05	5.279287e-04	1.151173e-03
29            	1.498672e-03	0.000000e+00	1.663906e-03	-4.159765e-05	-2.834580e-04	3.746680e-05	7.077383e-04	7.909336e-04	3.746680e-05	-3.746680e-05	5.484950e-04	1.115411e-03
30            	1.497920e-03	0.000000e+00	1.650197e-03	-4.125493e-05	-2.574051e-04	3.744799e-05	7.077049e-04	7.902148e-04	3.744799e-05	-3.744799e-05	5.676935e-04	1.082504e-03
31            	1.497428e-03	0.000000e+00	1.638095e-03	-4.095238e-05	-2.340683e-04	3.743569e-05	7.077614e-04	7.896662e-04	3.743569e-05	-3.743569e-05	5.849793e-04	1.053116e-03
32            	1.497364e-03	0.000000e+00	1.627841e-03	-4.069603e-05	-2.135866e-04	3.743409e-05	7.079858e-04	7.893779e-04	3.743409e-05	-3.743409e-05	6.003339e-04	1.027507e-03
33            	1.497106e-03	0.000000e+00	1.619383e-03	-4.048458e-05	-1.970932e-04	3.742765e-05	7.080684e-04	7.890375e-04	3.742765e-05	-3.742765e-05	6.125984e-04	1.006785e-03
34            	1.496409e-03	0.000000e+00	1.612585e-03	-4.031462e-05	-1.848109e-04	3.741023e-05	7.078900e-04	7.885192e-04	3.741023e-05	-3.741023e-05	6.214815e-04	9.911032e-04
35            	1.496132e-03	0.000000e+00	1.607489e-03	-4.018723e-05	-1.751123e-04	3.740329e-05	7.078786e-04	7.882530e-04	3.740329e-05	-3.740329e-05	6.286323e-04	9.788569e-04
36            	1.496038e-03	0.000000e+00	1.603911e-03	-4.009777e-05	-1.680872e-04	3.740095e-05	7.079213e-04	7.881169e-04	3.740095e-05	-3.740095e-05	6.338682e-04	9.700426e-04
37            	1.495703e-03	0.000000e+00	1.601496e-03	-4.003740e-05	-1.638821e-04	3.739258e-05	7.078142e-04	7.878890e-04	3.739258e-05	-3.739258e-05	6.368660e-04	9.646301e-04
38            	1.495259e-03	0.000000e+00	1.599964e-03	-3.999910e-05	-1.616645e-04	3.738149e-05	7.076306e-04	7.876288e-04	3.738149e-05	-3.738149e-05	6.383175e-04	9.616464e-04
39            	1.494675e-03	0.000000e+00	1.599094e-03	-3.997734e-05	-1.610548e-04	3.736687e-05	7.073600e-04	7.873147e-04	3.736687e-05	-3.736687e-05	6.384920e-04	9.606016e-04
40            	1.493998e-03	0.000000e+00	1.598715e-03	-3.996787e-05	-1.616133e-04	3.734996e-05	7.070313e-04	7.869670e-04	3.734996e-05	-3.734996e-05	6.377442e-04	9.609708e-04
41            	1.493376e-03	0.000000e+00	1.598753e-03	-3.996883e-05	-1.628987e-04	3.733439e-05	7.067190e-04	7.866567e-04	3.733439e-05	-3.733439e-05	6.364779e-04	9.622754e-04
42            	1.492871e-03	0.000000e+00	1.599182e-03	-3.997956e-05	-1.647293e-04	3.732178e-05	7.064560e-04	7.864151e-04	3.732178e-05	-3.732178e-05	6.348618e-04	9.643205e-04
43            	1.492523e-03	0.000000e+00	1.599964e-03	-3.999910e-05	-1.669505e-04	3.731307e-05	7.062622e-04	7.862604e-04	3.731307e-05	-3.731307e-05	6.330315e-04	9.669325e-04
44            	1.492321e-03	0.000000e+00	1.601120e-03	-4.002800e-05	-1.696283e-04	3.730803e-05	7.061327e-04	7.861887e-04	3.730803e-05	-3.730803e-05	6.309317e-04	9.701882e-04
45            	1.492186e-03	0.000000e+00	1.602545e-03	-4.006362e-05	-1.727142e-04	3.730466e-05	7.060296e-04	7.861568e-04	3.730466e-05	-3.730466e-05	6.285581e-04	9.739866e-04
46            	1.492097e-03	0.000000e+00	1.604126e-03	-4.010315e-05	-1.760257e-04	3.730243e-05	7.059455e-04	7.861518e-04	3.730243e-05	-3.730243e-05	6.260372e-04	9.780887e-04
47            	1.491847e-03	0.000000e+00	1.605710e-03	-4.014275e-05	-1.796683e-04	3.729617e-05	7.057806e-04	7.860661e-04	3.729617e-05	-3.729617e-05	6.231866e-04	9.825233e-04
48            	1.491753e-03	0.000000e+00	1.607138e-03	-4.017845e-05	-1.826883e-04	3.729382e-05	7.056979e-04	7.860548e-04	3.729382e-05	-3.729382e-05	6.208808e-04	9.862574e-04
49            	1.491778e-03	0.000000e+00	1.608392e-03	-4.020980e-05	-1.851191e-04	3.729446e-05	7.056794e-04	7.860990e-04	3.729446e-05	-3.729446e-05	6.190770e-04	9.893152e-04
50            	1.491857e-03	0.000000e+00	1.609473e-03	-4.023683e-05	-1.870965e-04	3.729643e-05	7.056918e-04	7.861654e-04	3.729643e-05	-3.729643e-05	6.176400e-04	9.918331e-04
51            	1.492011e-03	0.000000e+00	1.610433e-03	-4.026084e-05	-1.886802e-04	3.730029e-05	7.057449e-04	7.862666e-04	3.730029e-05	-3.730029e-05	6.165365e-04	9.938969e-04
52            	1.492525e-03	0.000000e+00	1.611336e-03	-4.028341e-05	-1.894292e-04	3.731314e-05	7.059793e-04	7.865461e-04	3.731314e-05	-3.731314e-05	6.162390e-04	9.950973e-04
53            	1.493061e-03	0.000000e+00	1.612259e-03	-4.030648e-05	-1.901768e-04	3.732652e-05	7.062239e-04	7.868369e-04	3.732652e-05	-3.732652e-05	6.159529e-04	9.963065e-04
54            	1.493395e-03	0.000000e+00	1.613113e-03	-4.032782e-05	-1.911904e-04	3.733487e-05	7.063696e-04	7.870252e-04	3.733487e-05	-3.733487e-05	6.153659e-04	9.977468e-04
55            	1.493583e-03	0.000000e+00	1.613882e-03	-4.034705e-05	-1.923318e-04	3.733957e-05	7.064444e-04	7.871385e-04	3.733957e-05	-3.733957e-05	6.146092e-04	9.992727e-04
56            	1.493897e-03	0.000000e+00	1.614502e-03	-4.036254e-05	-1.929223e-04	3.734743e-05	7.065861e-04	7.873112e-04	3.734743e-05	-3.734743e-05	6.143285e-04	1.000173e-03
57            	1.493949e-03	0.000000e+00	1.614961e-03	-4.037403e-05	-1.937200e-04	3.734872e-05	7.066004e-04	7.873484e-04	3.734872e-05	-3.734872e-05	6.137606e-04	1.001200e-03
58            	1.493817e-03	0.000000e+00	1.615196e-03	-4.037990e-05	-1.944390e-04	3.734543e-05	7.065286e-04	7.872884e-04	3.734543e-05	-3.734543e-05	6.131591e-04	1.002037e-03
59            	1.493949e-03	0.000000e+00	1.615265e-03	-4.038162e-05	-1.942974e-04	3.734872e-05	7.065928e-04	7.873560e-04	3.734872e-05	-3.734872e-05	6.133349e-04	1.001930e-03
60            	1.494047e-03	0.000000e+00	1.615242e-03	-4.038106e-05	-1.940423e-04	3.735117e-05	7.066423e-04	7.874044e-04	3.735117e-05	-3.735117e-05	6.135789e-04	1.001664e-03
61            	1.494052e-03	0.000000e+00	1.615169e-03	-4.037921e-05	-1.938706e-04	3.735131e-05	7.066470e-04	7.874054e-04	3.735131e-05	-3.735131e-05	6.137137e-04	1.001455e-03
62            	1.494034e-03	0.000000e+00	1.615080e-03	-4.037700e-05	-1.937190e-04	3.735086e-05	7.066402e-04	7.873942e-04	3.735086e-05	-3.735086e-05	6.138209e-04	1.001259e-03
63            	1.494026e-03	0.000000e+00	1.614984e-03	-4.037459e-05	-1.935374e-04	3.735064e-05	7.066382e-04	7.873874e-04	3.735064e-05	-3.735064e-05	6.139544e-04	1.001029e-03
64            	1.494179e-03	0.000000e+00	1.614886e-03	-4.037214e-05	-1.930296e-04	3.735449e-05	7.067176e-04	7.874619e-04	3.735449e-05	-3.735449e-05	6.144133e-04	1.000472e-03
65            	1.494072e-03	0.000000e+00	1.614726e-03	-4.036815e-05	-1.929236e-04	3.735180e-05	7.066678e-04	7.874041e-04	3.735180e-05	-3.735180e-05	6.144393e-04	1.000287e-03
66            	1.493994e-03	0.000000e+00	1.614452e-03	-4.036130e-05	-1.925325e-04	3.734985e-05	7.066356e-04	7.873582e-04	3.734985e-05	-3.734985e-05	6.146935e-04	9.997584e-04
67            	1.493813e-03	0.000000e+00	1.614073e-03	-4.035182e-05	-1.921370e-04	3.734532e-05	7.065546e-04	7.872582e-04	3.734532e-05	-3.734532e-05	6.148995e-04	9.991734e-04
68            	1.493602e-03	0.000000e+00	1.613604e-03	-4.034011e-05	-1.916240e-04	3.734004e-05	7.064607e-04	7.871409e-04	3.734004e-05	-3.734004e-05	6.151781e-04	9.984261e-04
69            	1.493470e-03	0.000000e+00	1.613111e-03	-4.032777e-05	-1.909009e-04	3.733676e-05	7.064074e-04	7.870629e-04	3.733676e-05	-3.733676e-05	6.156545e-04	9.974562e-04
70            	1.493410e-03	0.000000e+00	1.612659e-03	-4.031646e-05	-1.901195e-04	3.733524e-05	7.063884e-04	7.870213e-04	3.733524e-05	-3.733524e-05	6.162097e-04	9.964488e-04
71            	1.493384e-03	0.000000e+00	1.612281e-03	-4.030702e-05	-1.894186e-04	3.733460e-05	7.063849e-04	7.869990e-04	3.733460e-05	-3.733460e-05	6.167219e-04	9.955591e-04
72            	1.493358e-03	0.000000e+00	1.611987e-03	-4.029968e-05	-1.888877e-04	3.733394e-05	7.063792e-04	7.869786e-04	3.733394e-05	-3.733394e-05	6.171060e-04	9.948814e-04
73            	1.493404e-03	0.000000e+00	1.611758e-03	-4.029395e-05	-1.883419e-04	3.733510e-05	7.064080e-04	7.869959e-04	3.733510e-05	-3.733510e-05	6.175370e-04	9.942209e-04
74            	1.493436e-03	0.000000e+00	1.611589e-03	-4.028973e-05	-1.879458e-04	3.733590e-05	7.064283e-04	7.870078e-04	3.733590e-05	-3.733590e-05	6.178488e-04	9.937405e-04
75            	1.493320e-03	0.000000e+00	1.611410e-03	-4.028524e-05	-1.878260e-04	3.733299e-05	7.063746e-04	7.869451e-04	3.733299e-05	-3.733299e-05	6.178788e-04	9.935308e-04
76            	1.493247e-03	0.000000e+00	1.611199e-03	-4.027998e-05	-1.875578e-04	3.733116e-05	7.063433e-04	7.869033e-04	3.733116e-05	-3.733116e-05	6.180417e-04	9.931573e-04
77            	1.493177e-03	0.000000e+00	1.610969e-03	-4.027423e-05	-1.872431e-04	3.732943e-05	7.063144e-04	7.868629e-04	3.732943e-05	-3.732943e-05	6.182416e-04	9.927278e-04
78            	1.493208e-03	0.000000e+00	1.610762e-03	-4.026905e-05	-1.867711e-04	3.733021e-05	7.063352e-04	7.868733e-04	3.733021e-05	-3.733021e-05	6.186100e-04	9.921521e-04
79            	1.493208e-03	0.000000e+00	1.610618e-03	-4.026544e-05	-1.864872e-04	3.733019e-05	7.063385e-04	7.868693e-04	3.733019e-05	-3.733019e-05	6.188216e-04	9.917960e-04
80            	1.493228e-03	0.000000e+00	1.610554e-03	-4.026385e-05	-1.863234e-04	3.733070e-05	7.063502e-04	7.868779e-04	3.733070e-05	-3.733070e-05	6.189536e-04	9.916004e-04
81            	1.493297e-03	0.000000e+00	1.610583e-03	-4.026457e-05	-1.862457e-04	3.733244e-05	7.063841e-04	7.869133e-04	3.733244e-05	-3.733244e-05	6.190457e-04	9.915372e-04
82            	1.493340e-03	0.000000e+00	1.610683e-03	-4.026708e-05	-1.863660e-04	3.733349e-05	7.064027e-04	7.869369e-04	3.733349e-05	-3.733349e-05	6.189755e-04	9.917076e-04
83            	1.493381e-03	0.000000e+00	1.610814e-03	-4.027036e-05	-1.865499e-04	3.733453e-05	7.064202e-04	7.869609e-04	3.733453e-05	-3.733453e-05	6.188572e-04	9.919571e-04
84            	1.493421e-03	0.000000e+00	1.610950e-03	-4.027375e-05	-1.867464e-04	3.733551e-05	7.064365e-04	7.869840e-04	3.733551e-05	-3.733551e-05	6.187285e-04	9.922213e-04
85            	1.493424e-03	0.000000e+00	1.611059e-03	-4.027647e-05	-1.869608e-04	3.733561e-05	7.064358e-04	7.869887e-04	3.733561e-05	-3.733561e-05	6.185687e-04	9.924903e-04
86            	1.493451e-03	0.000000e+00	1.611143e-03	-4.027857e-05	-1.870796e-04	3.733626e-05	7.064467e-04	7.870038e-04	3.733626e-05	-3.733626e-05	6.184918e-04	9.926510e-04
87            	1.493510e-03	0.000000e+00	1.611230e-03	-4.028074e-05	-1.871367e-04	3.733774e-05	7.064741e-04	7.870356e-04	3.733774e-05	-3.733774e-05	6.184782e-04	9.927516e-04
88            	1.493583e-03	0.000000e+00	1.611336e-03	-4.028341e-05	-1.872035e-04	3.733958e-05	7.065083e-04	7.870751e-04	3.733958e-05	-3.733958e-05	6.184646e-04	9.928716e-04
89            	1.493630e-03	0.000000e+00	1.611479e-03	-4.028698e-05	-1.873974e-04	3.734074e-05	7.065279e-04	7.871018e-04	3.734074e-05	-3.734074e-05	6.183423e-04	9.931370e-04
90            	1.493678e-03	0.000000e+00	1.611648e-03	-4.029120e-05	-1.876391e-04	3.734195e-05	7.065478e-04	7.871302e-04	3.734195e-05	-3.734195e-05	6.181848e-04	9.934630e-04
91            	1.493747e-03	0.000000e+00	1.611840e-03	-4.029600e-05	-1.878859e-04	3.734368e-05	7.065776e-04	7.871696e-04	3.734368e-05	-3.734368e-05	6.180341e-04	9.938059e-04
92            	1.493807e-03	0.000000e+00	1.612036e-03	-4.030090e-05	-1.881601e-04	3.734517e-05	7.066025e-04	7.872043e-04	3.734517e-05	-3.734517e-05	6.178579e-04	9.941782e-04
93            	1.493845e-03	0.000000e+00	1.612215e-03	-4.030538e-05	-1.884424e-04	3.734613e-05	7.066173e-04	7.872281e-04	3.734613e-05	-3.734613e-05	6.176652e-04	9.945500e-04
94            	1.493862e-03	0.000000e+00	1.612364e-03	-4.030909e-05	-1.887067e-04	3.734656e-05	7.066220e-04	7.872402e-04	3.734656e-05	-3.734656e-05	6.174751e-04	9.948886e-04
95            	1.493871e-03	0.000000e+00	1.612468e-03	-4.031171e-05	-1.888993e-04	3.734677e-05	7.066238e-04	7.872472e-04	3.734677e-05	-3.734677e-05	6.173349e-04	9.951334e-04
96            	1.493883e-03	0.000000e+00	1.612544e-03	-4.031360e-05	-1.890268e-04	3.734708e-05	7.066279e-04	7.872551e-04	3.734708e-05	-3.734708e-05	6.172453e-04	9.952989e-04
97            	1.493906e-03	0.000000e+00	1.612608e-03	-4.031521e-05	-1.891096e-04	3.734764e-05	7.066376e-04	7.872680e-04	3.734764e-05	-3.734764e-05	6.171946e-04	9.954137e-04
98            	1.493930e-03	0.000000e+00	1.612675e-03	-4.031687e-05	-1.891929e-04	3.734826e-05	7.066482e-04	7.872820e-04	3.734826e-05	-3.734826e-05	6.171445e-04	9.955302e-04
99            	1.493971e-03	0.000000e+00	1.612755e-03	-4.031888e-05	-1.892727e-04	3.734927e-05	7.066665e-04	7.873043e-04	3.734927e-05	-3.734927e-05	6.171050e-04	9.956503e-04
100           	1.494017e-03	0.000000e+00	1.612849e-03	-4.032123e-05	-1.893681e-04	3.735042e-05	7.066871e-04	7.873295e-04	3.735042e-05	-3.735042e-05	6.170564e-04	9.957926e-04
101           	1.494047e-03	0.000000e+00	1.612941e-03	-4.032353e-05	-1.894924e-04	3.735117e-05	7.066999e-04	7.873469e-04	3.735117e-05	-3.735117e-05	6.169782e-04	9.959630e-04
102           	1.494048e-03	0.000000e+00	1.613013e-03	-4.032532e-05	-1.896342e-04	3.735119e-05	7.066985e-04	7.873492e-04	3.735119e-05	-3.735119e-05	6.168722e-04	9.961405e-04
103           	1.494049e-03	0.000000e+00	1.613054e-03	-4.032635e-05	-1.897144e-04	3.735123e-05	7.066982e-04	7.873509e-04	3.735123e-05	-3.735123e-05	6.168125e-04	9.962413e-04
104           	1.494045e-03	0.000000e+00	1.613063e-03	-4.032657e-05	-1.897397e-04	3.735113e-05	7.066961e-04	7.873492e-04	3.735113e-05	-3.735113e-05	6.167916e-04	9.962710e-04
105           	1.494039e-03	0.000000e+00	1.613047e-03	-4.032617e-05	-1.897203e-04	3.735098e-05	7.066934e-04	7.873458e-04	3.735098e-05	-3.735098e-05	6.168031e-04	9.962436e-04
106           	1.494035e-03	0.000000e+00	1.613019e-03	-4.032548e-05	-1.896728e-04	3.735089e-05	7.066922e-04	7.873432e-04	3.735089e-05	-3.735089e-05	6.168368e-04	9.961824e-04
107           	1.494040e-03	0.000000e+00	1.612995e-03	-4.032488e-05	-1.896147e-04	3.735101e-05	7.066953e-04	7.873451e-04	3.735101e-05	-3.735101e-05	6.168830e-04	9.961123e-04
108           	1.494053e-03	0.000000e+00	1.612984e-03	-4.032460e-05	-1.895669e-04	3.735133e-05	7.067020e-04	7.873512e-04	3.735133e-05	-3.735133e-05	6.169252e-04	9.960589e-04
109           	1.494064e-03	0.000000e+00	1.612984e-03	-4.032459e-05	-1.895437e-04	3.735161e-05	7.067075e-04	7.873567e-04	3.735161e-05	-3.735161e-05	6.169481e-04	9.960355e-04
110           	1.494066e-03	0.000000e+00	1.612987e-03	-4.032467e-05	-1.895479e-04	3.735164e-05	7.067081e-04	7.873574e-04	3.735164e-05	-3.735164e-05	6.169454e-04	9.960413e-04
111           	1.494066e-03	0.000000e+00	1.612984e-03	-4.032459e-05	-1.895415e-04	3.735165e-05	7.067084e-04	7.873576e-04	3.735165e-05	-3.735165e-05	6.169503e-04	9.960333e-04
112           	1.494060e-03	0.000000e+00	1.612967e-03	-4.032419e-05	-1.895222e-04	3.735150e-05	7.067058e-04	7.873541e-04	3.735150e-05	-3.735150e-05	6.169616e-04	9.960059e-04
113           	1.494044e-03	0.000000e+00	1.612936e-03	-4.032340e-05	-1.894910e-04	3.735111e-05	7.066988e-04	7.873456e-04	3.735111e-05	-3.735111e-05	6.169770e-04	9.959590e-04
114           	1.494028e-03	0.000000e+00	1.612892e-03	-4.032229e-05	-1.894348e-04	3.735071e-05	7.066919e-04	7.873365e-04	3.735071e-05	-3.735071e-05	6.170111e-04	9.958806e-04
115           	1.494018e-03	0.000000e+00	1.612843e-03	-4.032109e-05	-1.893590e-04	3.735045e-05	7.066880e-04	7.873302e-04	3.735045e-05	-3.735045e-05	6.170627e-04	9.957807e-04
116           	1.494016e-03	0.000000e+00	1.612801e-03	-4.032002e-05	-1.892775e-04	3.735041e-05	7.066881e-04	7.873281e-04	3.735041e-05	-3.735041e-05	6.171228e-04	9.956779e-04
117           	1.494019e-03	0.000000e+00	1.612769e-03	-4.031922e-05	-1.892081e-04	3.735048e-05	7.066904e-04	7.873288e-04	3.735048e-05	-3.735048e-05	6.171763e-04	9.955926e-04
118           	1.494027e-03	0.000000e+00	1.612751e-03	-4.031878e-05	-1.891584e-04	3.735067e-05	7.066946e-04	7.873321e-04	3.735067e-05	-3.735067e-05	6.172173e-04	9.955340e-04
119           	1.494034e-03	0.000000e+00	1.612745e-03	-4.031862e-05	-1.891317e-04	3.735084e-05	7.066982e-04	7.873355e-04	3.735084e-05	-3.735084e-05	6.172407e-04	9.955041e-04
120           	1.494037e-03	0.000000e+00	1.612742e-03	-4.031854e-05	-1.891195e-04	3.735092e-05	7.067000e-04	7.873370e-04	3.735092e-05	-3.735092e-05	6.172513e-04	9.954903e-04
121           	1.494032e-03	0.000000e+00	1.612735e-03	-4.031837e-05	-1.891169e-04	3.735080e-05	7.066975e-04	7.873343e-04	3.735080e-05	-3.735080e-05	6.172505e-04	9.954843e-04
122           	1.494020e-03	0.000000e+00	1.612719e-03	-4.031797e-05	-1.891100e-04	3.735049e-05	7.066918e-04	7.873278e-04	3.735049e-05	-3.735049e-05	6.172494e-04	9.954694e-04
123           	1.494007e-03	0.000000e+00	1.612694e-03	-4.031735e-05	-1.890860e-04	3.735018e-05	7.066862e-04	7.873209e-04	3.735018e-05	-3.735018e-05	6.172611e-04	9.954331e-04
124           	1.493999e-03	0.000000e+00	1.612666e-03	-4.031665e-05	-1.890475e-04	3.734996e-05	7.066826e-04	7.873159e-04	3.734996e-05	-3.734996e-05	6.172856e-04	9.953805e-04
125           	1.493996e-03	0.000000e+00	1.612642e-03	-4.031604e-05	-1.890033e-04	3.734990e-05	7.066820e-04	7.873141e-04	3.734990e-05	-3.734990e-05	6.173174e-04	9.953241e-04
126           	1.493998e-03	0.000000e+00	1.612626e-03	-4.031566e-05	-1.889684e-04	3.734996e-05	7.066835e-04	7.873148e-04	3.734996e-05	-3.734996e-05	6.173448e-04	9.952815e-04
127           	1.494006e-03	0.000000e+00	1.612623e-03	-4.031558e-05	-1.889473e-04	3.735015e-05	7.066874e-04	7.873186e-04	3.735015e-05	-3.735015e-05	6.173644e-04	9.952590e-04
128           	1.494014e-03	0.000000e+00	1.612630e-03	-4.031575e-05	-1.889450e-04	3.735035e-05	7.066912e-04	7.873227e-04	3.735035e-05	-3.735035e-05	6.173700e-04	9.952600e-04
129           	1.494018e-03	0.000000e+00	1.612641e-03	-4.031601e-05	-1.889574e-04	3.735046e-05	7.066932e-04	7.873252e-04	3.735046e-05	-3.735046e-05	6.173629e-04	9.952777e-04
130           	1.494018e-03	0.000000e+00	1.612650e-03	-4.031624e-05	-1.889769e-04	3.735045e-05	7.066928e-04	7.873253e-04	3.735045e-05	-3.735045e-05	6.173480e-04	9.953018e-04
131           	1.494015e-03	0.000000e+00	1.612654e-03	-4.031634e-05	-1.889908e-04	3.735038e-05	7.066912e-04	7.873239e-04	3.735038e-05	-3.735038e-05	6.173360e-04	9.953177e-04
132           	1.494012e-03	0.000000e+00	1.612652e-03	-4.031630e-05	-1.889935e-04	3.735031e-05	7.066899e-04	7.873225e-04	3.735031e-05	-3.735031e-05	6.173326e-04	9.953195e-04
133           	1.494010e-03	0.000000e+00	1.612647e-03	-4.031618e-05	-1.889882e-04	3.735025e-05	7.066888e-04	7.873212e-04	3.735025e-05	-3.735025e-05	6.173354e-04	9.953117e-04
134           	1.494009e-03	0.000000e+00	1.612641e-03	-4.031604e-05	-1.889793e-04	3.735022e-05	7.066884e-04	7.873205e-04	3.735022e-05	-3.735022e-05	6.173415e-04	9.953000e-04
135           	1.494009e-03	0.000000e+00	1.612639e-03	-4.031599e-05	-1.889739e-04	3.735024e-05	7.066887e-04	7.873207e-04	3.735024e-05	-3.735024e-05	6.173458e-04	9.952937e-04
136           	1.494013e-03	0.000000e+00	1.612643e-03	-4.031608e-05	-1.889734e-04	3.735033e-05	7.066906e-04	7.873228e-04	3.735033e-05	-3.735033e-05	6.173481e-04	9.952950e-04
137           	1.494020e-03	0.000000e+00	1.612653e-03	-4.031632e-05	-1.889805e-04	3.735049e-05	7.066935e-04	7.873262e-04	3.735049e-05	-3.735049e-05	6.173460e-04	9.953070e-04
138           	1.494025e-03	0.000000e+00	1.612666e-03	-4.031666e-05	-1.889973e-04	3.735062e-05	7.066957e-04	7.873290e-04	3.735062e-05	-3.735062e-05	6.173359e-04	9.953304e-04
139           	1.494027e-03	0.000000e+00	1.612680e-03	-4.031699e-05	-1.890190e-04	3.735068e-05	7.066966e-04	7.873306e-04	3.735068e-05	-3.735068e-05	6.173209e-04	9.953588e-04
140           	1.494027e-03	0.000000e+00	1.612690e-03	-4.031725e-05	-1.890391e-04	3.735068e-05	7.066964e-04	7.873309e-04	3.735068e-05	-3.735068e-05	6.173058e-04	9.953840e-04
141           	1.494025e-03	0.000000e+00	1.612696e-03	-4.031739e-05	-1.890546e-04	3.735063e-05	7.066953e-04	7.873301e-04	3.735063e-05	-3.735063e-05	6.172931e-04	9.954024e-04
142           	1.494022e-03	0.000000e+00	1.612696e-03	-4.031741e-05	-1.890620e-04	3.735056e-05	7.066938e-04	7.873286e-04	3.735056e-05	-3.735056e-05	6.172861e-04	9.954102e-04
143           	1.494021e-03	0.000000e+00	1.612694e-03	-4.031735e-05	-1.890611e-04	3.735052e-05	7.066930e-04	7.873277e-04	3.735052e-05	-3.735052e-05	6.172859e-04	9.954082e-04
144           	1.494021e-03	0.000000e+00	1.612692e-03	-4.031730e-05	-1.890562e-04	3.735052e-05	7.066932e-04	7.873278e-04	3.735052e-05	-3.735052e-05	6.172898e-04	9.954022e-04
145           	1.494023e-03	0.000000e+00	1.612693e-03	-4.031732e-05	-1.890528e-04	3.735059e-05	7.066944e-04	7.873290e-04	3.735059e-05	-3.735059e-05	6.172936e-04	9.953992e-04
146           	1.494027e-03	0.000000e+00	1.612698e-03	-4.031744e-05	-1.890547e-04	3.735068e-05	7.066962e-04	7.873311e-04	3.735068e-05	-3.735068e-05	6.172941e-04	9.954036e-04
147           	1.494031e-03	0.000000e+00	1.612706e-03	-4.031765e-05	-1.890626e-04	3.735079e-05	7.066981e-04	7.873334e-04	3.735079e-05	-3.735079e-05	6.172903e-04	9.954155e-04
148           	1.494035e-03	0.000000e+00	1.612715e-03	-4.031789e-05	-1.890753e-04	3.735087e-05	7.066995e-04	7.873352e-04	3.735087e-05	-3.735087e-05	6.172825e-04	9.954330e-04
149           	1.494035e-03	0.000000e+00	1.612723e-03	-4.031809e-05	-1.890898e-04	3.735089e-05	7.066997e-04	7.873358e-04	3.735089e-05	-3.735089e-05	6.172719e-04	9.954515e-04
150           	1.494034e-03	0.000000e+00	1.612728e-03	-4.031819e-05	-1.891018e-04	3.735084e-05	7.066986e-04	7.873350e-04	3.735084e-05	-3.735084e-05	6.172620e-04	9.954656e-04
151           	1.494030e-03	0.000000e+00	1.612727e-03	-4.031818e-05	-1.891075e-04	3.735076e-05	7.066970e-04	7.873334e-04	3.735076e-05	-3.735076e-05	6.172561e-04	9.954711e-04
152           	1.494028e-03	0.000000e+00	1.612724e-03	-4.031809e-05	-1.891057e-04	3.735070e-05	7.066958e-04	7.873320e-04	3.735070e-05	-3.735070e-05	6.172562e-04	9.954675e-04
153           	1.494027e-03	0.000000e+00	1.612719e-03	-4.031798e-05	-1.890984e-04	3.735067e-05	7.066955e-04	7.873315e-04	3.735067e-05	-3.735067e-05	6.172612e-04	9.954580e-04
154           	1.494028e-03	0.000000e+00	1.612716e-03	-4.031790e-05	-1.890901e-04	3.735070e-05	7.066960e-04	7.873318e-04	3.735070e-05	-3.735070e-05	6.172679e-04	9.954481e-04
155           	1.494030e-03	0.000000e+00	1.612715e-03	-4.031789e-05	-1.890846e-04	3.735075e-05	7.066971e-04	7.873329e-04	3.735075e-05	-3.735075e-05	6.172731e-04	9.954423e-04
156           	1.494032e-03	0.000000e+00	1.612718e-03	-4.031794e-05	-1.890839e-04	3.735081e-05	7.066983e-04	7.873342e-04	3.735081e-05	-3.735081e-05	6.172749e-04	9.954427e-04
157           	1.494034e-03	0.000000e+00	1.612722e-03	-4.031804e-05	-1.890879e-04	3.735086e-05	7.066992e-04	7.873352e-04	3.735086e-05	-3.735086e-05	6.172729e-04	9.954486e-04
158           	1.494035e-03	0.000000e+00	1.612725e-03	-4.031813e-05	-1.890942e-04	3.735087e-05	7.066994e-04	7.873356e-04	3.735087e-05	-3.735087e-05	6.172684e-04	9.954568e-04
159           	1.494034e-03	0.000000e+00	1.612728e-03	-4.031819e-05	-1.891011e-04	3.735085e-05	7.066988e-04	7.873352e-04	3.735085e-05	-3.735085e-05	6.172628e-04	9.954650e-04
160           	1.494032e-03	0.000000e+00	1.612728e-03	-4.031819e-05	-1.891046e-04	3.735081e-05	7.066979e-04	7.873343e-04	3.735081e-05	-3.735081e-05	6.172592e-04	9.954684e-04
161           	1.494030e-03	0.000000e+00	1.612725e-03	-4.031813e-05	-1.891036e-04	3.735075e-05	7.066969e-04	7.873332e-04	3.735075e-05	-3.735075e-05	6.172589e-04	9.954661e-04
162           	1.494028e-03	0.000000e+00	1.612721e-03	-4.031802e-05	-1.890988e-04	3.735071e-05	7.066961e-04	7.873322e-04	3.735071e-05	-3.735071e-05	6.172616e-04	9.954593e-04
163           	1.494027e-03	0.000000e+00	1.612717e-03	-4.031791e-05	-1.890919e-04	3.735069e-05	7.066958e-04	7.873316e-04	3.735069e-05	-3.735069e-05	6.172664e-04	9.954502e-04
164           	1.494028e-03	0.000000e+00	1.612713e-03	-4.031783e-05	-1.890847e-04	3.735069e-05	7.066960e-04	7.873317e-04	3.735069e-05	-3.735069e-05	6.172719e-04	9.954414e-04
165           	1.494029e-03	0.000000e+00	1.612712e-03	-4.031780e-05	-1.890796e-04	3.735073e-05	7.066967e-04	7.873323e-04	3.735073e-05	-3.735073e-05	6.172764e-04	9.954356e-04
166           	1.494031e-03	0.000000e+00	1.612713e-03	-4.031782e-05	-1.890784e-04	3.735076e-05	7.066974e-04	7.873331e-04	3.735076e-05	-3.735076e-05	6.172781e-04	9.954348e-04
167           	1.494032e-03	0.000000e+00	1.612715e-03	-4.031788e-05	-1.890807e-04	3.735079e-05	7.066979e-04	7.873337e-04	3.735079e-05	-3.735079e-05	6.172769e-04	9.954383e-04
168           	1.494032e-03	0.000000e+00	1.612718e-03	-4.031794e-05	-1.890849e-04	3.735080e-05	7.066980e-04	7.873339e-04	3.735080e-05	-3.735080e-05	6.172738e-04	9.954437e-04
169           	1.494031e-03	0.000000e+00	1.612719e-03	-4.031797e-05	-1.890887e-04	3.735078e-05	7.066976e-04	7.873336e-04	3.735078e-05	-3.735078e-05	6.172706e-04	9.954481e-04
170           	1.494030e-03	0.000000e+00	1.612718e-03	-4.031795e-05	-1.890904e-04	3.735075e-05	7.066970e-04	7.873329e-04	3.735075e-05	-3.735075e-05	6.172687e-04	9.954495e-04
171           	1.494028e-03	0.000000e+00	1.612716e-03	-4.031790e-05	-1.890892e-04	3.735071e-05	7.066963e-04	7.873321e-04	3.735071e-05	-3.735071e-05	6.172688e-04	9.954472e-04
172           	1.494027e-03	0.000000e+00	1.612713e-03	-4.031783e-05	-1.890856e-04	3.735068e-05	7.066958e-04	7.873314e-04	3.735068e-05	-3.735068e-05	6.172710e-04	9.954421e-04
173           	1.494027e-03	0.000000e+00	1.612710e-03	-4.031776e-05	-1.890806e-04	3.735067e-05	7.066956e-04	7.873312e-04	3.735067e-05	-3.735067e-05	6.172745e-04	9.954357e-04
174           	1.494027e-03	0.000000e+00	1.612708e-03	-4.031770e-05	-1.890758e-04	3.735068e-05	7.066959e-04	7.873313e-04	3.735068e-05	-3.735068e-05	6.172783e-04	9.954299e-04
175           	1.494028e-03	0.000000e+00	1.612708e-03	-4.031770e-05	-1.890732e-04	3.735070e-05	7.066963e-04	7.873317e-04	3.735070e-05	-3.735070e-05	6.172807e-04	9.954271e-04
176           	1.494029e-03	0.000000e+00	1.612709e-03	-4.031772e-05	-1.890732e-04	3.735073e-05	7.066969e-04	7.873323e-04	3.735073e-05	-3.735073e-05	6.172813e-04	9.954276e-04
177           	1.494030e-03	0.000000e+00	1.612711e-03	-4.031777e-05	-1.890756e-04	3.735075e-05	7.066972e-04	7.873328e-04	3.735075e-05	-3.735075e-05	6.172799e-04	9.954310e-04
178           	1.494030e-03	0.000000e+00	1.612713e-03	-4.031782e-05	-1.890791e-04	3.735075e-05	7.066972e-04	7.873329e-04	3.735075e-05	-3.735075e-05	6.172773e-04	9.954354e-04
179           	1.494030e-03	0.000000e+00	1.612714e-03	-4.031785e-05	-1.890822e-04	3.735074e-05	7.066970e-04	7.873327e-04	3.735074e-05	-3.735074e-05	6.172747e-04	9.954392e-04
180           	1.494029e-03	0.000000e+00	1.612714e-03	-4.031785e-05	-1.890841e-04	3.735072e-05	7.066965e-04	7.873322e-04	3.735072e-05	-3.735072e-05	6.172728e-04	9.954410e-04
181           	1.494028e-03	0.000000e+00	1.612713e-03	-4.031781e-05	-1.890837e-04	3.735069e-05	7.066960e-04	7.873316e-04	3.735069e-05	-3.735069e-05	6.172726e-04	9.954400e-04
182           	1.494027e-03	0.000000e+00	1.612710e-03	-4.031776e-05	-1.890812e-04	3.735066e-05	7.066955e-04	7.873310e-04	3.735066e-05	-3.735066e-05	6.172739e-04	9.954364e-04
183           	1.494027e-03	0.000000e+00	1.612708e-03	-4.031771e-05	-1.890774e-04	3.735066e-05	7.066956e-04	7.873310e-04	3.735066e-05	-3.735066e-05	6.172768e-04	9.954316e-04
184           	1.494027e-03	0.000000e+00	1.612708e-03	-4.031769e-05	-1.890741e-04	3.735068e-05	7.066960e-04	7.873313e-04	3.735068e-05	-3.735068e-05	6.172797e-04	9.954278e-04
185           	1.494028e-03	0.000000e+00	1.612708e-03	-4.031770e-05	-1.890729e-04	3.735071e-05	7.066965e-04	7.873318e-04	3.735071e-05	-3.735071e-05	6.172810e-04	9.954269e-04
186           	1.494029e-03	0.000000e+00	1.612710e-03	-4.031774e-05	-1.890741e-04	3.735073e-05	7.066969e-04	7.873324e-04	3.735073e-05	-3.735073e-05	6.172806e-04	9.954289e-04
187           	1.494030e-03	0.000000e+00	1.612711e-03	-4.031778e-05	-1.890771e-04	3.735074e-05	7.066970e-04	7.873326e-04	3.735074e-05	-3.735074e-05	6.172786e-04	9.954327e-04
188           	1.494030e-03	0.000000e+00	1.612713e-03	-4.031782e-05	-1.890804e-04	3.735074e-05	7.066969e-04	7.873326e-04	3.735074e-05	-3.735074e-05	6.172760e-04	9.954369e-04
189           	1.494029e-03	0.000000e+00	1.612714e-03	-4.031784e-05	-1.890828e-04	3.735073e-05	7.066967e-04	7.873324e-04	3.735073e-05	-3.735073e-05	6.172740e-04	9.954396e-04
190           	1.494028e-03	0.000000e+00	1.612713e-03	-4.031784e-05	-1.890837e-04	3.735071e-05	7.066964e-04	7.873321e-04	3.735071e-05	-3.735071e-05	6.172730e-04	9.954404e-04
191           	1.494028e-03	0.000000e+00	1.612712e-03	-4.031781e-05	-1.890830e-04	3.735069e-05	7.066960e-04	7.873316e-04	3.735069e-05	-3.735069e-05	6.172731e-04	9.954391e-04
192           	1.494027e-03	0.000000e+00	1.612711e-03	-4.031777e-05	-1.890808e-04	3.735068e-05	7.066959e-04	7.873314e-04	3.735068e-05	-3.735068e-05	6.172746e-04	9.954361e-04
193           	1.494028e-03	0.000000e+00	1.612710e-03	-4.031775e-05	-1.890781e-04	3.735069e-05	7.066961e-04	7.873316e-04	3.735069e-05	-3.735069e-05	6.172768e-04	9.954331e-04
194           	1.494028e-03	0.000000e+00	1.612710e-03	-4.031774e-05	-1.890764e-04	3.735071e-05	7.066964e-04	7.873319e-04	3.735071e-05	-3.735071e-05	6.172784e-04	9.954312e-04
195           	1.494029e-03	0.000000e+00	1.612710e-03	-4.031776e-05	-1.890763e-04	3.735072e-05	7.066967e-04	7.873322e-04	3.735072e-05	-3.735072e-05	6.172788e-04	9.954315e-04
196           	1.494030e-03	0.000000e+00	1.612712e-03	-4.031779e-05	-1.890778e-04	3.735074e-05	7.066970e-04	7.873326e-04	3.735074e-05	-3.735074e-05	6.172780e-04	9.954335e-04
197           	1.494030e-03	0.000000e+00	1.612713e-03	-4.031782e-05	-1.890802e-04	3.735074e-05	7.066970e-04	7.873327e-04	3.735074e-05	-3.735074e-05	6.172763e-04	9.954367e-04
198           	1.494029e-03	0.000000e+00	1.612714e-03	-4.031785e-05	-1.890827e-04	3.735073e-05	7.066968e-04	7.873325e-04	3.735073e-05	-3.735073e-05	6.172743e-04	9.954396e-04
199           	1.494029e-03	0.000000e+00	1.612714e-03	-4.031785e-05	-1.890841e-04	3.735072e-05	7.066966e-04	7.873323e-04	3.735072e-05	-3.735072e-05	6.172729e-04	9.954412e-04
200           	1.494028e-03	0.000000e+00	1.612714e-03	-4.031784e-05	-1.890842e-04	3.735071e-05	7.066964e-04	7.873320e-04	3.735071e-05	-3.735071e-05	6.172726e-04	9.954410e-04
201           	1.494028e-03	0.000000e+00	1.612713e-03	-4.031781e-05	-1.890831e-04	3.735070e-05	7.066961e-04	7.873317e-04	3.735070e-05	-3.735070e-05	6.172732e-04	9.954394e-04
202           	1.494028e-03	0.000000e+00	1.612711e-03	-4.031779e-05	-1.890812e-04	3.735069e-05	7.066961e-04	7.873316e-04	3.735069e-05	-3.735069e-05	6.172746e-04	9.954369e-04
203           	1.494028e-03	0.000000e+00	1.612711e-03	-4.031777e-05	-1.890792e-04	3.735070e-05	7.066962e-04	7.873318e-04	3.735070e-05	-3.735070e-05	6.172762e-04	9.954346e-04
204           	1.494028e-03	0.000000e+00	1.612711e-03	-4.031777e-05	-1.890781e-04	3.735071e-05	7.066965e-04	7.873320e-04	3.735071e-05	-3.735071e-05	6.172772e-04	9.954335e-04
205           	1.494029e-03	0.000000e+00	1.612711e-03	-4.031778e-05	-1.890782e-04	3.735073e-05	7.066967e-04	7.873323e-04	3.735073e-05	-3.735073e-05	6.172774e-04	9.954339e-04
206           	1.494029e-03	0.000000e+00	1.612712e-03	-4.031781e-05	-1.890797e-04	3.735074e-05	7.066969e-04	7.873325e-04	3.735074e-05	-3.735074e-05	6.172765e-04	9.954359e-04
207           	1.494029e-03	0.000000e+00	1.612713e-03	-4.031784e-05	-1.890817e-04	3.735074e-05	7.066969e-04	7.873325e-04	3.735074e-05	-3.735074e-05	6.172750e-04	9.954384e-04
208           	1.494029e-03	0.000000e+00	1.612714e-03	-4.031785e-05	-1.890834e-04	3.735073e-05	7.066967e-04	7.873324e-04	3.735073e-05	-3.735073e-05	6.172736e-04	9.954403e-04
209           	1.494029e-03	0.000000e+00	1.612714e-03	-4.031785e-05	-1.890840e-04	3.735072e-05	7.066965e-04	7.873322e-04	3.735072e-05	-3.735072e-05	6.172729e-04	9.954410e-04
210           	1.494028e-03	0.000000e+00	1.612713e-03	-4.031783e-05	-1.890836e-04	3.735071e-05	7.066963e-04	7.873320e-04	3.735071e-05	-3.735071e-05	6.172730e-04	9.954403e-04
211           	1.494028e-03	0.000000e+00	1.612712e-03	-4.031781e-05	-1.890822e-04	3.735070e-05	7.066962e-04	7.873318e-04	3.735070e-05	-3.735070e-05	6.172739e-04	9.954384e-04
212           	1.494028e-03	0.000000e+00	1.612711e-03	-4.031779e-05	-1.890805e-04	3.735070e-05	7.066962e-04	7.873318e-04	3.735070e-05	-3.735070e-05	6.172752e-04	9.954362e-04
213           	1.494028e-03	0.000000e+00	1.612711e-03	-4.031778e-05	-1.890792e-04	3.735071e-05	7.066964e-04	7.873319e-04	3.735071e-05	-3.735071e-05	6.172763e-04	9.954348e-04
214           	1.494029e-03	0.000000e+00	1.612711e-03	-4.031778e-05	-1.890788e-04	3.735072e-05	7.066966e-04	7.873321e-04	3.735072e-05	-3.735072e-05	6.172769e-04	9.954344e-04
215           	1.494029e-03	0.000000e+00	1.612712e-03	-4.031780e-05	-1.890792e-04	3.735073e-05	7.066967e-04	7.873323e-04	3.735073e-05	-3.735073e-05	6.172767e-04	9.954351e-04
216           	1.494029e-03	0.000000e+00	1.612713e-03	-4.031782e-05	-1.890805e-04	3.735073e-05	7.066968e-04	7.873325e-04	3.735073e-05	-3.735073e-05	6.172759e-04	9.954368e-04
217           	1.494029e-03	0.000000e+00	1.612713e-03	-4.031783e-05	-1.890820e-04	3.735073e-05	7.066968e-04	7.873324e-04	3.735073e-05	-3.735073e-05	6.172747e-04	9.954387e-04
218           	1.494029e-03	0.000000e+00	1.612714e-03	-4.031784e-05	-1.890830e-04	3.735072e-05	7.066966e-04	7.873323e-04	3.735072e-05	-3.735072e-05	6.172738e-04	9.954397e-04
219           	1.494028e-03	0.000000e+00	1.612713e-03	-4.031783e-05	-1.890832e-04	3.735071e-05	7.066964e-04	7.873321e-04	3.735071e-05	-3.735071e-05	6.172734e-04	9.954398e-04
220           	1.494028e-03	0.000000e+00	1.612713e-03	-4.031781e-05	-1.890825e-04	3.735070e-05	7.066963e-04	7.873319e-04	3.735070e-05	-3.735070e-05	6.172738e-04	9.954388e-04
221           	1.494028e-03	0.000000e+00	1.612712e-03	-4.031779e-05	-1.890812e-04	3.735070e-05	7.066962e-04	7.873318e-04	3.735070e-05	-3.735070e-05	6.172747e-04	9.954371e-04
222           	1.494028e-03	0.000000e+00	1.612711e-03	-4.031778e-05	-1.890799e-04	3.735070e-05	7.066963e-04	7.873319e-04	3.735070e-05	-3.735070e-05	6.172757e-04	9.954356e-04
223           	1.494028e-03	0.000000e+00	1.612711e-03	-4.031778e-05	-1.890792e-04	3.735071e-05	7.066964e-04	7.873320e-04	3.735071e-05	-3.735071e-05	6.172764e-04	9.954347e-04
224           	1.494029e-03	0.000000e+00	1.612711e-03	-4.031779e-05	-1.890791e-04	3.735072e-05	7.066966e-04	7.873322e-04	3.735072e-05	-3.735072e-05	6.172766e-04	9.954348e-04
225           	1.494029e-03	0.000000e+00	1.612712e-03	-4.031780e-05	-1.890798e-04	3.735072e-05	7.066967e-04	7.873323e-04	3.735072e-05	-3.735072e-05	6.172762e-04	9.954358e-04
226           	1.494029e-03	0.000000e+00	1.612713e-03	-4.031782e-05	-1.890809e-04	3.735073e-05	7.066967e-04	7.873323e-04	3.735073e-05	-3.735073e-05	6.172754e-04	9.954373e-04
227           	1.494029e-03	0.000000e+00	1.612713e-03	-4.031782e-05	-1.890819e-04	3.735072e-05	7.066966e-04	7.873323e-04	3.735072e-05	-3.735072e-05	6.172746e-04	9.954384e-04
228           	1.494029e-03	0.000000e+00	1.612713e-03	-4.031783e-05	-1.890824e-04	3.735072e-05	7.066965e-04	7.873321e-04	3.735072e-05	-3.735072e-05	6.172741e-04	9.954390e-04
229           	1.494028e-03	0.000000e+00	1.612713e-03	-4.031782e-05	-1.890823e-04	3.735071e-05	7.066964e-04	7.873320e-04	3.735071e-05	-3.735071e-05	6.172740e-04	9.954387e-04
230           	1.494028e-03	0.000000e+00	1.612712e-03	-4.031780e-05	-1.890815e-04	3.735070e-05	7.066963e-04	7.873319e-04	3.735070e-05	-3.735070e-05	6.172745e-04	9.954376e-04
231           	1.494028e-03	0.000000e+00	1.612712e-03	-4.031779e-05	-1.890805e-04	3.735070e-05	7.066963e-04	7.873319e-04	3.735070e-05	-3.735070e-05	6.172753e-04	9.954362e-04
232           	1.494028e-03	0.000000e+00	1.612711e-03	-4.031778e-05	-1.890796e-04	3.735071e-05	7.066964e-04	7.873319e-04	3.735071e-05	-3.735071e-05	6.172760e-04	9.954353e-04
233           	1.494028e-03	0.000000e+00	1.612711e-03	-4.031778e-05	-1.890792e-04	3.735071e-05	7.066965e-04	7.873320e-04	3.735071e-05	-3.735071e-05	6.172764e-04	9.954349e-04
234           	1.494029e-03	0.000000e+00	1.612712e-03	-4.031779e-05	-1.890794e-04	3.735072e-05	7.066966e-04	7.873322e-04	3.735072e-05	-3.735072e-05	6.172764e-04	9.954352e-04
