# Force coefficients
# dragDir     : (1.000000e+00 0.000000e+00 0.000000e+00)
# sideDir     : (0.000000e+00 0.000000e+00 -1.000000e+00)
# liftDir     : (0.000000e+00 1.000000e+00 0.000000e+00)
# rollAxis    : (1.000000e+00 0.000000e+00 0.000000e+00)
# pitchAxis   : (0.000000e+00 0.000000e+00 -1.000000e+00)
# yawAxis     : (0.000000e+00 1.000000e+00 0.000000e+00)
# magUInf     : 6.000000e-02
# lRef        : 1.000000e-01
# Aref        : 1.000000e-01
# CofR        : (0.000000e+00 0.000000e+00 0.000000e+00)
#
# Time        	Cd            	Cs            	Cl            	CmRoll        	CmPitch       	CmYaw         	Cd(f)         	Cd(r)         	Cs(f)         	Cs(r)         	Cl(f)         	Cl(r)         
1             	3.173192e-04	-8.698688e-20	6.732313e-04	-1.683078e-05	-8.528771e-04	7.932979e-06	1.418288e-04	1.754904e-04	7.932979e-06	-7.932979e-06	-5.162614e-04	1.189493e-03
2             	1.510430e-03	-1.531357e-19	3.214142e-03	-8.035356e-05	-4.085571e-03	3.776076e-05	6.748617e-04	8.355688e-04	3.776076e-05	-3.776076e-05	-2.478499e-03	5.692642e-03
3             	1.336447e-03	-7.456522e-20	2.655106e-03	-6.637764e-05	-3.104852e-03	3.341118e-05	6.018460e-04	7.346013e-04	3.341118e-05	-3.341118e-05	-1.777299e-03	4.432405e-03
4             	1.135845e-03	-1.884673e-20	2.176593e-03	-5.441481e-05	-2.384317e-03	2.839613e-05	5.135078e-04	6.223375e-04	2.839613e-05	-2.839613e-05	-1.296021e-03	3.472613e-03
5             	1.025010e-03	2.359312e-20	1.912777e-03	-4.781943e-05	-2.029901e-03	2.562526e-05	4.646857e-04	5.603246e-04	2.562526e-05	-2.562526e-05	-1.073513e-03	2.986290e-03
6             	9.431757e-04	2.599255e-20	1.875658e-03	-4.689145e-05	-2.133605e-03	2.357939e-05	4.246964e-04	5.184793e-04	2.357939e-05	-2.357939e-05	-1.195776e-03	3.071434e-03
7             	8.917817e-04	1.996639e-20	1.847484e-03	-4.618711e-05	-2.186155e-03	2.229454e-05	3.997037e-04	4.920780e-04	2.229454e-05	-2.229454e-05	-1.262413e-03	3.109898e-03
8             	8.922350e-04	8.078137e-21	1.886874e-03	-4.717184e-05	-2.271921e-03	2.230587e-05	3.989456e-04	4.932893e-04	2.230587e-05	-2.230587e-05	-1.328484e-03	3.215358e-03
9             	9.644411e-04	-2.583182e-21	2.148561e-03	-5.371403e-05	-2.690980e-03	2.411103e-05	4.285065e-04	5.359346e-04	2.411103e-05	-2.411103e-05	-1.616699e-03	3.765260e-03
10            	1.092801e-03	-6.771523e-21	2.532581e-03	-6.331453e-05	-3.268291e-03	2.732001e-05	4.830858e-04	6.097148e-04	2.732001e-05	-2.732001e-05	-2.002000e-03	4.534582e-03
11            	1.221969e-03	-8.470419e-21	2.869013e-03	-7.172531e-05	-3.737511e-03	3.054922e-05	5.392590e-04	6.827097e-04	3.054922e-05	-3.054922e-05	-2.303004e-03	5.172017e-03
12            	1.316066e-03	-8.675455e-21	3.154445e-03	-7.886112e-05	-4.163290e-03	3.290166e-05	5.791721e-04	7.368944e-04	3.290166e-05	-3.290166e-05	-2.586067e-03	5.740512e-03
13            	1.377866e-03	-7.941172e-21	3.374191e-03	-8.435477e-05	-4.509031e-03	3.444665e-05	6.045782e-04	7.732877e-04	3.444665e-05	-3.444665e-05	-2.821935e-03	6.196126e-03
14            	1.411321e-03	-8.077179e-21	3.519445e-03	-8.798613e-05	-4.746654e-03	3.528303e-05	6.176744e-04	7.936467e-04	3.528303e-05	-3.528303e-05	-2.986931e-03	6.506377e-03
15            	1.443934e-03	-7.851938e-21	3.663219e-03	-9.158047e-05	-4.984836e-03	3.609834e-05	6.303863e-04	8.135472e-04	3.609834e-05	-3.609834e-05	-3.153226e-03	6.816445e-03
16            	1.458708e-03	-8.232277e-21	3.745401e-03	-9.363503e-05	-5.121298e-03	3.646771e-05	6.357192e-04	8.229893e-04	3.646771e-05	-3.646771e-05	-3.248598e-03	6.993999e-03
17            	1.461595e-03	-8.705345e-21	3.805055e-03	-9.512638e-05	-5.232778e-03	3.653987e-05	6.356709e-04	8.259237e-04	3.653987e-05	-3.653987e-05	-3.330250e-03	7.135305e-03
18            	1.464530e-03	-9.610175e-21	3.855942e-03	-9.639855e-05	-5.327212e-03	3.661324e-05	6.358662e-04	8.286633e-04	3.661324e-05	-3.661324e-05	-3.399241e-03	7.255183e-03
19            	1.463655e-03	-1.036257e-20	3.883042e-03	-9.707606e-05	-5.378180e-03	3.659137e-05	6.347513e-04	8.289035e-04	3.659137e-05	-3.659137e-05	-3.436659e-03	7.319701e-03
20            	1.460342e-03	-1.076321e-20	3.892494e-03	-9.731235e-05	-5.396839e-03	3.650854e-05	6.328585e-04	8.274832e-04	3.650854e-05	-3.650854e-05	-3.450592e-03	7.343086e-03
21            	1.457987e-03	-1.112007e-20	3.891668e-03	-9.729169e-05	-5.392572e-03	3.644967e-05	6.317017e-04	8.262851e-04	3.644967e-05	-3.644967e-05	-3.446738e-03	7.338406e-03
22            	1.454592e-03	-1.142404e-20	3.880235e-03	-9.700588e-05	-5.367616e-03	3.636480e-05	6.302902e-04	8.243019e-04	3.636480e-05	-3.636480e-05	-3.427498e-03	7.307734e-03
23            	1.448894e-03	-1.169932e-20	3.862617e-03	-9.656544e-05	-5.334401e-03	3.622236e-05	6.278817e-04	8.210126e-04	3.622236e-05	-3.622236e-05	-3.403092e-03	7.265709e-03
24            	1.442811e-03	-1.193694e-20	3.840357e-03	-9.600893e-05	-5.292766e-03	3.607026e-05	6.253963e-04	8.174142e-04	3.607026e-05	-3.607026e-05	-3.372588e-03	7.212945e-03
25            	1.436987e-03	-1.210493e-20	3.813692e-03	-9.534230e-05	-5.241793e-03	3.592467e-05	6.231511e-04	8.138357e-04	3.592467e-05	-3.592467e-05	-3.334947e-03	7.148639e-03
26            	1.434186e-03	-1.201280e-20	3.788749e-03	-9.471873e-05	-5.189640e-03	3.585466e-05	6.223745e-04	8.118119e-04	3.585466e-05	-3.585466e-05	-3.295266e-03	7.084015e-03
27            	1.429249e-03	-1.197515e-20	3.754226e-03	-9.385565e-05	-5.121092e-03	3.573121e-05	6.207686e-04	8.084799e-04	3.573121e-05	-3.573121e-05	-3.243979e-03	6.998205e-03
28            	1.423312e-03	-1.183737e-20	3.715460e-03	-9.288651e-05	-5.045500e-03	3.558281e-05	6.187696e-04	8.045426e-04	3.558281e-05	-3.558281e-05	-3.187770e-03	6.903231e-03
29            	1.417071e-03	-1.172247e-20	3.676501e-03	-9.191253e-05	-4.970880e-03	3.542678e-05	6.166231e-04	8.004482e-04	3.542678e-05	-3.542678e-05	-3.132630e-03	6.809131e-03
30            	1.410455e-03	-1.165575e-20	3.633863e-03	-9.084658e-05	-4.888833e-03	3.526137e-05	6.143808e-04	7.960740e-04	3.526137e-05	-3.526137e-05	-3.071902e-03	6.705765e-03
31            	1.403396e-03	-1.147163e-20	3.593437e-03	-8.983592e-05	-4.813123e-03	3.508491e-05	6.118622e-04	7.915341e-04	3.508491e-05	-3.508491e-05	-3.016404e-03	6.609841e-03
32            	1.396572e-03	-1.136008e-20	3.553142e-03	-8.882855e-05	-4.737315e-03	3.491430e-05	6.094575e-04	7.871146e-04	3.491430e-05	-3.491430e-05	-2.960744e-03	6.513886e-03
33            	1.389598e-03	-1.118750e-20	3.513362e-03	-8.783405e-05	-4.663215e-03	3.473994e-05	6.069648e-04	7.826329e-04	3.473994e-05	-3.473994e-05	-2.906534e-03	6.419896e-03
34            	1.383089e-03	-1.104883e-20	3.474881e-03	-8.687204e-05	-4.591247e-03	3.457723e-05	6.046726e-04	7.784167e-04	3.457723e-05	-3.457723e-05	-2.853806e-03	6.328687e-03
35            	1.376943e-03	-1.089470e-20	3.437369e-03	-8.593423e-05	-4.520810e-03	3.442359e-05	6.025375e-04	7.744060e-04	3.442359e-05	-3.442359e-05	-2.802126e-03	6.239495e-03
36            	1.370921e-03	-1.067126e-20	3.400431e-03	-8.501077e-05	-4.451450e-03	3.427302e-05	6.004497e-04	7.704713e-04	3.427302e-05	-3.427302e-05	-2.751235e-03	6.151665e-03
37            	1.365567e-03	-1.050922e-20	3.366498e-03	-8.416246e-05	-4.387466e-03	3.413916e-05	5.986208e-04	7.669457e-04	3.413916e-05	-3.413916e-05	-2.704217e-03	6.070715e-03
38            	1.359790e-03	-1.029133e-20	3.332572e-03	-8.331429e-05	-4.324273e-03	3.399475e-05	5.965806e-04	7.632092e-04	3.399475e-05	-3.399475e-05	-2.657987e-03	5.990559e-03
39            	1.354534e-03	-1.011624e-20	3.301568e-03	-8.253920e-05	-4.266495e-03	3.386336e-05	5.947279e-04	7.598063e-04	3.386336e-05	-3.386336e-05	-2.615711e-03	5.917279e-03
40            	1.349324e-03	-9.940859e-21	3.271915e-03	-8.179787e-05	-4.211524e-03	3.373309e-05	5.928639e-04	7.564597e-04	3.373309e-05	-3.373309e-05	-2.575567e-03	5.847482e-03
41            	1.344348e-03	-9.773039e-21	3.244447e-03	-8.111116e-05	-4.160863e-03	3.360869e-05	5.910626e-04	7.532849e-04	3.360869e-05	-3.360869e-05	-2.538640e-03	5.783086e-03
42            	1.339486e-03	-9.610071e-21	3.218610e-03	-8.046525e-05	-4.113556e-03	3.348715e-05	5.892777e-04	7.502082e-04	3.348715e-05	-3.348715e-05	-2.504252e-03	5.722861e-03
43            	1.334802e-03	-9.449418e-21	3.194183e-03	-7.985458e-05	-4.068997e-03	3.337006e-05	5.875465e-04	7.472557e-04	3.337006e-05	-3.337006e-05	-2.471905e-03	5.666089e-03
44            	1.330308e-03	-9.291265e-21	3.171077e-03	-7.927694e-05	-4.026968e-03	3.325771e-05	5.858772e-04	7.444311e-04	3.325771e-05	-3.325771e-05	-2.441429e-03	5.612507e-03
45            	1.325952e-03	-9.136022e-21	3.149139e-03	-7.872847e-05	-3.987203e-03	3.314879e-05	5.842473e-04	7.417043e-04	3.314879e-05	-3.314879e-05	-2.412633e-03	5.561772e-03
46            	1.321802e-03	-8.985986e-21	3.128732e-03	-7.821829e-05	-3.950372e-03	3.304505e-05	5.826828e-04	7.391194e-04	3.304505e-05	-3.304505e-05	-2.386007e-03	5.514738e-03
47            	1.317923e-03	-8.875920e-21	3.110028e-03	-7.775069e-05	-3.916728e-03	3.294808e-05	5.812108e-04	7.367122e-04	3.294808e-05	-3.294808e-05	-2.361714e-03	5.471741e-03
48            	1.314346e-03	-8.742703e-21	3.093186e-03	-7.732965e-05	-3.886559e-03	3.285866e-05	5.798435e-04	7.345028e-04	3.285866e-05	-3.285866e-05	-2.339966e-03	5.433152e-03
49            	1.310871e-03	-8.618478e-21	3.077602e-03	-7.694005e-05	-3.858954e-03	3.277178e-05	5.784955e-04	7.323756e-04	3.277178e-05	-3.277178e-05	-2.320153e-03	5.397755e-03
50            	1.307618e-03	-8.501909e-21	3.063410e-03	-7.658525e-05	-3.833979e-03	3.269044e-05	5.772236e-04	7.303941e-04	3.269044e-05	-3.269044e-05	-2.302274e-03	5.365684e-03
51            	1.303373e-03	-8.417989e-21	3.047416e-03	-7.618541e-05	-3.806927e-03	3.258432e-05	5.755010e-04	7.278718e-04	3.258432e-05	-3.258432e-05	-2.283219e-03	5.330635e-03
52            	1.301193e-03	-8.318420e-21	3.037391e-03	-7.593479e-05	-3.789074e-03	3.252983e-05	5.746619e-04	7.265315e-04	3.252983e-05	-3.252983e-05	-2.270378e-03	5.307770e-03
53            	1.298042e-03	-8.209609e-21	3.024712e-03	-7.561780e-05	-3.767238e-03	3.245104e-05	5.734030e-04	7.246386e-04	3.245104e-05	-3.245104e-05	-2.254882e-03	5.279593e-03
54            	1.296398e-03	-8.123770e-21	3.016645e-03	-7.541613e-05	-3.752573e-03	3.240996e-05	5.727831e-04	7.236153e-04	3.240996e-05	-3.240996e-05	-2.244250e-03	5.260896e-03
55            	1.293649e-03	-8.027308e-21	3.006334e-03	-7.515836e-05	-3.735144e-03	3.234123e-05	5.716662e-04	7.219829e-04	3.234123e-05	-3.234123e-05	-2.231977e-03	5.238311e-03
56            	1.292270e-03	-7.974126e-21	3.000284e-03	-7.500710e-05	-3.724376e-03	3.230675e-05	5.711279e-04	7.211421e-04	3.230675e-05	-3.230675e-05	-2.224234e-03	5.224518e-03
57            	1.290915e-03	-7.896691e-21	2.994598e-03	-7.486496e-05	-3.714470e-03	3.227288e-05	5.705926e-04	7.203225e-04	3.227288e-05	-3.227288e-05	-2.217171e-03	5.211770e-03
58            	1.289537e-03	-7.823753e-21	2.989217e-03	-7.473042e-05	-3.705178e-03	3.223842e-05	5.700380e-04	7.194988e-04	3.223842e-05	-3.223842e-05	-2.210569e-03	5.199786e-03
59            	1.288138e-03	-7.750665e-21	2.984444e-03	-7.461109e-05	-3.697317e-03	3.220345e-05	5.694579e-04	7.186801e-04	3.220345e-05	-3.220345e-05	-2.205095e-03	5.189539e-03
60            	1.286906e-03	-7.684412e-21	2.980288e-03	-7.450720e-05	-3.690491e-03	3.217266e-05	5.689460e-04	7.179604e-04	3.217266e-05	-3.217266e-05	-2.200347e-03	5.180635e-03
61            	1.285777e-03	-7.622678e-21	2.976577e-03	-7.441443e-05	-3.684464e-03	3.214442e-05	5.684740e-04	7.173029e-04	3.214442e-05	-3.214442e-05	-2.196175e-03	5.172752e-03
62            	1.284746e-03	-7.566831e-21	2.973321e-03	-7.433303e-05	-3.679255e-03	3.211865e-05	5.680401e-04	7.167061e-04	3.211865e-05	-3.211865e-05	-2.192594e-03	5.165915e-03
63            	1.283808e-03	-7.517101e-21	2.970508e-03	-7.426271e-05	-3.674854e-03	3.209520e-05	5.676413e-04	7.161667e-04	3.209520e-05	-3.209520e-05	-2.189599e-03	5.160108e-03
64            	1.282966e-03	-7.473802e-21	2.968128e-03	-7.420319e-05	-3.671230e-03	3.207415e-05	5.672798e-04	7.156862e-04	3.207415e-05	-3.207415e-05	-2.187166e-03	5.155294e-03
65            	1.282223e-03	-7.436718e-21	2.966149e-03	-7.415372e-05	-3.668316e-03	3.205557e-05	5.669576e-04	7.152650e-04	3.205557e-05	-3.205557e-05	-2.185241e-03	5.151390e-03
66            	1.281576e-03	-7.405370e-21	2.964530e-03	-7.411325e-05	-3.666021e-03	3.203941e-05	5.666749e-04	7.149014e-04	3.203941e-05	-3.203941e-05	-2.183756e-03	5.148286e-03
67            	1.281028e-03	-7.393295e-21	2.963209e-03	-7.408022e-05	-3.664195e-03	3.202571e-05	5.664340e-04	7.145944e-04	3.202571e-05	-3.202571e-05	-2.182591e-03	5.145799e-03
68            	1.280625e-03	-7.369119e-21	2.962300e-03	-7.405750e-05	-3.663013e-03	3.201563e-05	5.662550e-04	7.143700e-04	3.201563e-05	-3.201563e-05	-2.181863e-03	5.144163e-03
69            	1.280257e-03	-7.347578e-21	2.961569e-03	-7.403923e-05	-3.662165e-03	3.200643e-05	5.660893e-04	7.141678e-04	3.200643e-05	-3.200643e-05	-2.181381e-03	5.142950e-03
70            	1.279939e-03	-7.328968e-21	2.961042e-03	-7.402605e-05	-3.661671e-03	3.199848e-05	5.659434e-04	7.139956e-04	3.199848e-05	-3.199848e-05	-2.181150e-03	5.142192e-03
71            	1.279670e-03	-7.313247e-21	2.960703e-03	-7.401758e-05	-3.661514e-03	3.199174e-05	5.658172e-04	7.138524e-04	3.199174e-05	-3.199174e-05	-2.181163e-03	5.141866e-03
72            	1.279483e-03	-7.300967e-21	2.960583e-03	-7.401458e-05	-3.661690e-03	3.198708e-05	5.657270e-04	7.137561e-04	3.198708e-05	-3.198708e-05	-2.181399e-03	5.141982e-03
73            	1.279321e-03	-7.297047e-21	2.960571e-03	-7.401427e-05	-3.662062e-03	3.198303e-05	5.656464e-04	7.136749e-04	3.198303e-05	-3.198303e-05	-2.181777e-03	5.142348e-03
74            	1.279220e-03	-7.287975e-21	2.960712e-03	-7.401779e-05	-3.662662e-03	3.198049e-05	5.655921e-04	7.136276e-04	3.198049e-05	-3.198049e-05	-2.182307e-03	5.143018e-03
75            	1.279126e-03	-7.281223e-21	2.960894e-03	-7.402234e-05	-3.663347e-03	3.197815e-05	5.655406e-04	7.135853e-04	3.197815e-05	-3.197815e-05	-2.182900e-03	5.143794e-03
76            	1.279035e-03	-7.276086e-21	2.961121e-03	-7.402804e-05	-3.664133e-03	3.197587e-05	5.654894e-04	7.135455e-04	3.197587e-05	-3.197587e-05	-2.183572e-03	5.144693e-03
77            	1.278969e-03	-7.272342e-21	2.961381e-03	-7.403454e-05	-3.664947e-03	3.197422e-05	5.654498e-04	7.135188e-04	3.197422e-05	-3.197422e-05	-2.184256e-03	5.145638e-03
78            	1.278930e-03	-7.270029e-21	2.961694e-03	-7.404235e-05	-3.665827e-03	3.197325e-05	5.654227e-04	7.135074e-04	3.197325e-05	-3.197325e-05	-2.184980e-03	5.146674e-03
79            	1.278913e-03	-7.268918e-21	2.962048e-03	-7.405120e-05	-3.666759e-03	3.197283e-05	5.654055e-04	7.135079e-04	3.197283e-05	-3.197283e-05	-2.185735e-03	5.147783e-03
80            	1.278917e-03	-7.268686e-21	2.962438e-03	-7.406095e-05	-3.667734e-03	3.197293e-05	5.653976e-04	7.135195e-04	3.197293e-05	-3.197293e-05	-2.186515e-03	5.148953e-03
81            	1.278937e-03	-7.269342e-21	2.962845e-03	-7.407112e-05	-3.668718e-03	3.197342e-05	5.653973e-04	7.135396e-04	3.197342e-05	-3.197342e-05	-2.187296e-03	5.150141e-03
82            	1.278955e-03	-7.270197e-21	2.963237e-03	-7.408093e-05	-3.669674e-03	3.197388e-05	5.653967e-04	7.135585e-04	3.197388e-05	-3.197388e-05	-2.188056e-03	5.151293e-03
83            	1.279008e-03	-7.271865e-21	2.963650e-03	-7.409124e-05	-3.670611e-03	3.197519e-05	5.654126e-04	7.135951e-04	3.197519e-05	-3.197519e-05	-2.188786e-03	5.152436e-03
84            	1.279062e-03	-7.274002e-21	2.964052e-03	-7.410131e-05	-3.671523e-03	3.197655e-05	5.654297e-04	7.136323e-04	3.197655e-05	-3.197655e-05	-2.189497e-03	5.153549e-03
85            	1.279119e-03	-7.276519e-21	2.964446e-03	-7.411114e-05	-3.672409e-03	3.197798e-05	5.654484e-04	7.136707e-04	3.197798e-05	-3.197798e-05	-2.190186e-03	5.154632e-03
86            	1.279176e-03	-7.279356e-21	2.964812e-03	-7.412029e-05	-3.673232e-03	3.197940e-05	5.654676e-04	7.137082e-04	3.197940e-05	-3.197940e-05	-2.190826e-03	5.155638e-03
87            	1.279240e-03	-7.282693e-21	2.965188e-03	-7.412971e-05	-3.674066e-03	3.198101e-05	5.654905e-04	7.137499e-04	3.198101e-05	-3.198101e-05	-2.191472e-03	5.156660e-03
88            	1.279309e-03	-7.286304e-21	2.965558e-03	-7.413895e-05	-3.674876e-03	3.198272e-05	5.655155e-04	7.137934e-04	3.198272e-05	-3.198272e-05	-2.192097e-03	5.157655e-03
89            	1.279379e-03	-7.288446e-21	2.965913e-03	-7.414782e-05	-3.675649e-03	3.198446e-05	5.655415e-04	7.138371e-04	3.198446e-05	-3.198446e-05	-2.192692e-03	5.158605e-03
90            	1.279452e-03	-7.291350e-21	2.966261e-03	-7.415651e-05	-3.676398e-03	3.198629e-05	5.655693e-04	7.138823e-04	3.198629e-05	-3.198629e-05	-2.193268e-03	5.159528e-03
91            	1.279531e-03	-7.294540e-21	2.966607e-03	-7.416517e-05	-3.677129e-03	3.198827e-05	5.656003e-04	7.139306e-04	3.198827e-05	-3.198827e-05	-2.193826e-03	5.160433e-03
92            	1.279617e-03	-7.298789e-21	2.966957e-03	-7.417393e-05	-3.677854e-03	3.199043e-05	5.656346e-04	7.139825e-04	3.199043e-05	-3.199043e-05	-2.194375e-03	5.161333e-03
93            	1.279706e-03	-7.302349e-21	2.967305e-03	-7.418264e-05	-3.678564e-03	3.199265e-05	5.656704e-04	7.140356e-04	3.199265e-05	-3.199265e-05	-2.194912e-03	5.162217e-03
94            	1.279798e-03	-7.306814e-21	2.967657e-03	-7.419143e-05	-3.679274e-03	3.199495e-05	5.657076e-04	7.140904e-04	3.199495e-05	-3.199495e-05	-2.195445e-03	5.163102e-03
95            	1.279896e-03	-7.311358e-21	2.968021e-03	-7.420054e-05	-3.679997e-03	3.199739e-05	5.657472e-04	7.141483e-04	3.199739e-05	-3.199739e-05	-2.195987e-03	5.164008e-03
96            	1.279999e-03	-7.315612e-21	2.968368e-03	-7.420920e-05	-3.680663e-03	3.199999e-05	5.657905e-04	7.142089e-04	3.199999e-05	-3.199999e-05	-2.196479e-03	5.164847e-03
97            	1.280099e-03	-7.320126e-21	2.968732e-03	-7.421830e-05	-3.681374e-03	3.200246e-05	5.658310e-04	7.142676e-04	3.200246e-05	-3.200246e-05	-2.197008e-03	5.165740e-03
98            	1.280198e-03	-7.324591e-21	2.969090e-03	-7.422725e-05	-3.682066e-03	3.200495e-05	5.658717e-04	7.143262e-04	3.200495e-05	-3.200495e-05	-2.197521e-03	5.166611e-03
99            	1.280298e-03	-7.328952e-21	2.969450e-03	-7.423624e-05	-3.682757e-03	3.200745e-05	5.659127e-04	7.143852e-04	3.200745e-05	-3.200745e-05	-2.198032e-03	5.167482e-03
100           	1.280396e-03	-7.333234e-21	2.969802e-03	-7.424506e-05	-3.683432e-03	3.200990e-05	5.659530e-04	7.144431e-04	3.200990e-05	-3.200990e-05	-2.198531e-03	5.168333e-03
101           	1.280494e-03	-7.337397e-21	2.970152e-03	-7.425381e-05	-3.684098e-03	3.201234e-05	5.659930e-04	7.145006e-04	3.201234e-05	-3.201234e-05	-2.199022e-03	5.169174e-03
102           	1.280591e-03	-7.341440e-21	2.970498e-03	-7.426245e-05	-3.684750e-03	3.201478e-05	5.660331e-04	7.145580e-04	3.201478e-05	-3.201478e-05	-2.199501e-03	5.169999e-03
103           	1.280689e-03	-7.345334e-21	2.970841e-03	-7.427102e-05	-3.685392e-03	3.201722e-05	5.660734e-04	7.146154e-04	3.201722e-05	-3.201722e-05	-2.199971e-03	5.170812e-03
104           	1.280785e-03	-7.349104e-21	2.971178e-03	-7.427945e-05	-3.686019e-03	3.201962e-05	5.661129e-04	7.146718e-04	3.201962e-05	-3.201962e-05	-2.200430e-03	5.171608e-03
105           	1.280878e-03	-7.352748e-21	2.971508e-03	-7.428770e-05	-3.686633e-03	3.202194e-05	5.661512e-04	7.147266e-04	3.202194e-05	-3.202194e-05	-2.200879e-03	5.172387e-03
106           	1.280966e-03	-7.355438e-21	2.971827e-03	-7.429567e-05	-3.687228e-03	3.202415e-05	5.661873e-04	7.147786e-04	3.202415e-05	-3.202415e-05	-2.201314e-03	5.173141e-03
107           	1.281052e-03	-7.358956e-21	2.972140e-03	-7.430351e-05	-3.687811e-03	3.202629e-05	5.662224e-04	7.148294e-04	3.202629e-05	-3.202629e-05	-2.201741e-03	5.173881e-03
108           	1.281137e-03	-7.362337e-21	2.972448e-03	-7.431119e-05	-3.688379e-03	3.202842e-05	5.662573e-04	7.148797e-04	3.202842e-05	-3.202842e-05	-2.202155e-03	5.174603e-03
109           	1.281216e-03	-7.364656e-21	2.972737e-03	-7.431843e-05	-3.688915e-03	3.203041e-05	5.662898e-04	7.149267e-04	3.203041e-05	-3.203041e-05	-2.202546e-03	5.175284e-03
110           	1.281295e-03	-7.367884e-21	2.973024e-03	-7.432560e-05	-3.689442e-03	3.203239e-05	5.663221e-04	7.149733e-04	3.203239e-05	-3.203239e-05	-2.202930e-03	5.175954e-03
111           	1.281374e-03	-7.371020e-21	2.973309e-03	-7.433272e-05	-3.689963e-03	3.203435e-05	5.663542e-04	7.150196e-04	3.203435e-05	-3.203435e-05	-2.203309e-03	5.176617e-03
112           	1.281449e-03	-7.373940e-21	2.973579e-03	-7.433947e-05	-3.690455e-03	3.203622e-05	5.663849e-04	7.150639e-04	3.203622e-05	-3.203622e-05	-2.203666e-03	5.177244e-03
113           	1.281519e-03	-7.376025e-21	2.973836e-03	-7.434591e-05	-3.690925e-03	3.203798e-05	5.664138e-04	7.151056e-04	3.203798e-05	-3.203798e-05	-2.204007e-03	5.177843e-03
114           	1.281588e-03	-7.378903e-21	2.974092e-03	-7.435230e-05	-3.691391e-03	3.203970e-05	5.664417e-04	7.151463e-04	3.203970e-05	-3.203970e-05	-2.204345e-03	5.178437e-03
115           	1.281656e-03	-7.381615e-21	2.974341e-03	-7.435853e-05	-3.691844e-03	3.204139e-05	5.664693e-04	7.151863e-04	3.204139e-05	-3.204139e-05	-2.204673e-03	5.179014e-03
116           	1.281722e-03	-7.384224e-21	2.974581e-03	-7.436454e-05	-3.692277e-03	3.204304e-05	5.664962e-04	7.152253e-04	3.204304e-05	-3.204304e-05	-2.204986e-03	5.179568e-03
117           	1.281784e-03	-7.386677e-21	2.974813e-03	-7.437032e-05	-3.692694e-03	3.204461e-05	5.665219e-04	7.152625e-04	3.204461e-05	-3.204461e-05	-2.205287e-03	5.180100e-03
118           	1.281844e-03	-7.388439e-21	2.975034e-03	-7.437585e-05	-3.693092e-03	3.204609e-05	5.665460e-04	7.152977e-04	3.204609e-05	-3.204609e-05	-2.205575e-03	5.180609e-03
119           	1.281900e-03	-7.390821e-21	2.975247e-03	-7.438118e-05	-3.693478e-03	3.204750e-05	5.665688e-04	7.153311e-04	3.204750e-05	-3.204750e-05	-2.205855e-03	5.181102e-03
120           	1.281955e-03	-7.393126e-21	2.975455e-03	-7.438637e-05	-3.693852e-03	3.204887e-05	5.665911e-04	7.153638e-04	3.204887e-05	-3.204887e-05	-2.206125e-03	5.181579e-03
121           	1.282007e-03	-7.395328e-21	2.975649e-03	-7.439123e-05	-3.694201e-03	3.205017e-05	5.666121e-04	7.153945e-04	3.205017e-05	-3.205017e-05	-2.206377e-03	5.182026e-03
122           	1.282055e-03	-7.397407e-21	2.975834e-03	-7.439584e-05	-3.694533e-03	3.205137e-05	5.666316e-04	7.154232e-04	3.205137e-05	-3.205137e-05	-2.206616e-03	5.182450e-03
123           	1.282101e-03	-7.399401e-21	2.976012e-03	-7.440030e-05	-3.694853e-03	3.205253e-05	5.666503e-04	7.154509e-04	3.205253e-05	-3.205253e-05	-2.206847e-03	5.182859e-03
124           	1.282147e-03	-7.401282e-21	2.976185e-03	-7.440462e-05	-3.695161e-03	3.205368e-05	5.666689e-04	7.154782e-04	3.205368e-05	-3.205368e-05	-2.207069e-03	5.183253e-03
125           	1.282191e-03	-7.403032e-21	2.976350e-03	-7.440875e-05	-3.695454e-03	3.205478e-05	5.666869e-04	7.155044e-04	3.205478e-05	-3.205478e-05	-2.207279e-03	5.183629e-03
126           	1.282233e-03	-7.404204e-21	2.976507e-03	-7.441267e-05	-3.695732e-03	3.205582e-05	5.667037e-04	7.155290e-04	3.205582e-05	-3.205582e-05	-2.207479e-03	5.183986e-03
127           	1.282271e-03	-7.405781e-21	2.976653e-03	-7.441633e-05	-3.695993e-03	3.205677e-05	5.667191e-04	7.155517e-04	3.205677e-05	-3.205677e-05	-2.207667e-03	5.184320e-03
128           	1.282308e-03	-7.407300e-21	2.976795e-03	-7.441987e-05	-3.696243e-03	3.205771e-05	5.667343e-04	7.155740e-04	3.205771e-05	-3.205771e-05	-2.207845e-03	5.184640e-03
129           	1.282344e-03	-7.408746e-21	2.976929e-03	-7.442321e-05	-3.696478e-03	3.205860e-05	5.667488e-04	7.155952e-04	3.205860e-05	-3.205860e-05	-2.208014e-03	5.184942e-03
130           	1.282378e-03	-7.410127e-21	2.977056e-03	-7.442641e-05	-3.696703e-03	3.205944e-05	5.667624e-04	7.156152e-04	3.205944e-05	-3.205944e-05	-2.208175e-03	5.185231e-03
131           	1.282409e-03	-7.411439e-21	2.977178e-03	-7.442945e-05	-3.696916e-03	3.206023e-05	5.667752e-04	7.156341e-04	3.206023e-05	-3.206023e-05	-2.208328e-03	5.185505e-03
132           	1.282440e-03	-7.412683e-21	2.977293e-03	-7.443233e-05	-3.697119e-03	3.206099e-05	5.667874e-04	7.156521e-04	3.206099e-05	-3.206099e-05	-2.208473e-03	5.185766e-03
133           	1.282468e-03	-7.413858e-21	2.977403e-03	-7.443507e-05	-3.697311e-03	3.206170e-05	5.667990e-04	7.156692e-04	3.206170e-05	-3.206170e-05	-2.208609e-03	5.186012e-03
134           	1.282495e-03	-7.414964e-21	2.977506e-03	-7.443766e-05	-3.697492e-03	3.206238e-05	5.668100e-04	7.156853e-04	3.206238e-05	-3.206238e-05	-2.208738e-03	5.186245e-03
135           	1.282521e-03	-7.416005e-21	2.977605e-03	-7.444011e-05	-3.697662e-03	3.206303e-05	5.668205e-04	7.157007e-04	3.206303e-05	-3.206303e-05	-2.208860e-03	5.186464e-03
136           	1.282545e-03	-7.416985e-21	2.977697e-03	-7.444243e-05	-3.697823e-03	3.206364e-05	5.668303e-04	7.157152e-04	3.206364e-05	-3.206364e-05	-2.208974e-03	5.186671e-03
137           	1.282568e-03	-7.417907e-21	2.977785e-03	-7.444462e-05	-3.697974e-03	3.206421e-05	5.668396e-04	7.157288e-04	3.206421e-05	-3.206421e-05	-2.209082e-03	5.186867e-03
138           	1.282590e-03	-7.418774e-21	2.977867e-03	-7.444668e-05	-3.698117e-03	3.206475e-05	5.668482e-04	7.157416e-04	3.206475e-05	-3.206475e-05	-2.209184e-03	5.187051e-03
139           	1.282610e-03	-7.419587e-21	2.977945e-03	-7.444862e-05	-3.698251e-03	3.206525e-05	5.668564e-04	7.157537e-04	3.206525e-05	-3.206525e-05	-2.209279e-03	5.187224e-03
140           	1.282629e-03	-7.420347e-21	2.978018e-03	-7.445045e-05	-3.698377e-03	3.206573e-05	5.668641e-04	7.157650e-04	3.206573e-05	-3.206573e-05	-2.209368e-03	5.187386e-03
141           	1.282647e-03	-7.421055e-21	2.978086e-03	-7.445216e-05	-3.698494e-03	3.206617e-05	5.668713e-04	7.157756e-04	3.206617e-05	-3.206617e-05	-2.209451e-03	5.187537e-03
142           	1.282664e-03	-7.421715e-21	2.978150e-03	-7.445376e-05	-3.698604e-03	3.206659e-05	5.668780e-04	7.157855e-04	3.206659e-05	-3.206659e-05	-2.209529e-03	5.187679e-03
143           	1.282679e-03	-7.422329e-21	2.978210e-03	-7.445526e-05	-3.698706e-03	3.206698e-05	5.668843e-04	7.157948e-04	3.206698e-05	-3.206698e-05	-2.209601e-03	5.187811e-03
144           	1.282694e-03	-7.422900e-21	2.978266e-03	-7.445666e-05	-3.698801e-03	3.206734e-05	5.668902e-04	7.158035e-04	3.206734e-05	-3.206734e-05	-2.209668e-03	5.187934e-03
145           	1.282707e-03	-7.423431e-21	2.978319e-03	-7.445797e-05	-3.698890e-03	3.206768e-05	5.668957e-04	7.158116e-04	3.206768e-05	-3.206768e-05	-2.209731e-03	5.188049e-03
146           	1.282720e-03	-7.423923e-21	2.978367e-03	-7.445918e-05	-3.698972e-03	3.206800e-05	5.669008e-04	7.158192e-04	3.206800e-05	-3.206800e-05	-2.209788e-03	5.188156e-03
147           	1.282732e-03	-7.424378e-21	2.978413e-03	-7.446032e-05	-3.699048e-03	3.206829e-05	5.669056e-04	7.158262e-04	3.206829e-05	-3.206829e-05	-2.209842e-03	5.188255e-03
148           	1.282743e-03	-7.424796e-21	2.978455e-03	-7.446137e-05	-3.699119e-03	3.206857e-05	5.669100e-04	7.158327e-04	3.206857e-05	-3.206857e-05	-2.209891e-03	5.188346e-03
149           	1.282753e-03	-7.425189e-21	2.978494e-03	-7.446236e-05	-3.699185e-03	3.206883e-05	5.669142e-04	7.158389e-04	3.206883e-05	-3.206883e-05	-2.209938e-03	5.188432e-03
150           	1.282763e-03	-7.425548e-21	2.978530e-03	-7.446326e-05	-3.699245e-03	3.206906e-05	5.669180e-04	7.158445e-04	3.206906e-05	-3.206906e-05	-2.209979e-03	5.188510e-03
151           	1.282771e-03	-7.425873e-21	2.978564e-03	-7.446410e-05	-3.699300e-03	3.206928e-05	5.669216e-04	7.158497e-04	3.206928e-05	-3.206928e-05	-2.210018e-03	5.188582e-03
152           	1.282779e-03	-7.426169e-21	2.978595e-03	-7.446487e-05	-3.699351e-03	3.206948e-05	5.669248e-04	7.158546e-04	3.206948e-05	-3.206948e-05	-2.210053e-03	5.188648e-03
153           	1.282787e-03	-7.426438e-21	2.978623e-03	-7.446558e-05	-3.699397e-03	3.206967e-05	5.669279e-04	7.158590e-04	3.206967e-05	-3.206967e-05	-2.210086e-03	5.188709e-03
154           	1.282794e-03	-7.426688e-21	2.978650e-03	-7.446625e-05	-3.699440e-03	3.206985e-05	5.669307e-04	7.158632e-04	3.206985e-05	-3.206985e-05	-2.210116e-03	5.188765e-03
155           	1.282800e-03	-7.426911e-21	2.978674e-03	-7.446685e-05	-3.699479e-03	3.207001e-05	5.669333e-04	7.158670e-04	3.207001e-05	-3.207001e-05	-2.210142e-03	5.188817e-03
156           	1.282806e-03	-7.427111e-21	2.978696e-03	-7.446741e-05	-3.699515e-03	3.207016e-05	5.669357e-04	7.158705e-04	3.207016e-05	-3.207016e-05	-2.210167e-03	5.188864e-03
157           	1.282812e-03	-7.427288e-21	2.978717e-03	-7.446792e-05	-3.699548e-03	3.207029e-05	5.669379e-04	7.158737e-04	3.207029e-05	-3.207029e-05	-2.210189e-03	5.188906e-03
158           	1.282816e-03	-7.427454e-21	2.978735e-03	-7.446838e-05	-3.699577e-03	3.207041e-05	5.669398e-04	7.158765e-04	3.207041e-05	-3.207041e-05	-2.210209e-03	5.188944e-03
159           	1.282821e-03	-7.427588e-21	2.978751e-03	-7.446878e-05	-3.699602e-03	3.207052e-05	5.669415e-04	7.158791e-04	3.207052e-05	-3.207052e-05	-2.210227e-03	5.188978e-03
160           	1.282825e-03	-7.427719e-21	2.978767e-03	-7.446918e-05	-3.699626e-03	3.207062e-05	5.669433e-04	7.158816e-04	3.207062e-05	-3.207062e-05	-2.210243e-03	5.189010e-03
161           	1.282829e-03	-7.427763e-21	2.978782e-03	-7.446954e-05	-3.699649e-03	3.207072e-05	5.669448e-04	7.158839e-04	3.207072e-05	-3.207072e-05	-2.210258e-03	5.189039e-03
162           	1.282832e-03	-7.427862e-21	2.978794e-03	-7.446985e-05	-3.699667e-03	3.207080e-05	5.669462e-04	7.158859e-04	3.207080e-05	-3.207080e-05	-2.210270e-03	5.189064e-03
163           	1.282835e-03	-7.427940e-21	2.978805e-03	-7.447013e-05	-3.699684e-03	3.207088e-05	5.669474e-04	7.158877e-04	3.207088e-05	-3.207088e-05	-2.210282e-03	5.189087e-03
164           	1.282838e-03	-7.428017e-21	2.978815e-03	-7.447038e-05	-3.699699e-03	3.207095e-05	5.669486e-04	7.158893e-04	3.207095e-05	-3.207095e-05	-2.210291e-03	5.189106e-03
165           	1.282840e-03	-7.428070e-21	2.978824e-03	-7.447060e-05	-3.699712e-03	3.207100e-05	5.669495e-04	7.158907e-04	3.207100e-05	-3.207100e-05	-2.210300e-03	5.189124e-03
166           	1.282842e-03	-7.428115e-21	2.978832e-03	-7.447080e-05	-3.699722e-03	3.207106e-05	5.669504e-04	7.158920e-04	3.207106e-05	-3.207106e-05	-2.210306e-03	5.189138e-03
167           	1.282844e-03	-7.428151e-21	2.978839e-03	-7.447098e-05	-3.699732e-03	3.207111e-05	5.669512e-04	7.158931e-04	3.207111e-05	-3.207111e-05	-2.210313e-03	5.189152e-03
168           	1.282846e-03	-7.428179e-21	2.978846e-03	-7.447114e-05	-3.699741e-03	3.207115e-05	5.669518e-04	7.158941e-04	3.207115e-05	-3.207115e-05	-2.210319e-03	5.189164e-03
169           	1.282847e-03	-7.428198e-21	2.978851e-03	-7.447128e-05	-3.699749e-03	3.207119e-05	5.669524e-04	7.158950e-04	3.207119e-05	-3.207119e-05	-2.210323e-03	5.189174e-03
170           	1.282849e-03	-7.428208e-21	2.978856e-03	-7.447140e-05	-3.699755e-03	3.207122e-05	5.669530e-04	7.158958e-04	3.207122e-05	-3.207122e-05	-2.210327e-03	5.189183e-03
171           	1.282850e-03	-7.428215e-21	2.978860e-03	-7.447151e-05	-3.699760e-03	3.207125e-05	5.669535e-04	7.158965e-04	3.207125e-05	-3.207125e-05	-2.210330e-03	5.189190e-03
172           	1.282851e-03	-7.428212e-21	2.978864e-03	-7.447159e-05	-3.699764e-03	3.207127e-05	5.669538e-04	7.158970e-04	3.207127e-05	-3.207127e-05	-2.210332e-03	5.189196e-03
173           	1.282852e-03	-7.428181e-21	2.978867e-03	-7.447167e-05	-3.699767e-03	3.207129e-05	5.669541e-04	7.158974e-04	3.207129e-05	-3.207129e-05	-2.210334e-03	5.189200e-03
174           	1.282852e-03	-7.428173e-21	2.978869e-03	-7.447172e-05	-3.699769e-03	3.207130e-05	5.669542e-04	7.158977e-04	3.207130e-05	-3.207130e-05	-2.210335e-03	5.189204e-03
175           	1.282852e-03	-7.428161e-21	2.978871e-03	-7.447177e-05	-3.699771e-03	3.207130e-05	5.669543e-04	7.158978e-04	3.207130e-05	-3.207130e-05	-2.210336e-03	5.189207e-03
176           	1.282852e-03	-7.428147e-21	2.978872e-03	-7.447180e-05	-3.699772e-03	3.207131e-05	5.669544e-04	7.158980e-04	3.207131e-05	-3.207131e-05	-2.210336e-03	5.189208e-03
177           	1.282853e-03	-7.428128e-21	2.978873e-03	-7.447183e-05	-3.699772e-03	3.207132e-05	5.669545e-04	7.158981e-04	3.207132e-05	-3.207132e-05	-2.210335e-03	5.189208e-03
178           	1.282853e-03	-7.428106e-21	2.978874e-03	-7.447184e-05	-3.699771e-03	3.207132e-05	5.669545e-04	7.158982e-04	3.207132e-05	-3.207132e-05	-2.210334e-03	5.189208e-03
179           	1.282853e-03	-7.428080e-21	2.978874e-03	-7.447184e-05	-3.699770e-03	3.207131e-05	5.669544e-04	7.158981e-04	3.207131e-05	-3.207131e-05	-2.210333e-03	5.189207e-03
180           	1.282852e-03	-7.428053e-21	2.978873e-03	-7.447183e-05	-3.699768e-03	3.207131e-05	5.669544e-04	7.158980e-04	3.207131e-05	-3.207131e-05	-2.210331e-03	5.189205e-03
181           	1.282852e-03	-7.428025e-21	2.978873e-03	-7.447182e-05	-3.699766e-03	3.207130e-05	5.669543e-04	7.158979e-04	3.207130e-05	-3.207130e-05	-2.210329e-03	5.189202e-03
182           	1.282852e-03	-7.427996e-21	2.978872e-03	-7.447179e-05	-3.699763e-03	3.207129e-05	5.669541e-04	7.158977e-04	3.207129e-05	-3.207129e-05	-2.210327e-03	5.189199e-03
183           	1.282851e-03	-7.427965e-21	2.978870e-03	-7.447176e-05	-3.699759e-03	3.207128e-05	5.669539e-04	7.158974e-04	3.207128e-05	-3.207128e-05	-2.210324e-03	5.189195e-03
184           	1.282851e-03	-7.427934e-21	2.978869e-03	-7.447172e-05	-3.699756e-03	3.207127e-05	5.669537e-04	7.158972e-04	3.207127e-05	-3.207127e-05	-2.210321e-03	5.189190e-03
185           	1.282850e-03	-7.427904e-21	2.978867e-03	-7.447168e-05	-3.699752e-03	3.207126e-05	5.669535e-04	7.158969e-04	3.207126e-05	-3.207126e-05	-2.210318e-03	5.189185e-03
186           	1.282850e-03	-7.427884e-21	2.978865e-03	-7.447164e-05	-3.699747e-03	3.207125e-05	5.669533e-04	7.158966e-04	3.207125e-05	-3.207125e-05	-2.210315e-03	5.189180e-03
187           	1.282849e-03	-7.427862e-21	2.978863e-03	-7.447158e-05	-3.699743e-03	3.207123e-05	5.669530e-04	7.158962e-04	3.207123e-05	-3.207123e-05	-2.210311e-03	5.189174e-03
188           	1.282849e-03	-7.427839e-21	2.978861e-03	-7.447153e-05	-3.699738e-03	3.207121e-05	5.669528e-04	7.158958e-04	3.207121e-05	-3.207121e-05	-2.210307e-03	5.189169e-03
189           	1.282848e-03	-7.427814e-21	2.978859e-03	-7.447147e-05	-3.699733e-03	3.207120e-05	5.669525e-04	7.158954e-04	3.207120e-05	-3.207120e-05	-2.210304e-03	5.189162e-03
190           	1.282847e-03	-7.427785e-21	2.978856e-03	-7.447141e-05	-3.699728e-03	3.207118e-05	5.669522e-04	7.158950e-04	3.207118e-05	-3.207118e-05	-2.210300e-03	5.189156e-03
191           	1.282846e-03	-7.427754e-21	2.978854e-03	-7.447134e-05	-3.699722e-03	3.207116e-05	5.669519e-04	7.158946e-04	3.207116e-05	-3.207116e-05	-2.210296e-03	5.189149e-03
192           	1.282846e-03	-7.427716e-21	2.978851e-03	-7.447127e-05	-3.699717e-03	3.207114e-05	5.669516e-04	7.158941e-04	3.207114e-05	-3.207114e-05	-2.210291e-03	5.189142e-03
193           	1.282845e-03	-7.427678e-21	2.978848e-03	-7.447120e-05	-3.699711e-03	3.207112e-05	5.669513e-04	7.158937e-04	3.207112e-05	-3.207112e-05	-2.210287e-03	5.189135e-03
194           	1.282844e-03	-7.427641e-21	2.978845e-03	-7.447112e-05	-3.699705e-03	3.207110e-05	5.669509e-04	7.158932e-04	3.207110e-05	-3.207110e-05	-2.210283e-03	5.189128e-03
195           	1.282843e-03	-7.427603e-21	2.978842e-03	-7.447105e-05	-3.699700e-03	3.207108e-05	5.669506e-04	7.158927e-04	3.207108e-05	-3.207108e-05	-2.210279e-03	5.189121e-03
196           	1.282842e-03	-7.427566e-21	2.978839e-03	-7.447097e-05	-3.699694e-03	3.207106e-05	5.669502e-04	7.158922e-04	3.207106e-05	-3.207106e-05	-2.210274e-03	5.189113e-03
197           	1.282842e-03	-7.427528e-21	2.978836e-03	-7.447089e-05	-3.699688e-03	3.207104e-05	5.669499e-04	7.158917e-04	3.207104e-05	-3.207104e-05	-2.210270e-03	5.189105e-03
198           	1.282841e-03	-7.427488e-21	2.978832e-03	-7.447081e-05	-3.699681e-03	3.207102e-05	5.669495e-04	7.158911e-04	3.207102e-05	-3.207102e-05	-2.210265e-03	5.189097e-03
199           	1.282840e-03	-7.427452e-21	2.978829e-03	-7.447073e-05	-3.699676e-03	3.207099e-05	5.669492e-04	7.158906e-04	3.207099e-05	-3.207099e-05	-2.210261e-03	5.189090e-03
200           	1.282839e-03	-7.427414e-21	2.978826e-03	-7.447065e-05	-3.699669e-03	3.207097e-05	5.669488e-04	7.158901e-04	3.207097e-05	-3.207097e-05	-2.210256e-03	5.189082e-03
201           	1.282838e-03	-7.427380e-21	2.978823e-03	-7.447057e-05	-3.699664e-03	3.207095e-05	5.669485e-04	7.158896e-04	3.207095e-05	-3.207095e-05	-2.210252e-03	5.189075e-03
202           	1.282837e-03	-7.427345e-21	2.978820e-03	-7.447049e-05	-3.699657e-03	3.207093e-05	5.669481e-04	7.158891e-04	3.207093e-05	-3.207093e-05	-2.210248e-03	5.189067e-03
203           	1.282836e-03	-7.427312e-21	2.978816e-03	-7.447041e-05	-3.699652e-03	3.207091e-05	5.669478e-04	7.158886e-04	3.207091e-05	-3.207091e-05	-2.210244e-03	5.189060e-03
204           	1.282836e-03	-7.427281e-21	2.978813e-03	-7.447034e-05	-3.699646e-03	3.207089e-05	5.669474e-04	7.158881e-04	3.207089e-05	-3.207089e-05	-2.210240e-03	5.189053e-03
205           	1.282835e-03	-7.427256e-21	2.978811e-03	-7.447026e-05	-3.699641e-03	3.207087e-05	5.669471e-04	7.158877e-04	3.207087e-05	-3.207087e-05	-2.210236e-03	5.189046e-03
206           	1.282834e-03	-7.427225e-21	2.978808e-03	-7.447019e-05	-3.699636e-03	3.207085e-05	5.669468e-04	7.158872e-04	3.207085e-05	-3.207085e-05	-2.210232e-03	5.189039e-03
207           	1.282833e-03	-7.427196e-21	2.978805e-03	-7.447012e-05	-3.699630e-03	3.207083e-05	5.669465e-04	7.158868e-04	3.207083e-05	-3.207083e-05	-2.210228e-03	5.189033e-03
208           	1.282833e-03	-7.427168e-21	2.978802e-03	-7.447005e-05	-3.699625e-03	3.207081e-05	5.669462e-04	7.158863e-04	3.207081e-05	-3.207081e-05	-2.210224e-03	5.189026e-03
209           	1.282832e-03	-7.427140e-21	2.978799e-03	-7.446998e-05	-3.699621e-03	3.207080e-05	5.669460e-04	7.158859e-04	3.207080e-05	-3.207080e-05	-2.210221e-03	5.189020e-03
210           	1.282831e-03	-7.427113e-21	2.978797e-03	-7.446992e-05	-3.699616e-03	3.207078e-05	5.669457e-04	7.158855e-04	3.207078e-05	-3.207078e-05	-2.210217e-03	5.189014e-03
211           	1.282831e-03	-7.427087e-21	2.978794e-03	-7.446986e-05	-3.699611e-03	3.207076e-05	5.669454e-04	7.158851e-04	3.207076e-05	-3.207076e-05	-2.210214e-03	5.189008e-03
212           	1.282830e-03	-7.427061e-21	2.978792e-03	-7.446980e-05	-3.699607e-03	3.207075e-05	5.669452e-04	7.158848e-04	3.207075e-05	-3.207075e-05	-2.210211e-03	5.189003e-03
213           	1.282829e-03	-7.427036e-21	2.978790e-03	-7.446974e-05	-3.699603e-03	3.207073e-05	5.669449e-04	7.158844e-04	3.207073e-05	-3.207073e-05	-2.210208e-03	5.188998e-03
214           	1.282829e-03	-7.427012e-21	2.978787e-03	-7.446968e-05	-3.699599e-03	3.207072e-05	5.669447e-04	7.158841e-04	3.207072e-05	-3.207072e-05	-2.210205e-03	5.188993e-03
215           	1.282828e-03	-7.426989e-21	2.978785e-03	-7.446963e-05	-3.699595e-03	3.207071e-05	5.669445e-04	7.158837e-04	3.207071e-05	-3.207071e-05	-2.210202e-03	5.188988e-03
216           	1.282828e-03	-7.426967e-21	2.978783e-03	-7.446958e-05	-3.699591e-03	3.207069e-05	5.669442e-04	7.158834e-04	3.207069e-05	-3.207069e-05	-2.210200e-03	5.188983e-03
217           	1.282827e-03	-7.426946e-21	2.978781e-03	-7.446953e-05	-3.699588e-03	3.207068e-05	5.669440e-04	7.158831e-04	3.207068e-05	-3.207068e-05	-2.210197e-03	5.188978e-03
218           	1.282827e-03	-7.426926e-21	2.978779e-03	-7.446948e-05	-3.699584e-03	3.207066e-05	5.669438e-04	7.158828e-04	3.207066e-05	-3.207066e-05	-2.210195e-03	5.188974e-03
219           	1.282826e-03	-7.426906e-21	2.978777e-03	-7.446943e-05	-3.699581e-03	3.207065e-05	5.669436e-04	7.158825e-04	3.207065e-05	-3.207065e-05	-2.210192e-03	5.188970e-03
220           	1.282826e-03	-7.426888e-21	2.978775e-03	-7.446939e-05	-3.699578e-03	3.207064e-05	5.669434e-04	7.158822e-04	3.207064e-05	-3.207064e-05	-2.210190e-03	5.188966e-03
221           	1.282825e-03	-7.426870e-21	2.978774e-03	-7.446934e-05	-3.699575e-03	3.207063e-05	5.669432e-04	7.158819e-04	3.207063e-05	-3.207063e-05	-2.210188e-03	5.188962e-03
222           	1.282825e-03	-7.426854e-21	2.978772e-03	-7.446930e-05	-3.699572e-03	3.207062e-05	5.669431e-04	7.158817e-04	3.207062e-05	-3.207062e-05	-2.210186e-03	5.188958e-03
223           	1.282824e-03	-7.426841e-21	2.978771e-03	-7.446927e-05	-3.699569e-03	3.207061e-05	5.669429e-04	7.158814e-04	3.207061e-05	-3.207061e-05	-2.210184e-03	5.188955e-03
224           	1.282824e-03	-7.426825e-21	2.978769e-03	-7.446923e-05	-3.699567e-03	3.207060e-05	5.669428e-04	7.158812e-04	3.207060e-05	-3.207060e-05	-2.210182e-03	5.188952e-03
225           	1.282824e-03	-7.426810e-21	2.978768e-03	-7.446920e-05	-3.699565e-03	3.207059e-05	5.669426e-04	7.158810e-04	3.207059e-05	-3.207059e-05	-2.210181e-03	5.188949e-03
226           	1.282823e-03	-7.426796e-21	2.978767e-03	-7.446916e-05	-3.699562e-03	3.207058e-05	5.669425e-04	7.158808e-04	3.207058e-05	-3.207058e-05	-2.210179e-03	5.188946e-03
227           	1.282823e-03	-7.426783e-21	2.978765e-03	-7.446913e-05	-3.699560e-03	3.207057e-05	5.669423e-04	7.158806e-04	3.207057e-05	-3.207057e-05	-2.210178e-03	5.188943e-03
228           	1.282823e-03	-7.426771e-21	2.978764e-03	-7.446910e-05	-3.699558e-03	3.207057e-05	5.669422e-04	7.158804e-04	3.207057e-05	-3.207057e-05	-2.210176e-03	5.188940e-03
229           	1.282822e-03	-7.426759e-21	2.978763e-03	-7.446908e-05	-3.699556e-03	3.207056e-05	5.669421e-04	7.158803e-04	3.207056e-05	-3.207056e-05	-2.210175e-03	5.188938e-03
230           	1.282822e-03	-7.426748e-21	2.978762e-03	-7.446905e-05	-3.699555e-03	3.207055e-05	5.669420e-04	7.158801e-04	3.207055e-05	-3.207055e-05	-2.210174e-03	5.188936e-03
231           	1.282822e-03	-7.426737e-21	2.978761e-03	-7.446902e-05	-3.699553e-03	3.207055e-05	5.669419e-04	7.158799e-04	3.207055e-05	-3.207055e-05	-2.210172e-03	5.188933e-03
232           	1.282822e-03	-7.426730e-21	2.978760e-03	-7.446900e-05	-3.699551e-03	3.207054e-05	5.669418e-04	7.158798e-04	3.207054e-05	-3.207054e-05	-2.210171e-03	5.188931e-03
233           	1.282821e-03	-7.426720e-21	2.978759e-03	-7.446898e-05	-3.699550e-03	3.207053e-05	5.669417e-04	7.158796e-04	3.207053e-05	-3.207053e-05	-2.210170e-03	5.188929e-03
234           	1.282821e-03	-7.426712e-21	2.978758e-03	-7.446896e-05	-3.699548e-03	3.207053e-05	5.669416e-04	7.158795e-04	3.207053e-05	-3.207053e-05	-2.210169e-03	5.188928e-03
235           	1.282821e-03	-7.426704e-21	2.978758e-03	-7.446894e-05	-3.699547e-03	3.207052e-05	5.669415e-04	7.158794e-04	3.207052e-05	-3.207052e-05	-2.210168e-03	5.188926e-03
236           	1.282821e-03	-7.426696e-21	2.978757e-03	-7.446892e-05	-3.699546e-03	3.207052e-05	5.669414e-04	7.158793e-04	3.207052e-05	-3.207052e-05	-2.210167e-03	5.188924e-03
237           	1.282821e-03	-7.426689e-21	2.978756e-03	-7.446891e-05	-3.699545e-03	3.207051e-05	5.669414e-04	7.158792e-04	3.207051e-05	-3.207051e-05	-2.210167e-03	5.188923e-03
238           	1.282820e-03	-7.426682e-21	2.978756e-03	-7.446889e-05	-3.699544e-03	3.207051e-05	5.669413e-04	7.158791e-04	3.207051e-05	-3.207051e-05	-2.210166e-03	5.188922e-03
239           	1.282820e-03	-7.426676e-21	2.978755e-03	-7.446888e-05	-3.699543e-03	3.207051e-05	5.669412e-04	7.158790e-04	3.207051e-05	-3.207051e-05	-2.210165e-03	5.188920e-03
240           	1.282820e-03	-7.426672e-21	2.978754e-03	-7.446886e-05	-3.699542e-03	3.207050e-05	5.669412e-04	7.158789e-04	3.207050e-05	-3.207050e-05	-2.210165e-03	5.188919e-03
241           	1.282820e-03	-7.426667e-21	2.978754e-03	-7.446885e-05	-3.699541e-03	3.207050e-05	5.669411e-04	7.158788e-04	3.207050e-05	-3.207050e-05	-2.210164e-03	5.188918e-03
242           	1.282820e-03	-7.426661e-21	2.978754e-03	-7.446884e-05	-3.699540e-03	3.207050e-05	5.669411e-04	7.158788e-04	3.207050e-05	-3.207050e-05	-2.210164e-03	5.188917e-03
