# Force coefficients
# dragDir     : (1.000000e+00 0.000000e+00 0.000000e+00)
# sideDir     : (0.000000e+00 0.000000e+00 -1.000000e+00)
# liftDir     : (0.000000e+00 1.000000e+00 0.000000e+00)
# rollAxis    : (1.000000e+00 0.000000e+00 0.000000e+00)
# pitchAxis   : (0.000000e+00 0.000000e+00 -1.000000e+00)
# yawAxis     : (0.000000e+00 1.000000e+00 0.000000e+00)
# magUInf     : 2.000000e-02
# lRef        : 1.000000e-01
# Aref        : 1.000000e-01
# CofR        : (0.000000e+00 0.000000e+00 0.000000e+00)
#
# Time        	Cd            	Cs            	Cl            	CmRoll        	CmPitch       	CmYaw         	Cd(f)         	Cd(r)         	Cs(f)         	Cs(r)         	Cl(f)         	Cl(r)         
1             	9.616416e-04	-1.813760e-19	7.718631e-04	-1.929658e-05	3.032393e-04	2.404104e-05	4.615242e-04	5.001174e-04	2.404104e-05	-2.404104e-05	6.891708e-04	8.269229e-05
2             	2.483529e-03	-1.390090e-19	1.726296e-03	-4.315740e-05	1.405795e-03	6.208821e-05	1.198607e-03	1.284922e-03	6.208821e-05	-6.208821e-05	2.268943e-03	-5.426467e-04
3             	2.308659e-03	-1.283913e-20	1.425385e-03	-3.563463e-05	1.705224e-03	5.771647e-05	1.118695e-03	1.189964e-03	5.771647e-05	-5.771647e-05	2.417916e-03	-9.925313e-04
4             	1.956646e-03	1.923051e-20	1.478622e-03	-3.696555e-05	8.926045e-04	4.891615e-05	9.413575e-04	1.015289e-03	4.891615e-05	-4.891615e-05	1.631916e-03	-1.532935e-04
5             	1.594053e-03	8.402631e-21	1.548153e-03	-3.870382e-05	1.425605e-06	3.985133e-05	7.583227e-04	8.357304e-04	3.985133e-05	-3.985133e-05	7.755020e-04	7.726508e-04
6             	1.385780e-03	-4.443420e-21	1.552362e-03	-3.880904e-05	-4.266442e-04	3.464451e-05	6.540811e-04	7.316992e-04	3.464451e-05	-3.464451e-05	3.495366e-04	1.202825e-03
7             	1.404538e-03	-1.136740e-20	1.545758e-03	-3.864396e-05	-3.680254e-04	3.511344e-05	6.636249e-04	7.409128e-04	3.511344e-05	-3.511344e-05	4.048538e-04	1.140905e-03
8             	1.559114e-03	-1.278287e-20	1.600030e-03	-4.000075e-05	-1.620150e-04	3.897785e-05	7.395563e-04	8.195577e-04	3.897785e-05	-3.897785e-05	6.380000e-04	9.620299e-04
9             	1.737533e-03	-1.368166e-20	1.742593e-03	-4.356482e-05	-9.366650e-05	4.343832e-05	8.252016e-04	9.123312e-04	4.343832e-05	-4.343832e-05	7.776298e-04	9.649628e-04
10            	1.883250e-03	-1.395986e-20	1.927835e-03	-4.819587e-05	-1.815721e-04	4.708126e-05	8.934293e-04	9.898211e-04	4.708126e-05	-4.708126e-05	7.823453e-04	1.145490e-03
11            	1.969381e-03	-1.465406e-20	2.102888e-03	-5.257221e-05	-3.680093e-04	4.923453e-05	9.321184e-04	1.037263e-03	4.923453e-05	-4.923453e-05	6.834350e-04	1.419454e-03
12            	2.013906e-03	-1.517500e-20	2.260282e-03	-5.650706e-05	-6.009639e-04	5.034766e-05	9.504461e-04	1.063460e-03	5.034766e-05	-5.034766e-05	5.291772e-04	1.731105e-03
13            	2.033521e-03	-1.560375e-20	2.384278e-03	-5.960695e-05	-8.135761e-04	5.083803e-05	9.571536e-04	1.076367e-03	5.083803e-05	-5.083803e-05	3.785629e-04	2.005715e-03
14            	2.040322e-03	-1.605630e-20	2.476470e-03	-6.191176e-05	-9.850933e-04	5.100806e-05	9.582494e-04	1.082073e-03	5.100806e-05	-5.100806e-05	2.531419e-04	2.223329e-03
15            	2.041211e-03	-1.632001e-20	2.544416e-03	-6.361041e-05	-1.117910e-03	5.103028e-05	9.569952e-04	1.084216e-03	5.103028e-05	-5.103028e-05	1.542979e-04	2.390118e-03
16            	2.038611e-03	-1.659372e-20	2.593953e-03	-6.484882e-05	-1.219776e-03	5.096527e-05	9.544567e-04	1.084154e-03	5.096527e-05	-5.096527e-05	7.720073e-05	2.516752e-03
17            	2.034677e-03	-1.679450e-20	2.631148e-03	-6.577871e-05	-1.299304e-03	5.086694e-05	9.515600e-04	1.083117e-03	5.086694e-05	-5.086694e-05	1.627026e-05	2.614878e-03
18            	2.029175e-03	-1.694276e-20	2.659390e-03	-6.648475e-05	-1.364040e-03	5.072938e-05	9.481028e-04	1.081072e-03	5.072938e-05	-5.072938e-05	-3.434519e-05	2.693735e-03
19            	2.023880e-03	-1.723193e-20	2.679940e-03	-6.699850e-05	-1.412961e-03	5.059700e-05	9.449415e-04	1.078939e-03	5.059700e-05	-5.059700e-05	-7.299128e-05	2.752931e-03
20            	2.016915e-03	-1.723566e-20	2.692445e-03	-6.731113e-05	-1.448921e-03	5.042287e-05	9.411462e-04	1.075769e-03	5.042287e-05	-5.042287e-05	-1.026985e-04	2.795144e-03
21            	2.009094e-03	-1.716505e-20	2.698501e-03	-6.746251e-05	-1.473577e-03	5.022736e-05	9.370847e-04	1.072010e-03	5.022736e-05	-5.022736e-05	-1.243272e-04	2.822828e-03
22            	2.000934e-03	-1.707939e-20	2.699525e-03	-6.748813e-05	-1.488823e-03	5.002336e-05	9.329791e-04	1.067955e-03	5.002336e-05	-5.002336e-05	-1.390606e-04	2.838586e-03
23            	1.993238e-03	-1.697170e-20	2.696165e-03	-6.740413e-05	-1.494339e-03	4.983094e-05	9.292146e-04	1.064023e-03	4.983094e-05	-4.983094e-05	-1.462568e-04	2.842422e-03
24            	1.986320e-03	-1.684867e-20	2.689702e-03	-6.724255e-05	-1.492131e-03	4.965800e-05	9.259175e-04	1.060403e-03	4.965800e-05	-4.965800e-05	-1.472804e-04	2.836982e-03
25            	1.980301e-03	-1.671820e-20	2.681466e-03	-6.703665e-05	-1.484728e-03	4.950753e-05	9.231140e-04	1.057187e-03	4.950753e-05	-4.950753e-05	-1.439951e-04	2.825461e-03
26            	1.975036e-03	-1.657938e-20	2.671871e-03	-6.679678e-05	-1.473223e-03	4.937589e-05	9.207211e-04	1.054315e-03	4.937589e-05	-4.937589e-05	-1.372878e-04	2.809159e-03
27            	1.970390e-03	-1.644173e-20	2.661930e-03	-6.654824e-05	-1.460007e-03	4.925975e-05	9.186468e-04	1.051743e-03	4.925975e-05	-4.925975e-05	-1.290419e-04	2.790972e-03
28            	1.966214e-03	-1.632747e-20	2.651524e-03	-6.628811e-05	-1.445085e-03	4.915535e-05	9.168189e-04	1.049395e-03	4.915535e-05	-4.915535e-05	-1.193224e-04	2.770847e-03
29            	1.962465e-03	-1.620954e-20	2.641335e-03	-6.603337e-05	-1.429952e-03	4.906163e-05	9.151991e-04	1.047266e-03	4.906163e-05	-4.906163e-05	-1.092846e-04	2.750620e-03
30            	1.958970e-03	-1.609251e-20	2.631236e-03	-6.578090e-05	-1.414641e-03	4.897425e-05	9.137040e-04	1.045266e-03	4.897425e-05	-4.897425e-05	-9.902321e-05	2.730259e-03
31            	1.955699e-03	-1.595756e-20	2.621357e-03	-6.553391e-05	-1.399462e-03	4.889247e-05	9.123156e-04	1.043383e-03	4.889247e-05	-4.889247e-05	-8.878335e-05	2.710140e-03
32            	1.952407e-03	-1.586026e-20	2.611075e-03	-6.527687e-05	-1.383563e-03	4.881018e-05	9.109266e-04	1.041480e-03	4.881018e-05	-4.881018e-05	-7.802605e-05	2.689101e-03
33            	1.949513e-03	-1.575174e-20	2.601411e-03	-6.503527e-05	-1.368284e-03	4.873783e-05	9.097212e-04	1.039792e-03	4.873783e-05	-4.873783e-05	-6.757882e-05	2.668990e-03
34            	1.946700e-03	-1.562353e-20	2.592034e-03	-6.480085e-05	-1.353527e-03	4.866751e-05	9.085493e-04	1.038151e-03	4.866751e-05	-4.866751e-05	-5.750989e-05	2.649544e-03
35            	1.943865e-03	-1.551966e-20	2.582594e-03	-6.456485e-05	-1.338762e-03	4.859661e-05	9.073674e-04	1.036497e-03	4.859661e-05	-4.859661e-05	-4.746525e-05	2.630059e-03
36            	1.941388e-03	-1.540280e-20	2.573925e-03	-6.434811e-05	-1.325004e-03	4.853470e-05	9.063459e-04	1.035042e-03	4.853470e-05	-4.853470e-05	-3.804158e-05	2.611966e-03
37            	1.938895e-03	-1.530497e-20	2.565444e-03	-6.413611e-05	-1.311756e-03	4.847237e-05	9.053113e-04	1.033583e-03	4.847237e-05	-4.847237e-05	-2.903331e-05	2.594478e-03
38            	1.936522e-03	-1.519763e-20	2.557399e-03	-6.393498e-05	-1.299257e-03	4.841306e-05	9.043262e-04	1.032196e-03	4.841306e-05	-4.841306e-05	-2.055735e-05	2.577956e-03
39            	1.934201e-03	-1.509682e-20	2.549508e-03	-6.373769e-05	-1.287038e-03	4.835503e-05	9.033629e-04	1.030838e-03	4.835503e-05	-4.835503e-05	-1.228380e-05	2.561791e-03
40            	1.932057e-03	-1.500957e-20	2.541860e-03	-6.354649e-05	-1.275029e-03	4.830143e-05	9.024820e-04	1.029575e-03	4.830143e-05	-4.830143e-05	-4.098865e-06	2.545958e-03
41            	1.930198e-03	-1.491988e-20	2.534635e-03	-6.336588e-05	-1.263389e-03	4.825495e-05	9.017332e-04	1.028465e-03	4.825495e-05	-4.825495e-05	3.929088e-06	2.530706e-03
42            	1.928550e-03	-1.483984e-20	2.527935e-03	-6.319837e-05	-1.252479e-03	4.821376e-05	9.010769e-04	1.027474e-03	4.821376e-05	-4.821376e-05	1.148789e-05	2.516447e-03
43            	1.927097e-03	-1.476479e-20	2.521650e-03	-6.304124e-05	-1.242088e-03	4.817742e-05	9.005071e-04	1.026590e-03	4.817742e-05	-4.817742e-05	1.873672e-05	2.502913e-03
44            	1.925853e-03	-1.469621e-20	2.515861e-03	-6.289653e-05	-1.232353e-03	4.814633e-05	9.000301e-04	1.025823e-03	4.814633e-05	-4.814633e-05	2.557797e-05	2.490283e-03
45            	1.924814e-03	-1.463444e-20	2.510627e-03	-6.276568e-05	-1.223402e-03	4.812035e-05	8.996414e-04	1.025173e-03	4.812035e-05	-4.812035e-05	3.191120e-05	2.478716e-03
46            	1.923939e-03	-1.458622e-20	2.505932e-03	-6.264830e-05	-1.215282e-03	4.809846e-05	8.993210e-04	1.024618e-03	4.809846e-05	-4.809846e-05	3.768454e-05	2.468248e-03
47            	1.923245e-03	-1.453539e-20	2.501891e-03	-6.254727e-05	-1.208192e-03	4.808112e-05	8.990751e-04	1.024170e-03	4.808112e-05	-4.808112e-05	4.275296e-05	2.459138e-03
48            	1.922627e-03	-1.448953e-20	2.498273e-03	-6.245683e-05	-1.201851e-03	4.806567e-05	8.988566e-04	1.023770e-03	4.806567e-05	-4.806567e-05	4.728560e-05	2.450987e-03
49            	1.922085e-03	-1.444775e-20	2.495056e-03	-6.237639e-05	-1.196208e-03	4.805211e-05	8.986659e-04	1.023419e-03	4.805211e-05	-4.805211e-05	5.131968e-05	2.443736e-03
50            	1.921610e-03	-1.441417e-20	2.492187e-03	-6.230469e-05	-1.191169e-03	4.804025e-05	8.985002e-04	1.023110e-03	4.804025e-05	-4.804025e-05	5.492442e-05	2.437263e-03
51            	1.921223e-03	-1.437934e-20	2.489717e-03	-6.224292e-05	-1.186797e-03	4.803058e-05	8.983687e-04	1.022855e-03	4.803058e-05	-4.803058e-05	5.806182e-05	2.431655e-03
52            	1.920875e-03	-1.434795e-20	2.487528e-03	-6.218820e-05	-1.182940e-03	4.802189e-05	8.982495e-04	1.022626e-03	4.802189e-05	-4.802189e-05	6.082385e-05	2.426704e-03
53            	1.920572e-03	-1.431936e-20	2.485605e-03	-6.214012e-05	-1.179556e-03	4.801431e-05	8.981460e-04	1.022426e-03	4.801431e-05	-4.801431e-05	6.324629e-05	2.422358e-03
54            	1.920308e-03	-1.429351e-20	2.483919e-03	-6.209796e-05	-1.176594e-03	4.800771e-05	8.980562e-04	1.022252e-03	4.800771e-05	-4.800771e-05	6.536529e-05	2.418553e-03
55            	1.920080e-03	-1.427022e-20	2.482448e-03	-6.206120e-05	-1.174015e-03	4.800201e-05	8.979790e-04	1.022101e-03	4.800201e-05	-4.800201e-05	6.720904e-05	2.415239e-03
56            	1.919886e-03	-1.424930e-20	2.481169e-03	-6.202923e-05	-1.171774e-03	4.799714e-05	8.979137e-04	1.021972e-03	4.799714e-05	-4.799714e-05	6.881032e-05	2.412359e-03
57            	1.919723e-03	-1.423059e-20	2.480062e-03	-6.200155e-05	-1.169832e-03	4.799308e-05	8.978600e-04	1.021863e-03	4.799308e-05	-4.799308e-05	7.019955e-05	2.409863e-03
58            	1.919589e-03	-1.421385e-20	2.479108e-03	-6.197770e-05	-1.168153e-03	4.798973e-05	8.978169e-04	1.021772e-03	4.798973e-05	-4.798973e-05	7.140065e-05	2.407707e-03
59            	1.919478e-03	-1.419844e-20	2.478267e-03	-6.195668e-05	-1.166666e-03	4.798695e-05	8.977822e-04	1.021696e-03	4.798695e-05	-4.798695e-05	7.246795e-05	2.405799e-03
60            	1.919404e-03	-1.418530e-20	2.477572e-03	-6.193931e-05	-1.165410e-03	4.798511e-05	8.977629e-04	1.021642e-03	4.798511e-05	-4.798511e-05	7.337613e-05	2.404196e-03
61            	1.919358e-03	-1.417402e-20	2.477004e-03	-6.192511e-05	-1.164369e-03	4.798394e-05	8.977537e-04	1.021604e-03	4.798394e-05	-4.798394e-05	7.413365e-05	2.402871e-03
62            	1.919327e-03	-1.416429e-20	2.476547e-03	-6.191368e-05	-1.163527e-03	4.798318e-05	8.977499e-04	1.021577e-03	4.798318e-05	-4.798318e-05	7.474660e-05	2.401801e-03
63            	1.919307e-03	-1.415585e-20	2.476179e-03	-6.190448e-05	-1.162852e-03	4.798267e-05	8.977489e-04	1.021558e-03	4.798267e-05	-4.798267e-05	7.523775e-05	2.400941e-03
64            	1.919295e-03	-1.414862e-20	2.475888e-03	-6.189720e-05	-1.162320e-03	4.798237e-05	8.977503e-04	1.021545e-03	4.798237e-05	-4.798237e-05	7.562365e-05	2.400264e-03
65            	1.919291e-03	-1.414249e-20	2.475665e-03	-6.189163e-05	-1.161914e-03	4.798229e-05	8.977541e-04	1.021537e-03	4.798229e-05	-4.798229e-05	7.591845e-05	2.399747e-03
66            	1.919295e-03	-1.413733e-20	2.475499e-03	-6.188748e-05	-1.161612e-03	4.798236e-05	8.977598e-04	1.021535e-03	4.798236e-05	-4.798236e-05	7.613733e-05	2.399362e-03
67            	1.919305e-03	-1.413311e-20	2.475391e-03	-6.188478e-05	-1.161415e-03	4.798264e-05	8.977680e-04	1.021538e-03	4.798264e-05	-4.798264e-05	7.628048e-05	2.399111e-03
68            	1.919321e-03	-1.412969e-20	2.475329e-03	-6.188322e-05	-1.161302e-03	4.798304e-05	8.977775e-04	1.021544e-03	4.798304e-05	-4.798304e-05	7.636251e-05	2.398966e-03
69            	1.919347e-03	-1.412748e-20	2.475312e-03	-6.188281e-05	-1.161264e-03	4.798368e-05	8.977908e-04	1.021556e-03	4.798368e-05	-4.798368e-05	7.639185e-05	2.398920e-03
70            	1.919379e-03	-1.412528e-20	2.475336e-03	-6.188340e-05	-1.161297e-03	4.798448e-05	8.978062e-04	1.021573e-03	4.798448e-05	-4.798448e-05	7.637137e-05	2.398965e-03
71            	1.919417e-03	-1.412363e-20	2.475391e-03	-6.188476e-05	-1.161380e-03	4.798542e-05	8.978237e-04	1.021593e-03	4.798542e-05	-4.798542e-05	7.631541e-05	2.399075e-03
72            	1.919460e-03	-1.412246e-20	2.475477e-03	-6.188692e-05	-1.161518e-03	4.798651e-05	8.978432e-04	1.021617e-03	4.798651e-05	-4.798651e-05	7.622084e-05	2.399256e-03
73            	1.919499e-03	-1.412186e-20	2.475599e-03	-6.188998e-05	-1.161737e-03	4.798749e-05	8.978598e-04	1.021640e-03	4.798749e-05	-4.798749e-05	7.606213e-05	2.399537e-03
74            	1.919543e-03	-1.412147e-20	2.475738e-03	-6.189345e-05	-1.161981e-03	4.798858e-05	8.978782e-04	1.021665e-03	4.798858e-05	-4.798858e-05	7.588854e-05	2.399850e-03
75            	1.919586e-03	-1.412116e-20	2.475892e-03	-6.189731e-05	-1.162257e-03	4.798964e-05	8.978956e-04	1.021690e-03	4.798964e-05	-4.798964e-05	7.568963e-05	2.400203e-03
76            	1.919629e-03	-1.412118e-20	2.476057e-03	-6.190142e-05	-1.162549e-03	4.799073e-05	8.979132e-04	1.021716e-03	4.799073e-05	-4.799073e-05	7.547978e-05	2.400577e-03
77            	1.919688e-03	-1.412157e-20	2.476220e-03	-6.190549e-05	-1.162805e-03	4.799220e-05	8.979386e-04	1.021750e-03	4.799220e-05	-4.799220e-05	7.530476e-05	2.400915e-03
78            	1.919754e-03	-1.412216e-20	2.476398e-03	-6.190996e-05	-1.163079e-03	4.799386e-05	8.979672e-04	1.021787e-03	4.799386e-05	-4.799386e-05	7.512004e-05	2.401278e-03
79            	1.919816e-03	-1.412312e-20	2.476587e-03	-6.191468e-05	-1.163381e-03	4.799541e-05	8.979935e-04	1.021823e-03	4.799541e-05	-4.799541e-05	7.491293e-05	2.401674e-03
80            	1.919877e-03	-1.412416e-20	2.476786e-03	-6.191965e-05	-1.163704e-03	4.799693e-05	8.980189e-04	1.021858e-03	4.799693e-05	-4.799693e-05	7.468859e-05	2.402097e-03
81            	1.919936e-03	-1.412534e-20	2.476992e-03	-6.192479e-05	-1.164045e-03	4.799839e-05	8.980430e-04	1.021893e-03	4.799839e-05	-4.799839e-05	7.445084e-05	2.402541e-03
82            	1.919993e-03	-1.412664e-20	2.477201e-03	-6.193004e-05	-1.164395e-03	4.799982e-05	8.980664e-04	1.021927e-03	4.799982e-05	-4.799982e-05	7.420589e-05	2.402996e-03
83            	1.920050e-03	-1.412804e-20	2.477412e-03	-6.193530e-05	-1.164746e-03	4.800124e-05	8.980895e-04	1.021960e-03	4.800124e-05	-4.800124e-05	7.395966e-05	2.403452e-03
84            	1.920105e-03	-1.412952e-20	2.477621e-03	-6.194053e-05	-1.165094e-03	4.800264e-05	8.981122e-04	1.021993e-03	4.800264e-05	-4.800264e-05	7.371615e-05	2.403905e-03
85            	1.920161e-03	-1.413106e-20	2.477827e-03	-6.194568e-05	-1.165436e-03	4.800402e-05	8.981346e-04	1.022026e-03	4.800402e-05	-4.800402e-05	7.347766e-05	2.404350e-03
86            	1.920208e-03	-1.413257e-20	2.478028e-03	-6.195070e-05	-1.165779e-03	4.800521e-05	8.981535e-04	1.022055e-03	4.800521e-05	-4.800521e-05	7.323507e-05	2.404793e-03
87            	1.920256e-03	-1.413410e-20	2.478222e-03	-6.195555e-05	-1.166107e-03	4.800641e-05	8.981726e-04	1.022084e-03	4.800641e-05	-4.800641e-05	7.300398e-05	2.405218e-03
88            	1.920303e-03	-1.413565e-20	2.478411e-03	-6.196027e-05	-1.166424e-03	4.800758e-05	8.981912e-04	1.022112e-03	4.800758e-05	-4.800758e-05	7.278131e-05	2.405629e-03
89            	1.920348e-03	-1.413717e-20	2.478593e-03	-6.196482e-05	-1.166729e-03	4.800871e-05	8.982094e-04	1.022139e-03	4.800871e-05	-4.800871e-05	7.256754e-05	2.406025e-03
90            	1.920394e-03	-1.413865e-20	2.478768e-03	-6.196919e-05	-1.167018e-03	4.800984e-05	8.982276e-04	1.022166e-03	4.800984e-05	-4.800984e-05	7.236613e-05	2.406402e-03
91            	1.920438e-03	-1.414012e-20	2.478937e-03	-6.197343e-05	-1.167295e-03	4.801095e-05	8.982457e-04	1.022193e-03	4.801095e-05	-4.801095e-05	7.217317e-05	2.406764e-03
92            	1.920475e-03	-1.414162e-20	2.479106e-03	-6.197764e-05	-1.167585e-03	4.801189e-05	8.982601e-04	1.022215e-03	4.801189e-05	-4.801189e-05	7.196744e-05	2.407138e-03
93            	1.920510e-03	-1.414303e-20	2.479266e-03	-6.198165e-05	-1.167862e-03	4.801276e-05	8.982735e-04	1.022237e-03	4.801276e-05	-4.801276e-05	7.177128e-05	2.407495e-03
94            	1.920543e-03	-1.414435e-20	2.479416e-03	-6.198540e-05	-1.168121e-03	4.801357e-05	8.982859e-04	1.022257e-03	4.801357e-05	-4.801357e-05	7.158716e-05	2.407829e-03
95            	1.920574e-03	-1.414561e-20	2.479557e-03	-6.198893e-05	-1.168363e-03	4.801434e-05	8.982978e-04	1.022276e-03	4.801434e-05	-4.801434e-05	7.141551e-05	2.408142e-03
96            	1.920603e-03	-1.414680e-20	2.479691e-03	-6.199227e-05	-1.168591e-03	4.801508e-05	8.983094e-04	1.022294e-03	4.801508e-05	-4.801508e-05	7.125464e-05	2.408436e-03
97            	1.920632e-03	-1.414793e-20	2.479818e-03	-6.199544e-05	-1.168806e-03	4.801580e-05	8.983206e-04	1.022311e-03	4.801580e-05	-4.801580e-05	7.110303e-05	2.408715e-03
98            	1.920659e-03	-1.414885e-20	2.479938e-03	-6.199845e-05	-1.169010e-03	4.801647e-05	8.983310e-04	1.022328e-03	4.801647e-05	-4.801647e-05	7.095859e-05	2.408980e-03
99            	1.920686e-03	-1.414985e-20	2.480049e-03	-6.200123e-05	-1.169196e-03	4.801714e-05	8.983416e-04	1.022344e-03	4.801714e-05	-4.801714e-05	7.082897e-05	2.409220e-03
100           	1.920710e-03	-1.415069e-20	2.480156e-03	-6.200391e-05	-1.169375e-03	4.801776e-05	8.983513e-04	1.022359e-03	4.801776e-05	-4.801776e-05	7.070320e-05	2.409453e-03
101           	1.920732e-03	-1.415161e-20	2.480255e-03	-6.200637e-05	-1.169544e-03	4.801829e-05	8.983595e-04	1.022372e-03	4.801829e-05	-4.801829e-05	7.058381e-05	2.409671e-03
102           	1.920751e-03	-1.415246e-20	2.480347e-03	-6.200869e-05	-1.169703e-03	4.801878e-05	8.983668e-04	1.022384e-03	4.801878e-05	-4.801878e-05	7.047073e-05	2.409877e-03
103           	1.920768e-03	-1.415327e-20	2.480433e-03	-6.201082e-05	-1.169851e-03	4.801921e-05	8.983733e-04	1.022395e-03	4.801921e-05	-4.801921e-05	7.036510e-05	2.410068e-03
104           	1.920784e-03	-1.415403e-20	2.480512e-03	-6.201280e-05	-1.169989e-03	4.801960e-05	8.983791e-04	1.022405e-03	4.801960e-05	-4.801960e-05	7.026727e-05	2.410245e-03
105           	1.920798e-03	-1.415475e-20	2.480585e-03	-6.201461e-05	-1.170115e-03	4.801996e-05	8.983845e-04	1.022414e-03	4.801996e-05	-4.801996e-05	7.017725e-05	2.410407e-03
106           	1.920812e-03	-1.415543e-20	2.480652e-03	-6.201629e-05	-1.170231e-03	4.802029e-05	8.983895e-04	1.022422e-03	4.802029e-05	-4.802029e-05	7.009437e-05	2.410557e-03
107           	1.920824e-03	-1.415607e-20	2.480714e-03	-6.201784e-05	-1.170339e-03	4.802060e-05	8.983942e-04	1.022430e-03	4.802060e-05	-4.802060e-05	7.001785e-05	2.410696e-03
108           	1.920836e-03	-1.415667e-20	2.480771e-03	-6.201929e-05	-1.170439e-03	4.802089e-05	8.983985e-04	1.022437e-03	4.802089e-05	-4.802089e-05	6.994706e-05	2.410824e-03
109           	1.920846e-03	-1.415723e-20	2.480825e-03	-6.202062e-05	-1.170531e-03	4.802116e-05	8.984026e-04	1.022444e-03	4.802116e-05	-4.802116e-05	6.988149e-05	2.410943e-03
110           	1.920856e-03	-1.415774e-20	2.480874e-03	-6.202185e-05	-1.170616e-03	4.802141e-05	8.984062e-04	1.022450e-03	4.802141e-05	-4.802141e-05	6.982084e-05	2.411053e-03
111           	1.920865e-03	-1.415823e-20	2.480920e-03	-6.202299e-05	-1.170695e-03	4.802163e-05	8.984096e-04	1.022456e-03	4.802163e-05	-4.802163e-05	6.976486e-05	2.411155e-03
112           	1.920873e-03	-1.415867e-20	2.480961e-03	-6.202404e-05	-1.170767e-03	4.802184e-05	8.984127e-04	1.022461e-03	4.802184e-05	-4.802184e-05	6.971338e-05	2.411248e-03
113           	1.920881e-03	-1.415908e-20	2.481000e-03	-6.202500e-05	-1.170834e-03	4.802202e-05	8.984155e-04	1.022465e-03	4.802202e-05	-4.802202e-05	6.966620e-05	2.411334e-03
114           	1.920888e-03	-1.415946e-20	2.481035e-03	-6.202587e-05	-1.170894e-03	4.802219e-05	8.984180e-04	1.022470e-03	4.802219e-05	-4.802219e-05	6.962304e-05	2.411412e-03
115           	1.920894e-03	-1.415981e-20	2.481067e-03	-6.202667e-05	-1.170950e-03	4.802235e-05	8.984203e-04	1.022474e-03	4.802235e-05	-4.802235e-05	6.958366e-05	2.411483e-03
116           	1.920900e-03	-1.416012e-20	2.481096e-03	-6.202740e-05	-1.171000e-03	4.802249e-05	8.984224e-04	1.022477e-03	4.802249e-05	-4.802249e-05	6.954779e-05	2.411548e-03
117           	1.920905e-03	-1.416038e-20	2.481123e-03	-6.202807e-05	-1.171046e-03	4.802262e-05	8.984244e-04	1.022480e-03	4.802262e-05	-4.802262e-05	6.951497e-05	2.411608e-03
118           	1.920909e-03	-1.416065e-20	2.481147e-03	-6.202867e-05	-1.171088e-03	4.802273e-05	8.984260e-04	1.022483e-03	4.802273e-05	-4.802273e-05	6.948547e-05	2.411661e-03
119           	1.920914e-03	-1.416087e-20	2.481168e-03	-6.202921e-05	-1.171126e-03	4.802284e-05	8.984276e-04	1.022486e-03	4.802284e-05	-4.802284e-05	6.945853e-05	2.411710e-03
120           	1.920917e-03	-1.416110e-20	2.481188e-03	-6.202970e-05	-1.171160e-03	4.802293e-05	8.984289e-04	1.022488e-03	4.802293e-05	-4.802293e-05	6.943432e-05	2.411754e-03
121           	1.920920e-03	-1.416131e-20	2.481206e-03	-6.203014e-05	-1.171190e-03	4.802301e-05	8.984301e-04	1.022490e-03	4.802301e-05	-4.802301e-05	6.941241e-05	2.411793e-03
122           	1.920924e-03	-1.416150e-20	2.481222e-03	-6.203054e-05	-1.171218e-03	4.802309e-05	8.984313e-04	1.022492e-03	4.802309e-05	-4.802309e-05	6.939309e-05	2.411829e-03
123           	1.920926e-03	-1.416168e-20	2.481236e-03	-6.203090e-05	-1.171242e-03	4.802316e-05	8.984323e-04	1.022494e-03	4.802316e-05	-4.802316e-05	6.937566e-05	2.411860e-03
124           	1.920929e-03	-1.416184e-20	2.481249e-03	-6.203123e-05	-1.171265e-03	4.802323e-05	8.984333e-04	1.022496e-03	4.802323e-05	-4.802323e-05	6.935981e-05	2.411889e-03
125           	1.920931e-03	-1.416198e-20	2.481261e-03	-6.203153e-05	-1.171285e-03	4.802328e-05	8.984342e-04	1.022497e-03	4.802328e-05	-4.802328e-05	6.934537e-05	2.411916e-03
126           	1.920933e-03	-1.416211e-20	2.481272e-03	-6.203179e-05	-1.171304e-03	4.802333e-05	8.984349e-04	1.022498e-03	4.802333e-05	-4.802333e-05	6.933235e-05	2.411939e-03
127           	1.920934e-03	-1.416215e-20	2.481278e-03	-6.203195e-05	-1.171314e-03	4.802335e-05	8.984351e-04	1.022499e-03	4.802335e-05	-4.802335e-05	6.932446e-05	2.411953e-03
128           	1.920936e-03	-1.416234e-20	2.481288e-03	-6.203220e-05	-1.171333e-03	4.802339e-05	8.984356e-04	1.022500e-03	4.802339e-05	-4.802339e-05	6.931125e-05	2.411977e-03
129           	1.920937e-03	-1.416243e-20	2.481295e-03	-6.203238e-05	-1.171345e-03	4.802342e-05	8.984360e-04	1.022501e-03	4.802342e-05	-4.802342e-05	6.930222e-05	2.411993e-03
130           	1.920937e-03	-1.416245e-20	2.481299e-03	-6.203248e-05	-1.171352e-03	4.802343e-05	8.984362e-04	1.022501e-03	4.802343e-05	-4.802343e-05	6.929716e-05	2.412002e-03
131           	1.920938e-03	-1.416259e-20	2.481305e-03	-6.203263e-05	-1.171364e-03	4.802345e-05	8.984364e-04	1.022502e-03	4.802345e-05	-4.802345e-05	6.928876e-05	2.412017e-03
132           	1.920939e-03	-1.416265e-20	2.481310e-03	-6.203276e-05	-1.171372e-03	4.802348e-05	8.984368e-04	1.022502e-03	4.802348e-05	-4.802348e-05	6.928303e-05	2.412027e-03
133           	1.920940e-03	-1.416267e-20	2.481313e-03	-6.203283e-05	-1.171377e-03	4.802349e-05	8.984370e-04	1.022503e-03	4.802349e-05	-4.802349e-05	6.927977e-05	2.412033e-03
134           	1.920940e-03	-1.416277e-20	2.481318e-03	-6.203294e-05	-1.171385e-03	4.802351e-05	8.984372e-04	1.022503e-03	4.802351e-05	-4.802351e-05	6.927382e-05	2.412044e-03
135           	1.920941e-03	-1.416278e-20	2.481320e-03	-6.203300e-05	-1.171389e-03	4.802352e-05	8.984375e-04	1.022503e-03	4.802352e-05	-4.802352e-05	6.927145e-05	2.412049e-03
136           	1.920941e-03	-1.416286e-20	2.481323e-03	-6.203309e-05	-1.171395e-03	4.802353e-05	8.984375e-04	1.022504e-03	4.802353e-05	-4.802353e-05	6.926672e-05	2.412057e-03
137           	1.920942e-03	-1.416287e-20	2.481325e-03	-6.203313e-05	-1.171398e-03	4.802354e-05	8.984378e-04	1.022504e-03	4.802354e-05	-4.802354e-05	6.926506e-05	2.412060e-03
138           	1.920942e-03	-1.416293e-20	2.481328e-03	-6.203319e-05	-1.171402e-03	4.802355e-05	8.984377e-04	1.022504e-03	4.802355e-05	-4.802355e-05	6.926176e-05	2.412066e-03
139           	1.920942e-03	-1.416293e-20	2.481329e-03	-6.203323e-05	-1.171404e-03	4.802356e-05	8.984380e-04	1.022504e-03	4.802356e-05	-4.802356e-05	6.926074e-05	2.412068e-03
140           	1.920942e-03	-1.416298e-20	2.481331e-03	-6.203327e-05	-1.171407e-03	4.802356e-05	8.984379e-04	1.022504e-03	4.802356e-05	-4.802356e-05	6.925828e-05	2.412072e-03
141           	1.920943e-03	-1.416299e-20	2.481332e-03	-6.203330e-05	-1.171408e-03	4.802357e-05	8.984382e-04	1.022505e-03	4.802357e-05	-4.802357e-05	6.925760e-05	2.412074e-03
142           	1.920943e-03	-1.416302e-20	2.481333e-03	-6.203332e-05	-1.171411e-03	4.802357e-05	8.984381e-04	1.022505e-03	4.802357e-05	-4.802357e-05	6.925583e-05	2.412077e-03
143           	1.920943e-03	-1.416303e-20	2.481334e-03	-6.203334e-05	-1.171411e-03	4.802358e-05	8.984383e-04	1.022505e-03	4.802358e-05	-4.802358e-05	6.925543e-05	2.412078e-03
144           	1.920943e-03	-1.416305e-20	2.481334e-03	-6.203336e-05	-1.171413e-03	4.802358e-05	8.984381e-04	1.022505e-03	4.802358e-05	-4.802358e-05	6.925427e-05	2.412080e-03
145           	1.920943e-03	-1.416306e-20	2.481335e-03	-6.203338e-05	-1.171413e-03	4.802359e-05	8.984383e-04	1.022505e-03	4.802359e-05	-4.802359e-05	6.925407e-05	2.412081e-03
146           	1.920943e-03	-1.416308e-20	2.481335e-03	-6.203338e-05	-1.171414e-03	4.802358e-05	8.984382e-04	1.022505e-03	4.802358e-05	-4.802358e-05	6.925339e-05	2.412082e-03
147           	1.920943e-03	-1.416308e-20	2.481336e-03	-6.203339e-05	-1.171414e-03	4.802359e-05	8.984383e-04	1.022505e-03	4.802359e-05	-4.802359e-05	6.925339e-05	2.412082e-03
148           	1.920943e-03	-1.416309e-20	2.481336e-03	-6.203339e-05	-1.171415e-03	4.802358e-05	8.984382e-04	1.022505e-03	4.802358e-05	-4.802358e-05	6.925303e-05	2.412083e-03
149           	1.920943e-03	-1.416309e-20	2.481336e-03	-6.203340e-05	-1.171415e-03	4.802359e-05	8.984383e-04	1.022505e-03	4.802359e-05	-4.802359e-05	6.925315e-05	2.412083e-03
150           	1.920943e-03	-1.416309e-20	2.481336e-03	-6.203339e-05	-1.171415e-03	4.802358e-05	8.984381e-04	1.022505e-03	4.802358e-05	-4.802358e-05	6.925307e-05	2.412083e-03
151           	1.920943e-03	-1.416309e-20	2.481336e-03	-6.203340e-05	-1.171415e-03	4.802358e-05	8.984382e-04	1.022505e-03	4.802358e-05	-4.802358e-05	6.925330e-05	2.412083e-03
152           	1.920943e-03	-1.416310e-20	2.481335e-03	-6.203338e-05	-1.171414e-03	4.802357e-05	8.984381e-04	1.022505e-03	4.802357e-05	-4.802357e-05	6.925349e-05	2.412082e-03
153           	1.920943e-03	-1.416310e-20	2.481335e-03	-6.203339e-05	-1.171414e-03	4.802358e-05	8.984382e-04	1.022505e-03	4.802358e-05	-4.802358e-05	6.925379e-05	2.412082e-03
154           	1.920943e-03	-1.416310e-20	2.481335e-03	-6.203337e-05	-1.171413e-03	4.802357e-05	8.984380e-04	1.022505e-03	4.802357e-05	-4.802357e-05	6.925416e-05	2.412081e-03
155           	1.920943e-03	-1.416310e-20	2.481335e-03	-6.203337e-05	-1.171413e-03	4.802357e-05	8.984380e-04	1.022505e-03	4.802357e-05	-4.802357e-05	6.925454e-05	2.412080e-03
156           	1.920942e-03	-1.416310e-20	2.481334e-03	-6.203335e-05	-1.171412e-03	4.802356e-05	8.984379e-04	1.022505e-03	4.802356e-05	-4.802356e-05	6.925504e-05	2.412079e-03
157           	1.920943e-03	-1.416310e-20	2.481334e-03	-6.203335e-05	-1.171412e-03	4.802356e-05	8.984379e-04	1.022505e-03	4.802356e-05	-4.802356e-05	6.925547e-05	2.412078e-03
158           	1.920942e-03	-1.416310e-20	2.481333e-03	-6.203333e-05	-1.171411e-03	4.802355e-05	8.984378e-04	1.022504e-03	4.802355e-05	-4.802355e-05	6.925607e-05	2.412077e-03
159           	1.920942e-03	-1.416309e-20	2.481333e-03	-6.203333e-05	-1.171410e-03	4.802356e-05	8.984378e-04	1.022504e-03	4.802356e-05	-4.802356e-05	6.925656e-05	2.412076e-03
160           	1.920942e-03	-1.416309e-20	2.481332e-03	-6.203331e-05	-1.171409e-03	4.802355e-05	8.984377e-04	1.022504e-03	4.802355e-05	-4.802355e-05	6.925724e-05	2.412075e-03
161           	1.920942e-03	-1.416309e-20	2.481332e-03	-6.203330e-05	-1.171408e-03	4.802355e-05	8.984377e-04	1.022504e-03	4.802355e-05	-4.802355e-05	6.925770e-05	2.412074e-03
162           	1.920942e-03	-1.416309e-20	2.481331e-03	-6.203328e-05	-1.171407e-03	4.802354e-05	8.984376e-04	1.022504e-03	4.802354e-05	-4.802354e-05	6.925841e-05	2.412073e-03
163           	1.920942e-03	-1.416308e-20	2.481331e-03	-6.203328e-05	-1.171407e-03	4.802354e-05	8.984376e-04	1.022504e-03	4.802354e-05	-4.802354e-05	6.925889e-05	2.412072e-03
164           	1.920941e-03	-1.416308e-20	2.481330e-03	-6.203326e-05	-1.171406e-03	4.802354e-05	8.984374e-04	1.022504e-03	4.802354e-05	-4.802354e-05	6.925961e-05	2.412071e-03
165           	1.920941e-03	-1.416308e-20	2.481330e-03	-6.203325e-05	-1.171405e-03	4.802354e-05	8.984375e-04	1.022504e-03	4.802354e-05	-4.802354e-05	6.926009e-05	2.412070e-03
166           	1.920941e-03	-1.416307e-20	2.481329e-03	-6.203323e-05	-1.171404e-03	4.802353e-05	8.984374e-04	1.022504e-03	4.802353e-05	-4.802353e-05	6.926084e-05	2.412068e-03
167           	1.920941e-03	-1.416307e-20	2.481329e-03	-6.203322e-05	-1.171403e-03	4.802353e-05	8.984373e-04	1.022504e-03	4.802353e-05	-4.802353e-05	6.926149e-05	2.412067e-03
168           	1.920941e-03	-1.416306e-20	2.481328e-03	-6.203321e-05	-1.171402e-03	4.802353e-05	8.984373e-04	1.022504e-03	4.802353e-05	-4.802353e-05	6.926207e-05	2.412066e-03
169           	1.920941e-03	-1.416306e-20	2.481328e-03	-6.203319e-05	-1.171401e-03	4.802352e-05	8.984372e-04	1.022504e-03	4.802352e-05	-4.802352e-05	6.926275e-05	2.412065e-03
