# Force coefficients
# dragDir     : (1.000000e+00 0.000000e+00 0.000000e+00)
# sideDir     : (0.000000e+00 0.000000e+00 -1.000000e+00)
# liftDir     : (0.000000e+00 1.000000e+00 0.000000e+00)
# rollAxis    : (1.000000e+00 0.000000e+00 0.000000e+00)
# pitchAxis   : (0.000000e+00 0.000000e+00 -1.000000e+00)
# yawAxis     : (0.000000e+00 1.000000e+00 0.000000e+00)
# magUInf     : 2.000000e-02
# lRef        : 1.000000e-01
# Aref        : 1.000000e-01
# CofR        : (0.000000e+00 0.000000e+00 0.000000e+00)
#
# Time        	Cd            	Cs            	Cl            	CmRoll        	CmPitch       	CmYaw         	Cd(f)         	Cd(r)         	Cs(f)         	Cs(r)         	Cl(f)         	Cl(r)         
1             	2.440253e-03	-3.688332e-19	-3.695046e-04	9.237614e-06	6.201284e-03	6.100634e-05	1.229364e-03	1.210889e-03	6.100634e-05	-6.100634e-05	6.016532e-03	-6.386037e-03
2             	5.394029e-03	-2.392567e-19	-1.578499e-03	3.946247e-05	1.525266e-02	1.348507e-04	2.736477e-03	2.657552e-03	1.348507e-04	-1.348507e-04	1.446341e-02	-1.604191e-02
3             	4.650017e-03	8.310543e-21	-2.502534e-03	6.256336e-05	1.521126e-02	1.162504e-04	2.387572e-03	2.262445e-03	1.162504e-04	-1.162504e-04	1.396000e-02	-1.646253e-02
4             	3.295369e-03	6.513771e-20	-2.768540e-03	6.921350e-05	1.250733e-02	8.238424e-05	1.716898e-03	1.578471e-03	8.238424e-05	-8.238424e-05	1.112306e-02	-1.389160e-02
5             	2.699456e-03	5.228431e-20	-3.105860e-03	7.764651e-05	1.178916e-02	6.748641e-05	1.427375e-03	1.272082e-03	6.748641e-05	-6.748641e-05	1.023623e-02	-1.334209e-02
6             	2.507006e-03	3.127907e-20	-3.466308e-03	8.665769e-05	1.208114e-02	6.267516e-05	1.340161e-03	1.166846e-03	6.267516e-05	-6.267516e-05	1.034799e-02	-1.381429e-02
7             	2.554078e-03	7.765781e-21	-3.599053e-03	8.997632e-05	1.243990e-02	6.385195e-05	1.367015e-03	1.187063e-03	6.385195e-05	-6.385195e-05	1.064038e-02	-1.423943e-02
8             	2.761721e-03	-3.843812e-21	-3.439603e-03	8.599008e-05	1.255678e-02	6.904303e-05	1.466851e-03	1.294871e-03	6.904303e-05	-6.904303e-05	1.083698e-02	-1.427658e-02
9             	2.941780e-03	-5.459832e-21	-3.111073e-03	7.777683e-05	1.228410e-02	7.354450e-05	1.548667e-03	1.393113e-03	7.354450e-05	-7.354450e-05	1.072856e-02	-1.383964e-02
10            	3.038188e-03	-4.022329e-21	-2.682211e-03	6.705528e-05	1.164170e-02	7.595470e-05	1.586149e-03	1.452039e-03	7.595470e-05	-7.595470e-05	1.030060e-02	-1.298281e-02
11            	3.053412e-03	-1.946649e-21	-2.236449e-03	5.591123e-05	1.079872e-02	7.633530e-05	1.582617e-03	1.470795e-03	7.633530e-05	-7.633530e-05	9.680494e-03	-1.191694e-02
12            	3.011882e-03	-2.516412e-21	-1.863011e-03	4.657527e-05	9.982378e-03	7.529705e-05	1.552516e-03	1.459366e-03	7.529705e-05	-7.529705e-05	9.050873e-03	-1.091388e-02
13            	2.955819e-03	-7.747971e-22	-1.545101e-03	3.862752e-05	9.254613e-03	7.389547e-05	1.516537e-03	1.439282e-03	7.389547e-05	-7.389547e-05	8.482062e-03	-1.002716e-02
14            	2.927197e-03	-2.212394e-21	-1.399198e-03	3.497994e-05	8.927384e-03	7.317992e-05	1.498578e-03	1.428618e-03	7.317992e-05	-7.317992e-05	8.227785e-03	-9.626983e-03
15            	2.888782e-03	-2.897073e-21	-1.295686e-03	3.239215e-05	8.663884e-03	7.221956e-05	1.476783e-03	1.411999e-03	7.221956e-05	-7.221956e-05	8.016041e-03	-9.311727e-03
16            	2.880498e-03	-3.485499e-21	-1.275270e-03	3.188174e-05	8.629538e-03	7.201246e-05	1.472131e-03	1.408367e-03	7.201246e-05	-7.201246e-05	7.991904e-03	-9.267173e-03
17            	2.881681e-03	-4.340786e-21	-1.292931e-03	3.232329e-05	8.689195e-03	7.204201e-05	1.473164e-03	1.408517e-03	7.204201e-05	-7.204201e-05	8.042730e-03	-9.335661e-03
18            	2.895339e-03	-4.899191e-21	-1.328440e-03	3.321099e-05	8.809419e-03	7.238347e-05	1.480880e-03	1.414458e-03	7.238347e-05	-7.238347e-05	8.145199e-03	-9.473639e-03
19            	2.911070e-03	-5.129283e-21	-1.350412e-03	3.376031e-05	8.901708e-03	7.277676e-05	1.489296e-03	1.421775e-03	7.277676e-05	-7.277676e-05	8.226502e-03	-9.576914e-03
20            	2.925146e-03	-5.160529e-21	-1.355793e-03	3.389482e-05	8.952404e-03	7.312865e-05	1.496468e-03	1.428678e-03	7.312865e-05	-7.312865e-05	8.274507e-03	-9.630300e-03
21            	2.937451e-03	-5.240768e-21	-1.340248e-03	3.350621e-05	8.953251e-03	7.343627e-05	1.502232e-03	1.435219e-03	7.343627e-05	-7.343627e-05	8.283127e-03	-9.623376e-03
22            	2.943056e-03	-5.292403e-21	-1.304179e-03	3.260447e-05	8.893429e-03	7.357641e-05	1.504133e-03	1.438924e-03	7.357641e-05	-7.357641e-05	8.241339e-03	-9.545518e-03
23            	2.937951e-03	-5.289262e-21	-1.261471e-03	3.153677e-05	8.793386e-03	7.344878e-05	1.500512e-03	1.437439e-03	7.344878e-05	-7.344878e-05	8.162650e-03	-9.424121e-03
24            	2.927458e-03	-5.267732e-21	-1.227996e-03	3.069990e-05	8.700092e-03	7.318646e-05	1.494429e-03	1.433029e-03	7.318646e-05	-7.318646e-05	8.086094e-03	-9.314090e-03
25            	2.916195e-03	-5.340118e-21	-1.211562e-03	3.028906e-05	8.640967e-03	7.290488e-05	1.488387e-03	1.427809e-03	7.290488e-05	-7.290488e-05	8.035186e-03	-9.246748e-03
26            	2.905740e-03	-5.451653e-21	-1.215852e-03	3.039630e-05	8.626866e-03	7.264350e-05	1.483266e-03	1.422474e-03	7.264350e-05	-7.264350e-05	8.018940e-03	-9.234792e-03
27            	2.899802e-03	-5.591181e-21	-1.239785e-03	3.099464e-05	8.664390e-03	7.249506e-05	1.480896e-03	1.418907e-03	7.249506e-05	-7.249506e-05	8.044497e-03	-9.284283e-03
28            	2.898767e-03	-5.656145e-21	-1.273235e-03	3.183086e-05	8.732943e-03	7.246917e-05	1.481214e-03	1.417553e-03	7.246917e-05	-7.246917e-05	8.096326e-03	-9.369560e-03
29            	2.902196e-03	-5.631444e-21	-1.305055e-03	3.262637e-05	8.808315e-03	7.255491e-05	1.483725e-03	1.418472e-03	7.255491e-05	-7.255491e-05	8.155788e-03	-9.460843e-03
30            	2.906809e-03	-5.513718e-21	-1.326253e-03	3.315632e-05	8.863845e-03	7.267023e-05	1.486561e-03	1.420248e-03	7.267023e-05	-7.267023e-05	8.200719e-03	-9.526972e-03
31            	2.910951e-03	-5.440537e-21	-1.335036e-03	3.337591e-05	8.891960e-03	7.277378e-05	1.488852e-03	1.422100e-03	7.277378e-05	-7.277378e-05	8.224441e-03	-9.559478e-03
32            	2.913752e-03	-5.370463e-21	-1.329922e-03	3.324806e-05	8.887572e-03	7.284379e-05	1.490124e-03	1.423628e-03	7.284379e-05	-7.284379e-05	8.222610e-03	-9.552533e-03
33            	2.912359e-03	-5.292813e-21	-1.311346e-03	3.278365e-05	8.844936e-03	7.280897e-05	1.488963e-03	1.423396e-03	7.280897e-05	-7.280897e-05	8.189263e-03	-9.500609e-03
34            	2.905215e-03	-5.115079e-21	-1.287319e-03	3.218297e-05	8.777547e-03	7.263038e-05	1.484791e-03	1.420425e-03	7.263038e-05	-7.263038e-05	8.133888e-03	-9.421207e-03
35            	2.895916e-03	-5.038540e-21	-1.270857e-03	3.177142e-05	8.721254e-03	7.239789e-05	1.479729e-03	1.416186e-03	7.239789e-05	-7.239789e-05	8.085826e-03	-9.356682e-03
36            	2.887683e-03	-4.996433e-21	-1.265843e-03	3.164606e-05	8.691764e-03	7.219207e-05	1.475488e-03	1.412195e-03	7.219207e-05	-7.219207e-05	8.058843e-03	-9.324686e-03
37            	2.881051e-03	-4.945083e-21	-1.272541e-03	3.181352e-05	8.690577e-03	7.202627e-05	1.472339e-03	1.408712e-03	7.202627e-05	-7.202627e-05	8.054307e-03	-9.326848e-03
38            	2.877134e-03	-4.899941e-21	-1.290960e-03	3.227399e-05	8.720141e-03	7.192834e-05	1.470841e-03	1.406293e-03	7.192834e-05	-7.192834e-05	8.074661e-03	-9.365621e-03
39            	2.877332e-03	-4.986740e-21	-1.317123e-03	3.292807e-05	8.775134e-03	7.193329e-05	1.471594e-03	1.405738e-03	7.193329e-05	-7.193329e-05	8.116573e-03	-9.433695e-03
40            	2.880918e-03	-4.983546e-21	-1.336947e-03	3.342366e-05	8.824700e-03	7.202294e-05	1.473883e-03	1.407035e-03	7.202294e-05	-7.202294e-05	8.156226e-03	-9.493173e-03
41            	2.884126e-03	-4.962039e-21	-1.347788e-03	3.369470e-05	8.854313e-03	7.210315e-05	1.475758e-03	1.408368e-03	7.210315e-05	-7.210315e-05	8.180419e-03	-9.528207e-03
42            	2.886447e-03	-4.920666e-21	-1.351644e-03	3.379110e-05	8.866990e-03	7.216118e-05	1.477015e-03	1.409432e-03	7.216118e-05	-7.216118e-05	8.191168e-03	-9.542812e-03
43            	2.887573e-03	-4.892297e-21	-1.348726e-03	3.371816e-05	8.862554e-03	7.218932e-05	1.477504e-03	1.410068e-03	7.218932e-05	-7.218932e-05	8.188191e-03	-9.536917e-03
44            	2.886889e-03	-4.860075e-21	-1.341040e-03	3.352599e-05	8.843819e-03	7.217223e-05	1.476971e-03	1.409919e-03	7.217223e-05	-7.217223e-05	8.173299e-03	-9.514339e-03
45            	2.884456e-03	-4.779259e-21	-1.330724e-03	3.326809e-05	8.815695e-03	7.211140e-05	1.475496e-03	1.408960e-03	7.211140e-05	-7.211140e-05	8.150333e-03	-9.481056e-03
46            	2.880112e-03	-4.741671e-21	-1.323036e-03	3.307591e-05	8.788788e-03	7.200280e-05	1.473132e-03	1.406980e-03	7.200280e-05	-7.200280e-05	8.127269e-03	-9.450306e-03
47            	2.876231e-03	-4.719721e-21	-1.321643e-03	3.304107e-05	8.776405e-03	7.190578e-05	1.471157e-03	1.405075e-03	7.190578e-05	-7.190578e-05	8.115584e-03	-9.437227e-03
48            	2.873320e-03	-4.696113e-21	-1.326166e-03	3.315415e-05	8.778830e-03	7.183300e-05	1.469814e-03	1.403506e-03	7.183300e-05	-7.183300e-05	8.115747e-03	-9.441913e-03
49            	2.871843e-03	-4.671112e-21	-1.336079e-03	3.340197e-05	8.795915e-03	7.179607e-05	1.469323e-03	1.402519e-03	7.179607e-05	-7.179607e-05	8.127875e-03	-9.463954e-03
50            	2.872417e-03	-4.652452e-21	-1.348400e-03	3.371001e-05	8.822823e-03	7.181043e-05	1.469919e-03	1.402498e-03	7.181043e-05	-7.181043e-05	8.148622e-03	-9.497023e-03
51            	2.874166e-03	-4.661168e-21	-1.358596e-03	3.396491e-05	8.847893e-03	7.185415e-05	1.471048e-03	1.403118e-03	7.185415e-05	-7.185415e-05	8.168595e-03	-9.527192e-03
52            	2.876021e-03	-4.653741e-21	-1.364279e-03	3.410699e-05	8.863656e-03	7.190052e-05	1.472117e-03	1.403903e-03	7.190052e-05	-7.190052e-05	8.181516e-03	-9.545795e-03
53            	2.877480e-03	-4.641234e-21	-1.365634e-03	3.414086e-05	8.869344e-03	7.193700e-05	1.472881e-03	1.404599e-03	7.193700e-05	-7.193700e-05	8.186527e-03	-9.552162e-03
54            	2.878129e-03	-4.632557e-21	-1.363185e-03	3.407964e-05	8.865111e-03	7.195322e-05	1.473144e-03	1.404985e-03	7.195322e-05	-7.195322e-05	8.183518e-03	-9.546704e-03
55            	2.877703e-03	-4.622631e-21	-1.358225e-03	3.395561e-05	8.853116e-03	7.194258e-05	1.472807e-03	1.404896e-03	7.194258e-05	-7.194258e-05	8.174004e-03	-9.532229e-03
56            	2.876288e-03	-4.611694e-21	-1.352930e-03	3.382325e-05	8.838207e-03	7.190720e-05	1.471967e-03	1.404321e-03	7.190720e-05	-7.190720e-05	8.161742e-03	-9.514672e-03
57            	2.874418e-03	-4.591936e-21	-1.349424e-03	3.373561e-05	8.826142e-03	7.186046e-05	1.470945e-03	1.403473e-03	7.186046e-05	-7.186046e-05	8.151430e-03	-9.500854e-03
58            	2.872737e-03	-4.589102e-21	-1.348544e-03	3.371360e-05	8.820133e-03	7.181843e-05	1.470082e-03	1.402655e-03	7.181843e-05	-7.181843e-05	8.145862e-03	-9.494405e-03
59            	2.871611e-03	-4.587300e-21	-1.350522e-03	3.376304e-05	8.821505e-03	7.179028e-05	1.469569e-03	1.402043e-03	7.179028e-05	-7.179028e-05	8.146244e-03	-9.496765e-03
60            	2.871217e-03	-4.584204e-21	-1.354951e-03	3.387376e-05	8.829759e-03	7.178042e-05	1.469482e-03	1.401735e-03	7.178042e-05	-7.178042e-05	8.152284e-03	-9.507235e-03
61            	2.871662e-03	-4.585620e-21	-1.360324e-03	3.400810e-05	8.841965e-03	7.179154e-05	1.469839e-03	1.401823e-03	7.179154e-05	-7.179154e-05	8.161803e-03	-9.522127e-03
62            	2.872748e-03	-4.598823e-21	-1.364739e-03	3.411848e-05	8.853618e-03	7.181871e-05	1.470493e-03	1.402256e-03	7.181871e-05	-7.181871e-05	8.171248e-03	-9.535988e-03
63            	2.873923e-03	-4.598994e-21	-1.366896e-03	3.417241e-05	8.860715e-03	7.184807e-05	1.471134e-03	1.402789e-03	7.184807e-05	-7.184807e-05	8.177267e-03	-9.544164e-03
64            	2.874863e-03	-4.603428e-21	-1.366630e-03	3.416575e-05	8.862140e-03	7.187158e-05	1.471597e-03	1.403266e-03	7.187158e-05	-7.187158e-05	8.178825e-03	-9.545455e-03
65            	2.875373e-03	-4.607335e-21	-1.364151e-03	3.410377e-05	8.857938e-03	7.188433e-05	1.471790e-03	1.403583e-03	7.188433e-05	-7.188433e-05	8.175863e-03	-9.540014e-03
66            	2.875097e-03	-4.610843e-21	-1.360338e-03	3.400845e-05	8.849102e-03	7.187744e-05	1.471557e-03	1.403540e-03	7.187744e-05	-7.187744e-05	8.168933e-03	-9.529271e-03
67            	2.874417e-03	-4.613033e-21	-1.356790e-03	3.391975e-05	8.839959e-03	7.186042e-05	1.471128e-03	1.403289e-03	7.186042e-05	-7.186042e-05	8.161564e-03	-9.518353e-03
68            	2.873549e-03	-4.610220e-21	-1.354426e-03	3.386065e-05	8.832927e-03	7.183873e-05	1.470635e-03	1.402914e-03	7.183873e-05	-7.183873e-05	8.155714e-03	-9.510140e-03
69            	2.872817e-03	-4.617899e-21	-1.353707e-03	3.384268e-05	8.829717e-03	7.182042e-05	1.470251e-03	1.402566e-03	7.182042e-05	-7.182042e-05	8.152864e-03	-9.506571e-03
70            	2.872404e-03	-4.622371e-21	-1.354590e-03	3.386476e-05	8.830650e-03	7.181011e-05	1.470067e-03	1.402337e-03	7.181011e-05	-7.181011e-05	8.153354e-03	-9.507945e-03
71            	2.872428e-03	-4.627580e-21	-1.356686e-03	3.391716e-05	8.835165e-03	7.181069e-05	1.470131e-03	1.402297e-03	7.181069e-05	-7.181069e-05	8.156821e-03	-9.513508e-03
72            	2.872928e-03	-4.634579e-21	-1.359088e-03	3.397719e-05	8.841430e-03	7.182321e-05	1.470441e-03	1.402487e-03	7.182321e-05	-7.182321e-05	8.161887e-03	-9.520974e-03
73            	2.873695e-03	-4.641870e-21	-1.360778e-03	3.401945e-05	8.846789e-03	7.184237e-05	1.470867e-03	1.402828e-03	7.184237e-05	-7.184237e-05	8.166400e-03	-9.527178e-03
74            	2.874449e-03	-4.648562e-21	-1.361278e-03	3.403195e-05	8.849588e-03	7.186122e-05	1.471256e-03	1.403192e-03	7.186122e-05	-7.186122e-05	8.168949e-03	-9.530227e-03
75            	2.875026e-03	-4.655587e-21	-1.360416e-03	3.401040e-05	8.849111e-03	7.187564e-05	1.471523e-03	1.403502e-03	7.187564e-05	-7.187564e-05	8.168903e-03	-9.529319e-03
76            	2.875312e-03	-4.662596e-21	-1.358332e-03	3.395831e-05	8.845386e-03	7.188280e-05	1.471614e-03	1.403698e-03	7.188280e-05	-7.188280e-05	8.166219e-03	-9.524552e-03
77            	2.875180e-03	-4.668419e-21	-1.355721e-03	3.389304e-05	8.839588e-03	7.187950e-05	1.471483e-03	1.403697e-03	7.187950e-05	-7.187950e-05	8.161728e-03	-9.517449e-03
78            	2.874825e-03	-4.673562e-21	-1.353555e-03	3.383887e-05	8.834232e-03	7.187062e-05	1.471251e-03	1.403574e-03	7.187062e-05	-7.187062e-05	8.157454e-03	-9.511009e-03
79            	2.874454e-03	-4.676290e-21	-1.352206e-03	3.380515e-05	8.830587e-03	7.186136e-05	1.471032e-03	1.403422e-03	7.186136e-05	-7.186136e-05	8.154484e-03	-9.506690e-03
80            	2.874152e-03	-4.682340e-21	-1.351732e-03	3.379330e-05	8.828960e-03	7.185380e-05	1.470869e-03	1.403283e-03	7.185380e-05	-7.185380e-05	8.153094e-03	-9.504826e-03
81            	2.874028e-03	-4.687577e-21	-1.352088e-03	3.380219e-05	8.829508e-03	7.185071e-05	1.470816e-03	1.403212e-03	7.185071e-05	-7.185071e-05	8.153464e-03	-9.505552e-03
82            	2.874145e-03	-4.693129e-21	-1.353015e-03	3.382537e-05	8.831820e-03	7.185362e-05	1.470898e-03	1.403247e-03	7.185362e-05	-7.185362e-05	8.155312e-03	-9.508327e-03
83            	2.874508e-03	-4.699119e-21	-1.353984e-03	3.384960e-05	8.834788e-03	7.186271e-05	1.471104e-03	1.403405e-03	7.186271e-05	-7.186271e-05	8.157796e-03	-9.511780e-03
84            	2.874960e-03	-4.704735e-21	-1.354514e-03	3.386284e-05	8.837011e-03	7.187399e-05	1.471343e-03	1.403617e-03	7.187399e-05	-7.187399e-05	8.159755e-03	-9.514268e-03
85            	2.875374e-03	-4.710067e-21	-1.354420e-03	3.386050e-05	8.837830e-03	7.188436e-05	1.471548e-03	1.403827e-03	7.188436e-05	-7.188436e-05	8.160620e-03	-9.515040e-03
86            	2.875670e-03	-4.715111e-21	-1.353618e-03	3.384044e-05	8.836874e-03	7.189176e-05	1.471676e-03	1.403995e-03	7.189176e-05	-7.189176e-05	8.160065e-03	-9.513683e-03
87            	2.875792e-03	-4.719881e-21	-1.352256e-03	3.380641e-05	8.834338e-03	7.189480e-05	1.471702e-03	1.404090e-03	7.189480e-05	-7.189480e-05	8.158210e-03	-9.510467e-03
88            	2.875740e-03	-4.722141e-21	-1.350698e-03	3.376746e-05	8.830996e-03	7.189351e-05	1.471638e-03	1.404103e-03	7.189351e-05	-7.189351e-05	8.155647e-03	-9.506345e-03
89            	2.875548e-03	-4.724391e-21	-1.349446e-03	3.373614e-05	8.827973e-03	7.188869e-05	1.471510e-03	1.404038e-03	7.188869e-05	-7.188869e-05	8.153250e-03	-9.502696e-03
90            	2.875360e-03	-4.728449e-21	-1.348699e-03	3.371748e-05	8.826030e-03	7.188399e-05	1.471397e-03	1.403962e-03	7.188399e-05	-7.188399e-05	8.151680e-03	-9.500379e-03
91            	2.875206e-03	-4.731666e-21	-1.348405e-03	3.371012e-05	8.825129e-03	7.188015e-05	1.471313e-03	1.403893e-03	7.188015e-05	-7.188015e-05	8.150926e-03	-9.499331e-03
92            	2.875149e-03	-4.735049e-21	-1.348543e-03	3.371358e-05	8.825367e-03	7.187872e-05	1.471288e-03	1.403861e-03	7.187872e-05	-7.187872e-05	8.151095e-03	-9.499639e-03
93            	2.875224e-03	-4.738675e-21	-1.348962e-03	3.372405e-05	8.826501e-03	7.188059e-05	1.471336e-03	1.403888e-03	7.188059e-05	-7.188059e-05	8.152020e-03	-9.500982e-03
94            	2.875427e-03	-4.742427e-21	-1.349381e-03	3.373453e-05	8.827925e-03	7.188567e-05	1.471448e-03	1.403979e-03	7.188567e-05	-7.188567e-05	8.153235e-03	-9.502616e-03
95            	2.875675e-03	-4.746839e-21	-1.349572e-03	3.373929e-05	8.828957e-03	7.189188e-05	1.471577e-03	1.404098e-03	7.189188e-05	-7.189188e-05	8.154171e-03	-9.503742e-03
96            	2.875888e-03	-4.749380e-21	-1.349435e-03	3.373587e-05	8.829204e-03	7.189719e-05	1.471680e-03	1.404208e-03	7.189719e-05	-7.189719e-05	8.154487e-03	-9.503922e-03
97            	2.876046e-03	-4.752022e-21	-1.348976e-03	3.372439e-05	8.828650e-03	7.190116e-05	1.471748e-03	1.404299e-03	7.190116e-05	-7.190116e-05	8.154163e-03	-9.503138e-03
98            	2.876105e-03	-4.754611e-21	-1.348222e-03	3.370555e-05	8.827241e-03	7.190263e-05	1.471758e-03	1.404347e-03	7.190263e-05	-7.190263e-05	8.153130e-03	-9.501351e-03
99            	2.876074e-03	-4.755548e-21	-1.347391e-03	3.368477e-05	8.825463e-03	7.190186e-05	1.471722e-03	1.404352e-03	7.190186e-05	-7.190186e-05	8.151767e-03	-9.499158e-03
100           	2.875970e-03	-4.756403e-21	-1.346743e-03	3.366858e-05	8.823901e-03	7.189926e-05	1.471654e-03	1.404317e-03	7.189926e-05	-7.189926e-05	8.150529e-03	-9.497272e-03
101           	2.875864e-03	-4.757706e-21	-1.346369e-03	3.365922e-05	8.822912e-03	7.189661e-05	1.471591e-03	1.404273e-03	7.189661e-05	-7.189661e-05	8.149728e-03	-9.496096e-03
102           	2.875785e-03	-4.759431e-21	-1.346241e-03	3.365602e-05	8.822505e-03	7.189462e-05	1.471548e-03	1.404236e-03	7.189462e-05	-7.189462e-05	8.149384e-03	-9.495625e-03
103           	2.875756e-03	-4.760946e-21	-1.346335e-03	3.365839e-05	8.822684e-03	7.189390e-05	1.471536e-03	1.404220e-03	7.189390e-05	-7.189390e-05	8.149516e-03	-9.495852e-03
104           	2.875801e-03	-4.762557e-21	-1.346571e-03	3.366428e-05	8.823328e-03	7.189502e-05	1.471565e-03	1.404236e-03	7.189502e-05	-7.189502e-05	8.150043e-03	-9.496614e-03
105           	2.875915e-03	-4.765030e-21	-1.346798e-03	3.366994e-05	8.824108e-03	7.189788e-05	1.471628e-03	1.404288e-03	7.189788e-05	-7.189788e-05	8.150709e-03	-9.497507e-03
106           	2.876037e-03	-4.766473e-21	-1.346891e-03	3.367227e-05	8.824616e-03	7.190092e-05	1.471691e-03	1.404346e-03	7.190092e-05	-7.190092e-05	8.151171e-03	-9.498062e-03
107           	2.876137e-03	-4.767419e-21	-1.346820e-03	3.367051e-05	8.824723e-03	7.190342e-05	1.471739e-03	1.404398e-03	7.190342e-05	-7.190342e-05	8.151313e-03	-9.498133e-03
108           	2.876209e-03	-4.768427e-21	-1.346588e-03	3.366470e-05	8.824423e-03	7.190522e-05	1.471769e-03	1.404440e-03	7.190522e-05	-7.190522e-05	8.151129e-03	-9.497717e-03
109           	2.876230e-03	-4.769391e-21	-1.346211e-03	3.365527e-05	8.823700e-03	7.190576e-05	1.471770e-03	1.404460e-03	7.190576e-05	-7.190576e-05	8.150595e-03	-9.496806e-03
110           	2.876199e-03	-4.769213e-21	-1.345799e-03	3.364496e-05	8.822781e-03	7.190497e-05	1.471744e-03	1.404455e-03	7.190497e-05	-7.190497e-05	8.149882e-03	-9.495680e-03
111           	2.876137e-03	-4.769469e-21	-1.345500e-03	3.363750e-05	8.822029e-03	7.190341e-05	1.471706e-03	1.404431e-03	7.190341e-05	-7.190341e-05	8.149279e-03	-9.494779e-03
112           	2.876078e-03	-4.770122e-21	-1.345348e-03	3.363370e-05	8.821594e-03	7.190195e-05	1.471673e-03	1.404405e-03	7.190195e-05	-7.190195e-05	8.148921e-03	-9.494268e-03
113           	2.876035e-03	-4.770569e-21	-1.345323e-03	3.363308e-05	8.821465e-03	7.190088e-05	1.471651e-03	1.404384e-03	7.190088e-05	-7.190088e-05	8.148803e-03	-9.494126e-03
114           	2.876020e-03	-4.771007e-21	-1.345413e-03	3.363531e-05	8.821641e-03	7.190051e-05	1.471645e-03	1.404375e-03	7.190051e-05	-7.190051e-05	8.148934e-03	-9.494347e-03
115           	2.876043e-03	-4.771516e-21	-1.345568e-03	3.363921e-05	8.822042e-03	7.190108e-05	1.471661e-03	1.404382e-03	7.190108e-05	-7.190108e-05	8.149257e-03	-9.494826e-03
116           	2.876099e-03	-4.772504e-21	-1.345709e-03	3.364272e-05	8.822483e-03	7.190249e-05	1.471692e-03	1.404407e-03	7.190249e-05	-7.190249e-05	8.149629e-03	-9.495337e-03
117           	2.876157e-03	-4.772944e-21	-1.345775e-03	3.364436e-05	8.822768e-03	7.190393e-05	1.471723e-03	1.404434e-03	7.190393e-05	-7.190393e-05	8.149881e-03	-9.495656e-03
118           	2.876204e-03	-4.773085e-21	-1.345753e-03	3.364383e-05	8.822842e-03	7.190511e-05	1.471746e-03	1.404458e-03	7.190511e-05	-7.190511e-05	8.149965e-03	-9.495718e-03
119           	2.876232e-03	-4.773308e-21	-1.345643e-03	3.364107e-05	8.822681e-03	7.190580e-05	1.471757e-03	1.404475e-03	7.190580e-05	-7.190580e-05	8.149860e-03	-9.495503e-03
120           	2.876234e-03	-4.773487e-21	-1.345470e-03	3.363675e-05	8.822328e-03	7.190584e-05	1.471754e-03	1.404480e-03	7.190584e-05	-7.190584e-05	8.149593e-03	-9.495063e-03
121           	2.876211e-03	-4.773150e-21	-1.345283e-03	3.363208e-05	8.821890e-03	7.190528e-05	1.471738e-03	1.404473e-03	7.190528e-05	-7.190528e-05	8.149248e-03	-9.494531e-03
122           	2.876173e-03	-4.773021e-21	-1.345153e-03	3.362882e-05	8.821534e-03	7.190433e-05	1.471715e-03	1.404458e-03	7.190433e-05	-7.190433e-05	8.148958e-03	-9.494110e-03
123           	2.876136e-03	-4.773120e-21	-1.345099e-03	3.362748e-05	8.821345e-03	7.190341e-05	1.471696e-03	1.404441e-03	7.190341e-05	-7.190341e-05	8.148795e-03	-9.493894e-03
124           	2.876110e-03	-4.773099e-21	-1.345121e-03	3.362803e-05	8.821337e-03	7.190276e-05	1.471683e-03	1.404427e-03	7.190276e-05	-7.190276e-05	8.148777e-03	-9.493898e-03
125           	2.876101e-03	-4.773086e-21	-1.345211e-03	3.363027e-05	8.821511e-03	7.190252e-05	1.471681e-03	1.404420e-03	7.190252e-05	-7.190252e-05	8.148906e-03	-9.494117e-03
126           	2.876118e-03	-4.773114e-21	-1.345327e-03	3.363317e-05	8.821803e-03	7.190295e-05	1.471692e-03	1.404426e-03	7.190295e-05	-7.190295e-05	8.149139e-03	-9.494466e-03
127           	2.876147e-03	-4.773488e-21	-1.345419e-03	3.363548e-05	8.822069e-03	7.190367e-05	1.471709e-03	1.404438e-03	7.190367e-05	-7.190367e-05	8.149359e-03	-9.494778e-03
128           	2.876175e-03	-4.773465e-21	-1.345462e-03	3.363656e-05	8.822226e-03	7.190437e-05	1.471724e-03	1.404451e-03	7.190437e-05	-7.190437e-05	8.149495e-03	-9.494957e-03
129           	2.876195e-03	-4.773345e-21	-1.345454e-03	3.363635e-05	8.822256e-03	7.190487e-05	1.471734e-03	1.404461e-03	7.190487e-05	-7.190487e-05	8.149529e-03	-9.494983e-03
130           	2.876204e-03	-4.773295e-21	-1.345400e-03	3.363500e-05	8.822164e-03	7.190509e-05	1.471737e-03	1.404467e-03	7.190509e-05	-7.190509e-05	8.149463e-03	-9.494864e-03
131           	2.876197e-03	-4.773219e-21	-1.345316e-03	3.363290e-05	8.821971e-03	7.190492e-05	1.471731e-03	1.404466e-03	7.190492e-05	-7.190492e-05	8.149313e-03	-9.494629e-03
132           	2.876177e-03	-4.772901e-21	-1.345233e-03	3.363082e-05	8.821751e-03	7.190443e-05	1.471719e-03	1.404458e-03	7.190443e-05	-7.190443e-05	8.149135e-03	-9.494368e-03
133           	2.876152e-03	-4.772715e-21	-1.345184e-03	3.362959e-05	8.821590e-03	7.190380e-05	1.471706e-03	1.404446e-03	7.190380e-05	-7.190380e-05	8.148999e-03	-9.494182e-03
134           	2.876131e-03	-4.772638e-21	-1.345178e-03	3.362945e-05	8.821530e-03	7.190326e-05	1.471695e-03	1.404436e-03	7.190326e-05	-7.190326e-05	8.148941e-03	-9.494119e-03
135           	2.876117e-03	-4.772510e-21	-1.345216e-03	3.363039e-05	8.821580e-03	7.190292e-05	1.471689e-03	1.404428e-03	7.190292e-05	-7.190292e-05	8.148972e-03	-9.494188e-03
136           	2.876115e-03	-4.772396e-21	-1.345286e-03	3.363216e-05	8.821725e-03	7.190286e-05	1.471689e-03	1.404425e-03	7.190286e-05	-7.190286e-05	8.149081e-03	-9.494368e-03
137           	2.876126e-03	-4.772452e-21	-1.345363e-03	3.363407e-05	8.821912e-03	7.190314e-05	1.471697e-03	1.404429e-03	7.190314e-05	-7.190314e-05	8.149231e-03	-9.494593e-03
138           	2.876141e-03	-4.772415e-21	-1.345414e-03	3.363536e-05	8.822056e-03	7.190352e-05	1.471706e-03	1.404435e-03	7.190352e-05	-7.190352e-05	8.149348e-03	-9.494763e-03
139           	2.876154e-03	-4.772274e-21	-1.345437e-03	3.363592e-05	8.822132e-03	7.190385e-05	1.471713e-03	1.404441e-03	7.190385e-05	-7.190385e-05	8.149414e-03	-9.494850e-03
140           	2.876163e-03	-4.772173e-21	-1.345431e-03	3.363579e-05	8.822140e-03	7.190407e-05	1.471717e-03	1.404446e-03	7.190407e-05	-7.190407e-05	8.149424e-03	-9.494855e-03
141           	2.876164e-03	-4.772069e-21	-1.345402e-03	3.363504e-05	8.822079e-03	7.190411e-05	1.471717e-03	1.404447e-03	7.190411e-05	-7.190411e-05	8.149378e-03	-9.494780e-03
142           	2.876157e-03	-4.771941e-21	-1.345360e-03	3.363399e-05	8.821972e-03	7.190393e-05	1.471713e-03	1.404445e-03	7.190393e-05	-7.190393e-05	8.149293e-03	-9.494652e-03
143           	2.876143e-03	-4.771723e-21	-1.345326e-03	3.363314e-05	8.821868e-03	7.190358e-05	1.471705e-03	1.404438e-03	7.190358e-05	-7.190358e-05	8.149205e-03	-9.494531e-03
144           	2.876129e-03	-4.771626e-21	-1.345311e-03	3.363278e-05	8.821803e-03	7.190323e-05	1.471697e-03	1.404432e-03	7.190323e-05	-7.190323e-05	8.149148e-03	-9.494459e-03
145           	2.876118e-03	-4.771519e-21	-1.345320e-03	3.363299e-05	8.821796e-03	7.190296e-05	1.471692e-03	1.404426e-03	7.190296e-05	-7.190296e-05	8.149136e-03	-9.494456e-03
146           	2.876112e-03	-4.771406e-21	-1.345350e-03	3.363376e-05	8.821845e-03	7.190279e-05	1.471690e-03	1.404422e-03	7.190279e-05	-7.190279e-05	8.149170e-03	-9.494520e-03
147           	2.876111e-03	-4.771313e-21	-1.345396e-03	3.363491e-05	8.821939e-03	7.190277e-05	1.471690e-03	1.404421e-03	7.190277e-05	-7.190277e-05	8.149241e-03	-9.494637e-03
148           	2.876117e-03	-4.771311e-21	-1.345440e-03	3.363600e-05	8.822045e-03	7.190293e-05	1.471695e-03	1.404423e-03	7.190293e-05	-7.190293e-05	8.149325e-03	-9.494764e-03
149           	2.876125e-03	-4.771271e-21	-1.345468e-03	3.363669e-05	8.822119e-03	7.190312e-05	1.471699e-03	1.404426e-03	7.190312e-05	-7.190312e-05	8.149386e-03	-9.494853e-03
150           	2.876131e-03	-4.771179e-21	-1.345480e-03	3.363699e-05	8.822158e-03	7.190328e-05	1.471703e-03	1.404429e-03	7.190328e-05	-7.190328e-05	8.149418e-03	-9.494898e-03
151           	2.876135e-03	-4.771109e-21	-1.345476e-03	3.363691e-05	8.822159e-03	7.190337e-05	1.471704e-03	1.404431e-03	7.190337e-05	-7.190337e-05	8.149420e-03	-9.494897e-03
152           	2.876135e-03	-4.771035e-21	-1.345461e-03	3.363652e-05	8.822124e-03	7.190337e-05	1.471704e-03	1.404431e-03	7.190337e-05	-7.190337e-05	8.149393e-03	-9.494854e-03
153           	2.876130e-03	-4.770951e-21	-1.345440e-03	3.363600e-05	8.822068e-03	7.190325e-05	1.471701e-03	1.404429e-03	7.190325e-05	-7.190325e-05	8.149348e-03	-9.494788e-03
154           	2.876122e-03	-4.770830e-21	-1.345425e-03	3.363563e-05	8.822017e-03	7.190306e-05	1.471697e-03	1.404425e-03	7.190306e-05	-7.190306e-05	8.149304e-03	-9.494730e-03
155           	2.876115e-03	-4.770769e-21	-1.345421e-03	3.363553e-05	8.821990e-03	7.190287e-05	1.471693e-03	1.404422e-03	7.190287e-05	-7.190287e-05	8.149280e-03	-9.494701e-03
156           	2.876109e-03	-4.770707e-21	-1.345429e-03	3.363573e-05	8.821993e-03	7.190273e-05	1.471690e-03	1.404419e-03	7.190273e-05	-7.190273e-05	8.149278e-03	-9.494708e-03
157           	2.876106e-03	-4.770643e-21	-1.345449e-03	3.363622e-05	8.822027e-03	7.190265e-05	1.471689e-03	1.404417e-03	7.190265e-05	-7.190265e-05	8.149302e-03	-9.494751e-03
158           	2.876107e-03	-4.770594e-21	-1.345474e-03	3.363684e-05	8.822079e-03	7.190266e-05	1.471690e-03	1.404416e-03	7.190266e-05	-7.190266e-05	8.149343e-03	-9.494816e-03
159           	2.876110e-03	-4.770600e-21	-1.345496e-03	3.363741e-05	8.822134e-03	7.190274e-05	1.471692e-03	1.404417e-03	7.190274e-05	-7.190274e-05	8.149386e-03	-9.494882e-03
160           	2.876114e-03	-4.770571e-21	-1.345511e-03	3.363777e-05	8.822172e-03	7.190284e-05	1.471695e-03	1.404419e-03	7.190284e-05	-7.190284e-05	8.149417e-03	-9.494928e-03
161           	2.876117e-03	-4.770529e-21	-1.345516e-03	3.363791e-05	8.822191e-03	7.190292e-05	1.471696e-03	1.404421e-03	7.190292e-05	-7.190292e-05	8.149432e-03	-9.494949e-03
162           	2.876119e-03	-4.770494e-21	-1.345514e-03	3.363784e-05	8.822189e-03	7.190297e-05	1.471697e-03	1.404422e-03	7.190297e-05	-7.190297e-05	8.149432e-03	-9.494945e-03
163           	2.876119e-03	-4.770456e-21	-1.345505e-03	3.363762e-05	8.822168e-03	7.190296e-05	1.471697e-03	1.404422e-03	7.190296e-05	-7.190296e-05	8.149416e-03	-9.494921e-03
164           	2.876116e-03	-4.770414e-21	-1.345494e-03	3.363736e-05	8.822139e-03	7.190289e-05	1.471695e-03	1.404421e-03	7.190289e-05	-7.190289e-05	8.149391e-03	-9.494886e-03
165           	2.876112e-03	-4.770351e-21	-1.345487e-03	3.363719e-05	8.822114e-03	7.190279e-05	1.471693e-03	1.404419e-03	7.190279e-05	-7.190279e-05	8.149370e-03	-9.494858e-03
166           	2.876108e-03	-4.770326e-21	-1.345486e-03	3.363716e-05	8.822102e-03	7.190270e-05	1.471691e-03	1.404417e-03	7.190270e-05	-7.190270e-05	8.149359e-03	-9.494845e-03
167           	2.876105e-03	-4.770299e-21	-1.345491e-03	3.363728e-05	8.822106e-03	7.190263e-05	1.471690e-03	1.404415e-03	7.190263e-05	-7.190263e-05	8.149360e-03	-9.494852e-03
168           	2.876104e-03	-4.770271e-21	-1.345502e-03	3.363755e-05	8.822126e-03	7.190260e-05	1.471690e-03	1.404415e-03	7.190260e-05	-7.190260e-05	8.149375e-03	-9.494877e-03
169           	2.876105e-03	-4.770252e-21	-1.345515e-03	3.363787e-05	8.822154e-03	7.190262e-05	1.471690e-03	1.404415e-03	7.190262e-05	-7.190262e-05	8.149396e-03	-9.494911e-03
170           	2.876107e-03	-4.770262e-21	-1.345526e-03	3.363815e-05	8.822180e-03	7.190266e-05	1.471691e-03	1.404415e-03	7.190266e-05	-7.190266e-05	8.149417e-03	-9.494943e-03
171           	2.876109e-03	-4.770255e-21	-1.345533e-03	3.363832e-05	8.822199e-03	7.190272e-05	1.471693e-03	1.404416e-03	7.190272e-05	-7.190272e-05	8.149433e-03	-9.494966e-03
172           	2.876111e-03	-4.770239e-21	-1.345535e-03	3.363836e-05	8.822207e-03	7.190276e-05	1.471694e-03	1.404417e-03	7.190276e-05	-7.190276e-05	8.149440e-03	-9.494974e-03
173           	2.876112e-03	-4.770227e-21	-1.345532e-03	3.363830e-05	8.822203e-03	7.190279e-05	1.471694e-03	1.404417e-03	7.190279e-05	-7.190279e-05	8.149437e-03	-9.494969e-03
174           	2.876111e-03	-4.770214e-21	-1.345526e-03	3.363816e-05	8.822190e-03	7.190278e-05	1.471694e-03	1.404417e-03	7.190278e-05	-7.190278e-05	8.149427e-03	-9.494953e-03
175           	2.876110e-03	-4.770199e-21	-1.345520e-03	3.363801e-05	8.822174e-03	7.190274e-05	1.471693e-03	1.404417e-03	7.190274e-05	-7.190274e-05	8.149413e-03	-9.494934e-03
176           	2.876108e-03	-4.770173e-21	-1.345517e-03	3.363792e-05	8.822161e-03	7.190269e-05	1.471692e-03	1.404416e-03	7.190269e-05	-7.190269e-05	8.149402e-03	-9.494919e-03
177           	2.876106e-03	-4.770166e-21	-1.345516e-03	3.363790e-05	8.822155e-03	7.190265e-05	1.471691e-03	1.404415e-03	7.190265e-05	-7.190265e-05	8.149397e-03	-9.494913e-03
178           	2.876105e-03	-4.770160e-21	-1.345518e-03	3.363796e-05	8.822157e-03	7.190262e-05	1.471690e-03	1.404414e-03	7.190262e-05	-7.190262e-05	8.149398e-03	-9.494916e-03
179           	2.876104e-03	-4.770152e-21	-1.345524e-03	3.363809e-05	8.822167e-03	7.190260e-05	1.471690e-03	1.404414e-03	7.190260e-05	-7.190260e-05	8.149405e-03	-9.494929e-03
180           	2.876105e-03	-4.770149e-21	-1.345530e-03	3.363825e-05	8.822181e-03	7.190262e-05	1.471691e-03	1.404414e-03	7.190262e-05	-7.190262e-05	8.149416e-03	-9.494947e-03
181           	2.876106e-03	-4.770159e-21	-1.345535e-03	3.363838e-05	8.822195e-03	7.190265e-05	1.471691e-03	1.404415e-03	7.190265e-05	-7.190265e-05	8.149428e-03	-9.494963e-03
182           	2.876107e-03	-4.770154e-21	-1.345538e-03	3.363846e-05	8.822204e-03	7.190268e-05	1.471692e-03	1.404415e-03	7.190268e-05	-7.190268e-05	8.149435e-03	-9.494973e-03
183           	2.876108e-03	-4.770154e-21	-1.345538e-03	3.363846e-05	8.822207e-03	7.190271e-05	1.471693e-03	1.404416e-03	7.190271e-05	-7.190271e-05	8.149437e-03	-9.494976e-03
184           	2.876109e-03	-4.770154e-21	-1.345536e-03	3.363840e-05	8.822202e-03	7.190272e-05	1.471693e-03	1.404416e-03	7.190272e-05	-7.190272e-05	8.149435e-03	-9.494970e-03
185           	2.876108e-03	-4.770153e-21	-1.345532e-03	3.363830e-05	8.822193e-03	7.190271e-05	1.471693e-03	1.404416e-03	7.190271e-05	-7.190271e-05	8.149427e-03	-9.494959e-03
186           	2.876108e-03	-4.770151e-21	-1.345529e-03	3.363822e-05	8.822184e-03	7.190269e-05	1.471692e-03	1.404416e-03	7.190269e-05	-7.190269e-05	8.149420e-03	-9.494948e-03
187           	2.876107e-03	-4.770145e-21	-1.345526e-03	3.363816e-05	8.822177e-03	7.190267e-05	1.471691e-03	1.404415e-03	7.190267e-05	-7.190267e-05	8.149414e-03	-9.494940e-03
188           	2.876106e-03	-4.770147e-21	-1.345526e-03	3.363815e-05	8.822174e-03	7.190265e-05	1.471691e-03	1.404415e-03	7.190265e-05	-7.190265e-05	8.149411e-03	-9.494937e-03
189           	2.876105e-03	-4.770147e-21	-1.345527e-03	3.363818e-05	8.822176e-03	7.190263e-05	1.471691e-03	1.404414e-03	7.190263e-05	-7.190263e-05	8.149412e-03	-9.494939e-03
190           	2.876105e-03	-4.770148e-21	-1.345530e-03	3.363825e-05	8.822181e-03	7.190263e-05	1.471691e-03	1.404414e-03	7.190263e-05	-7.190263e-05	8.149416e-03	-9.494946e-03
191           	2.876106e-03	-4.770150e-21	-1.345533e-03	3.363833e-05	8.822189e-03	7.190264e-05	1.471691e-03	1.404415e-03	7.190264e-05	-7.190264e-05	8.149422e-03	-9.494956e-03
192           	2.876107e-03	-4.770157e-21	-1.345536e-03	3.363839e-05	8.822196e-03	7.190266e-05	1.471692e-03	1.404415e-03	7.190266e-05	-7.190266e-05	8.149428e-03	-9.494964e-03
193           	2.876107e-03	-4.770158e-21	-1.345537e-03	3.363841e-05	8.822200e-03	7.190268e-05	1.471692e-03	1.404415e-03	7.190268e-05	-7.190268e-05	8.149431e-03	-9.494968e-03
194           	2.876108e-03	-4.770160e-21	-1.345536e-03	3.363840e-05	8.822200e-03	7.190270e-05	1.471692e-03	1.404416e-03	7.190270e-05	-7.190270e-05	8.149432e-03	-9.494968e-03
195           	2.876108e-03	-4.770163e-21	-1.345534e-03	3.363835e-05	8.822196e-03	7.190270e-05	1.471692e-03	1.404416e-03	7.190270e-05	-7.190270e-05	8.149429e-03	-9.494963e-03
196           	2.876108e-03	-4.770164e-21	-1.345532e-03	3.363829e-05	8.822190e-03	7.190270e-05	1.471692e-03	1.404416e-03	7.190270e-05	-7.190270e-05	8.149425e-03	-9.494956e-03
197           	2.876107e-03	-4.770159e-21	-1.345529e-03	3.363824e-05	8.822185e-03	7.190268e-05	1.471692e-03	1.404415e-03	7.190268e-05	-7.190268e-05	8.149420e-03	-9.494949e-03
198           	2.876107e-03	-4.770161e-21	-1.345528e-03	3.363821e-05	8.822181e-03	7.190267e-05	1.471692e-03	1.404415e-03	7.190267e-05	-7.190267e-05	8.149417e-03	-9.494945e-03
199           	2.876106e-03	-4.770164e-21	-1.345528e-03	3.363820e-05	8.822180e-03	7.190266e-05	1.471691e-03	1.404415e-03	7.190266e-05	-7.190266e-05	8.149416e-03	-9.494944e-03
200           	2.876106e-03	-4.770166e-21	-1.345529e-03	3.363823e-05	8.822181e-03	7.190265e-05	1.471691e-03	1.404415e-03	7.190265e-05	-7.190265e-05	8.149417e-03	-9.494946e-03
201           	2.876106e-03	-4.770168e-21	-1.345530e-03	3.363826e-05	8.822185e-03	7.190266e-05	1.471691e-03	1.404415e-03	7.190266e-05	-7.190266e-05	8.149419e-03	-9.494950e-03
