# Force coefficients
# dragDir     : (1.000000e+00 0.000000e+00 0.000000e+00)
# sideDir     : (0.000000e+00 0.000000e+00 -1.000000e+00)
# liftDir     : (0.000000e+00 1.000000e+00 0.000000e+00)
# rollAxis    : (1.000000e+00 0.000000e+00 0.000000e+00)
# pitchAxis   : (0.000000e+00 0.000000e+00 -1.000000e+00)
# yawAxis     : (0.000000e+00 1.000000e+00 0.000000e+00)
# magUInf     : 4.000000e-02
# lRef        : 1.000000e-01
# Aref        : 1.000000e-01
# CofR        : (0.000000e+00 0.000000e+00 0.000000e+00)
#
# Time        	Cd            	Cs            	Cl            	CmRoll        	CmPitch       	CmYaw         	Cd(f)         	Cd(r)         	Cs(f)         	Cs(r)         	Cl(f)         	Cl(r)         
1             	6.435908e-04	0.000000e+00	-5.239133e-04	1.309783e-05	2.450646e-03	1.608977e-05	3.348932e-04	3.086976e-04	1.608977e-05	-1.608977e-05	2.188690e-03	-2.712603e-03
2             	2.338647e-03	0.000000e+00	-1.353683e-03	3.384208e-05	7.680338e-03	5.846618e-05	1.203166e-03	1.135481e-03	5.846618e-05	-5.846618e-05	7.003496e-03	-8.357180e-03
3             	2.180299e-03	0.000000e+00	-4.202131e-04	1.050533e-05	5.384737e-03	5.450746e-05	1.100655e-03	1.079644e-03	5.450746e-05	-5.450746e-05	5.174630e-03	-5.594844e-03
4             	1.613463e-03	0.000000e+00	5.103298e-04	-1.275824e-05	2.252055e-03	4.033657e-05	7.939732e-04	8.194897e-04	4.033657e-05	-4.033657e-05	2.507220e-03	-1.996890e-03
5             	1.477615e-03	0.000000e+00	3.672658e-04	-9.181645e-06	2.318563e-03	3.694038e-05	7.296259e-04	7.479892e-04	3.694038e-05	-3.694038e-05	2.502196e-03	-2.134930e-03
6             	1.552992e-03	0.000000e+00	-3.641100e-05	9.102749e-07	3.382671e-03	3.882481e-05	7.774065e-04	7.755859e-04	3.882481e-05	-3.882481e-05	3.364466e-03	-3.400877e-03
7             	1.709784e-03	0.000000e+00	-2.247073e-04	5.617683e-06	4.150169e-03	4.274460e-05	8.605096e-04	8.492742e-04	4.274460e-05	-4.274460e-05	4.037816e-03	-4.262523e-03
8             	1.859882e-03	0.000000e+00	-1.973659e-04	4.934147e-06	4.438369e-03	4.649706e-05	9.348754e-04	9.250071e-04	4.649706e-05	-4.649706e-05	4.339686e-03	-4.537052e-03
9             	1.913942e-03	0.000000e+00	-2.233142e-06	5.582855e-08	4.169583e-03	4.784855e-05	9.570269e-04	9.569153e-04	4.784855e-05	-4.784855e-05	4.168466e-03	-4.170699e-03
10            	1.896851e-03	0.000000e+00	2.135448e-04	-5.338621e-06	3.709402e-03	4.742129e-05	9.430871e-04	9.537643e-04	4.742129e-05	-4.742129e-05	3.816174e-03	-3.602630e-03
11            	1.863852e-03	0.000000e+00	3.621330e-04	-9.053325e-06	3.358404e-03	4.659631e-05	9.228729e-04	9.409796e-04	4.659631e-05	-4.659631e-05	3.539471e-03	-3.177338e-03
12            	1.838254e-03	0.000000e+00	4.391872e-04	-1.097968e-05	3.169906e-03	4.595634e-05	9.081471e-04	9.301065e-04	4.595634e-05	-4.595634e-05	3.389500e-03	-2.950313e-03
13            	1.816098e-03	0.000000e+00	5.018469e-04	-1.254617e-05	3.014972e-03	4.540245e-05	8.955028e-04	9.205951e-04	4.540245e-05	-4.540245e-05	3.265896e-03	-2.764049e-03
14            	1.797135e-03	0.000000e+00	5.542345e-04	-1.385586e-05	2.884214e-03	4.492837e-05	8.847116e-04	9.124233e-04	4.492837e-05	-4.492837e-05	3.161331e-03	-2.607096e-03
15            	1.782735e-03	0.000000e+00	6.011889e-04	-1.502972e-05	2.771286e-03	4.456838e-05	8.763380e-04	9.063974e-04	4.456838e-05	-4.456838e-05	3.071881e-03	-2.470692e-03
16            	1.774123e-03	0.000000e+00	6.602289e-04	-1.650572e-05	2.642818e-03	4.435307e-05	8.705557e-04	9.035672e-04	4.435307e-05	-4.435307e-05	2.972933e-03	-2.312704e-03
17            	1.762469e-03	0.000000e+00	7.132158e-04	-1.783039e-05	2.517760e-03	4.406173e-05	8.634041e-04	8.990649e-04	4.406173e-05	-4.406173e-05	2.874368e-03	-2.161152e-03
18            	1.751521e-03	0.000000e+00	7.874747e-04	-1.968687e-05	2.348754e-03	4.378802e-05	8.560736e-04	8.954473e-04	4.378802e-05	-4.378802e-05	2.742491e-03	-1.955016e-03
19            	1.737044e-03	0.000000e+00	8.575055e-04	-2.143764e-05	2.179416e-03	4.342610e-05	8.470844e-04	8.899596e-04	4.342610e-05	-4.342610e-05	2.608169e-03	-1.750664e-03
20            	1.722595e-03	0.000000e+00	9.218875e-04	-2.304719e-05	2.021639e-03	4.306488e-05	8.382504e-04	8.843448e-04	4.306488e-05	-4.306488e-05	2.482582e-03	-1.560695e-03
21            	1.708095e-03	0.000000e+00	9.817707e-04	-2.454427e-05	1.872334e-03	4.270237e-05	8.295031e-04	8.785917e-04	4.270237e-05	-4.270237e-05	2.363220e-03	-1.381449e-03
22            	1.695824e-03	0.000000e+00	1.035504e-03	-2.588761e-05	1.739892e-03	4.239560e-05	8.220244e-04	8.737996e-04	4.239560e-05	-4.239560e-05	2.257644e-03	-1.222140e-03
23            	1.686373e-03	0.000000e+00	1.084449e-03	-2.711122e-05	1.622639e-03	4.215933e-05	8.160754e-04	8.702979e-04	4.215933e-05	-4.215933e-05	2.164863e-03	-1.080414e-03
24            	1.679654e-03	0.000000e+00	1.128585e-03	-2.821463e-05	1.520528e-03	4.199136e-05	8.116125e-04	8.680417e-04	4.199136e-05	-4.199136e-05	2.084820e-03	-9.562354e-04
25            	1.675064e-03	0.000000e+00	1.169131e-03	-2.922827e-05	1.429762e-03	4.187660e-05	8.083037e-04	8.667603e-04	4.187660e-05	-4.187660e-05	2.014327e-03	-8.451964e-04
26            	1.671754e-03	0.000000e+00	1.201237e-03	-3.003094e-05	1.358589e-03	4.179386e-05	8.058463e-04	8.659082e-04	4.179386e-05	-4.179386e-05	1.959208e-03	-7.579702e-04
27            	1.669610e-03	0.000000e+00	1.233335e-03	-3.083336e-05	1.289321e-03	4.174025e-05	8.039716e-04	8.656383e-04	4.174025e-05	-4.174025e-05	1.905988e-03	-6.726539e-04
28            	1.667612e-03	0.000000e+00	1.264190e-03	-3.160476e-05	1.222411e-03	4.169031e-05	8.022014e-04	8.654110e-04	4.169031e-05	-4.169031e-05	1.854506e-03	-5.903158e-04
29            	1.665824e-03	0.000000e+00	1.291405e-03	-3.228512e-05	1.163379e-03	4.164561e-05	8.006270e-04	8.651972e-04	4.164561e-05	-4.164561e-05	1.809081e-03	-5.176765e-04
30            	1.664200e-03	0.000000e+00	1.315038e-03	-3.287595e-05	1.111959e-03	4.160501e-05	7.992243e-04	8.649762e-04	4.160501e-05	-4.160501e-05	1.769478e-03	-4.544403e-04
31            	1.662875e-03	0.000000e+00	1.334303e-03	-3.335757e-05	1.070066e-03	4.157188e-05	7.980799e-04	8.647951e-04	4.157188e-05	-4.157188e-05	1.737217e-03	-4.029145e-04
32            	1.662126e-03	0.000000e+00	1.350128e-03	-3.375320e-05	1.036410e-03	4.155316e-05	7.973100e-04	8.648164e-04	4.155316e-05	-4.155316e-05	1.711474e-03	-3.613459e-04
33            	1.661798e-03	0.000000e+00	1.363120e-03	-3.407799e-05	1.009381e-03	4.154494e-05	7.968208e-04	8.649768e-04	4.154494e-05	-4.154494e-05	1.690941e-03	-3.278212e-04
34            	1.661821e-03	0.000000e+00	1.373502e-03	-3.433755e-05	9.883852e-04	4.154552e-05	7.965728e-04	8.652479e-04	4.154552e-05	-4.154552e-05	1.675136e-03	-3.016341e-04
35            	1.662047e-03	0.000000e+00	1.381821e-03	-3.454552e-05	9.719627e-04	4.155118e-05	7.964780e-04	8.655691e-04	4.155118e-05	-4.155118e-05	1.662873e-03	-2.810523e-04
36            	1.662269e-03	0.000000e+00	1.388656e-03	-3.471640e-05	9.584561e-04	4.155673e-05	7.964182e-04	8.658510e-04	4.155673e-05	-4.155673e-05	1.652784e-03	-2.641282e-04
37            	1.662368e-03	0.000000e+00	1.394140e-03	-3.485351e-05	9.473333e-04	4.155920e-05	7.963305e-04	8.660375e-04	4.155920e-05	-4.155920e-05	1.644403e-03	-2.502630e-04
38            	1.662187e-03	0.000000e+00	1.398106e-03	-3.495266e-05	9.386818e-04	4.155468e-05	7.961409e-04	8.660462e-04	4.155468e-05	-4.155468e-05	1.637735e-03	-2.396287e-04
39            	1.661844e-03	0.000000e+00	1.400701e-03	-3.501753e-05	9.324804e-04	4.154611e-05	7.959046e-04	8.659397e-04	4.154611e-05	-4.154611e-05	1.632831e-03	-2.321297e-04
40            	1.661474e-03	0.000000e+00	1.402045e-03	-3.505112e-05	9.287804e-04	4.153686e-05	7.956861e-04	8.657884e-04	4.153686e-05	-4.153686e-05	1.629803e-03	-2.277581e-04
41            	1.661130e-03	0.000000e+00	1.402377e-03	-3.505941e-05	9.271876e-04	4.152825e-05	7.955057e-04	8.656245e-04	4.152825e-05	-4.152825e-05	1.628376e-03	-2.259993e-04
42            	1.660832e-03	0.000000e+00	1.401846e-03	-3.504614e-05	9.274541e-04	4.152081e-05	7.953700e-04	8.654623e-04	4.152081e-05	-4.152081e-05	1.628377e-03	-2.265312e-04
43            	1.660567e-03	0.000000e+00	1.400756e-03	-3.501890e-05	9.289253e-04	4.151418e-05	7.952647e-04	8.653025e-04	4.151418e-05	-4.151418e-05	1.629303e-03	-2.285473e-04
44            	1.660301e-03	0.000000e+00	1.399341e-03	-3.498351e-05	9.310621e-04	4.150754e-05	7.951672e-04	8.651342e-04	4.150754e-05	-4.150754e-05	1.630732e-03	-2.313919e-04
45            	1.660077e-03	0.000000e+00	1.397664e-03	-3.494160e-05	9.338042e-04	4.150192e-05	7.950969e-04	8.649801e-04	4.150192e-05	-4.150192e-05	1.632636e-03	-2.349721e-04
46            	1.659878e-03	0.000000e+00	1.395826e-03	-3.489566e-05	9.369213e-04	4.149694e-05	7.950431e-04	8.648344e-04	4.149694e-05	-4.149694e-05	1.634834e-03	-2.390082e-04
47            	1.659685e-03	0.000000e+00	1.393912e-03	-3.484780e-05	9.401988e-04	4.149212e-05	7.949945e-04	8.646901e-04	4.149212e-05	-4.149212e-05	1.637155e-03	-2.432427e-04
48            	1.659488e-03	0.000000e+00	1.391961e-03	-3.479902e-05	9.435414e-04	4.148719e-05	7.949448e-04	8.645428e-04	4.148719e-05	-4.148719e-05	1.639522e-03	-2.475610e-04
49            	1.659286e-03	0.000000e+00	1.389997e-03	-3.474993e-05	9.469078e-04	4.148216e-05	7.948933e-04	8.643932e-04	4.148216e-05	-4.148216e-05	1.641906e-03	-2.519093e-04
50            	1.659090e-03	0.000000e+00	1.388047e-03	-3.470118e-05	9.502686e-04	4.147724e-05	7.948436e-04	8.642460e-04	4.147724e-05	-4.147724e-05	1.644292e-03	-2.562451e-04
51            	1.658903e-03	0.000000e+00	1.386128e-03	-3.465319e-05	9.536045e-04	4.147257e-05	7.947983e-04	8.641046e-04	4.147257e-05	-4.147257e-05	1.646668e-03	-2.605407e-04
52            	1.658740e-03	0.000000e+00	1.384271e-03	-3.460678e-05	9.568790e-04	4.146851e-05	7.947635e-04	8.639770e-04	4.146851e-05	-4.146851e-05	1.649014e-03	-2.647434e-04
53            	1.658605e-03	0.000000e+00	1.382499e-03	-3.456247e-05	9.600503e-04	4.146512e-05	7.947400e-04	8.638650e-04	4.146512e-05	-4.146512e-05	1.651300e-03	-2.688009e-04
54            	1.658491e-03	0.000000e+00	1.380821e-03	-3.452054e-05	9.630839e-04	4.146228e-05	7.947250e-04	8.637661e-04	4.146228e-05	-4.146228e-05	1.653495e-03	-2.726732e-04
55            	1.658392e-03	0.000000e+00	1.379248e-03	-3.448121e-05	9.659425e-04	4.145979e-05	7.947147e-04	8.636771e-04	4.145979e-05	-4.145979e-05	1.655567e-03	-2.763182e-04
56            	1.658298e-03	0.000000e+00	1.377788e-03	-3.444470e-05	9.685895e-04	4.145744e-05	7.947042e-04	8.635936e-04	4.145744e-05	-4.145744e-05	1.657484e-03	-2.796955e-04
57            	1.658204e-03	0.000000e+00	1.376406e-03	-3.441014e-05	9.710840e-04	4.145510e-05	7.946919e-04	8.635122e-04	4.145510e-05	-4.145510e-05	1.659287e-03	-2.828811e-04
58            	1.658127e-03	0.000000e+00	1.375122e-03	-3.437806e-05	9.734215e-04	4.145319e-05	7.946857e-04	8.634418e-04	4.145319e-05	-4.145319e-05	1.660983e-03	-2.858604e-04
59            	1.658052e-03	0.000000e+00	1.373980e-03	-3.434950e-05	9.754760e-04	4.145129e-05	7.946763e-04	8.633753e-04	4.145129e-05	-4.145129e-05	1.662466e-03	-2.884860e-04
60            	1.657982e-03	0.000000e+00	1.372923e-03	-3.432306e-05	9.773843e-04	4.144956e-05	7.946682e-04	8.633143e-04	4.144956e-05	-4.144956e-05	1.663846e-03	-2.909230e-04
61            	1.657919e-03	0.000000e+00	1.371962e-03	-3.429905e-05	9.791156e-04	4.144797e-05	7.946603e-04	8.632584e-04	4.144797e-05	-4.144797e-05	1.665097e-03	-2.931347e-04
62            	1.657858e-03	0.000000e+00	1.371081e-03	-3.427702e-05	9.807016e-04	4.144646e-05	7.946521e-04	8.632062e-04	4.144646e-05	-4.144646e-05	1.666242e-03	-2.951613e-04
63            	1.657814e-03	0.000000e+00	1.370243e-03	-3.425606e-05	9.822424e-04	4.144535e-05	7.946510e-04	8.631631e-04	4.144535e-05	-4.144535e-05	1.667364e-03	-2.971211e-04
64            	1.657763e-03	0.000000e+00	1.369481e-03	-3.423703e-05	9.836231e-04	4.144408e-05	7.946446e-04	8.631186e-04	4.144408e-05	-4.144408e-05	1.668364e-03	-2.988826e-04
65            	1.657720e-03	0.000000e+00	1.368785e-03	-3.421963e-05	9.848896e-04	4.144301e-05	7.946405e-04	8.630798e-04	4.144301e-05	-4.144301e-05	1.669282e-03	-3.004970e-04
66            	1.657681e-03	0.000000e+00	1.368147e-03	-3.420367e-05	9.860525e-04	4.144204e-05	7.946370e-04	8.630444e-04	4.144204e-05	-4.144204e-05	1.670126e-03	-3.019791e-04
67            	1.657645e-03	0.000000e+00	1.367562e-03	-3.418904e-05	9.871176e-04	4.144114e-05	7.946337e-04	8.630118e-04	4.144114e-05	-4.144114e-05	1.670898e-03	-3.033368e-04
68            	1.657611e-03	0.000000e+00	1.367016e-03	-3.417541e-05	9.881083e-04	4.144029e-05	7.946303e-04	8.629811e-04	4.144029e-05	-4.144029e-05	1.671616e-03	-3.046002e-04
69            	1.657591e-03	0.000000e+00	1.366466e-03	-3.416165e-05	9.891421e-04	4.143977e-05	7.946338e-04	8.629571e-04	4.143977e-05	-4.143977e-05	1.672375e-03	-3.059091e-04
70            	1.657576e-03	0.000000e+00	1.365942e-03	-3.414855e-05	9.901390e-04	4.143939e-05	7.946393e-04	8.629364e-04	4.143939e-05	-4.143939e-05	1.673110e-03	-3.071680e-04
71            	1.657559e-03	0.000000e+00	1.365466e-03	-3.413666e-05	9.910350e-04	4.143899e-05	7.946431e-04	8.629164e-04	4.143899e-05	-4.143899e-05	1.673768e-03	-3.083018e-04
72            	1.657544e-03	0.000000e+00	1.365005e-03	-3.412513e-05	9.919063e-04	4.143859e-05	7.946467e-04	8.628970e-04	4.143859e-05	-4.143859e-05	1.674409e-03	-3.094037e-04
73            	1.657532e-03	0.000000e+00	1.364577e-03	-3.411442e-05	9.927207e-04	4.143829e-05	7.946515e-04	8.628803e-04	4.143829e-05	-4.143829e-05	1.675009e-03	-3.104323e-04
74            	1.657534e-03	0.000000e+00	1.364170e-03	-3.410425e-05	9.935215e-04	4.143835e-05	7.946627e-04	8.628712e-04	4.143835e-05	-4.143835e-05	1.675606e-03	-3.114366e-04
75            	1.657542e-03	0.000000e+00	1.363795e-03	-3.409487e-05	9.942742e-04	4.143855e-05	7.946762e-04	8.628659e-04	4.143855e-05	-4.143855e-05	1.676172e-03	-3.123769e-04
76            	1.657553e-03	0.000000e+00	1.363447e-03	-3.408617e-05	9.949797e-04	4.143883e-05	7.946904e-04	8.628627e-04	4.143883e-05	-4.143883e-05	1.676703e-03	-3.132563e-04
77            	1.657565e-03	0.000000e+00	1.363126e-03	-3.407815e-05	9.956333e-04	4.143913e-05	7.947044e-04	8.628607e-04	4.143913e-05	-4.143913e-05	1.677196e-03	-3.140703e-04
78            	1.657579e-03	0.000000e+00	1.362829e-03	-3.407071e-05	9.962455e-04	4.143947e-05	7.947187e-04	8.628601e-04	4.143947e-05	-4.143947e-05	1.677660e-03	-3.148313e-04
79            	1.657587e-03	0.000000e+00	1.362567e-03	-3.406418e-05	9.967743e-04	4.143968e-05	7.947294e-04	8.628577e-04	4.143968e-05	-4.143968e-05	1.678058e-03	-3.154907e-04
80            	1.657600e-03	0.000000e+00	1.362320e-03	-3.405800e-05	9.972846e-04	4.143999e-05	7.947418e-04	8.628578e-04	4.143999e-05	-4.143999e-05	1.678445e-03	-3.161245e-04
81            	1.657611e-03	0.000000e+00	1.362092e-03	-3.405229e-05	9.977563e-04	4.144028e-05	7.947533e-04	8.628578e-04	4.144028e-05	-4.144028e-05	1.678802e-03	-3.167104e-04
82            	1.657622e-03	0.000000e+00	1.361882e-03	-3.404706e-05	9.981890e-04	4.144054e-05	7.947638e-04	8.628579e-04	4.144054e-05	-4.144054e-05	1.679130e-03	-3.172478e-04
83            	1.657632e-03	0.000000e+00	1.361690e-03	-3.404226e-05	9.985869e-04	4.144079e-05	7.947736e-04	8.628581e-04	4.144079e-05	-4.144079e-05	1.679432e-03	-3.177417e-04
84            	1.657641e-03	0.000000e+00	1.361513e-03	-3.403783e-05	9.989536e-04	4.144102e-05	7.947826e-04	8.628582e-04	4.144102e-05	-4.144102e-05	1.679710e-03	-3.181970e-04
85            	1.657649e-03	0.000000e+00	1.361351e-03	-3.403377e-05	9.992902e-04	4.144123e-05	7.947908e-04	8.628583e-04	4.144123e-05	-4.144123e-05	1.679966e-03	-3.186148e-04
86            	1.657658e-03	0.000000e+00	1.361202e-03	-3.403004e-05	9.996016e-04	4.144144e-05	7.947989e-04	8.628589e-04	4.144144e-05	-4.144144e-05	1.680202e-03	-3.190008e-04
87            	1.657667e-03	0.000000e+00	1.361065e-03	-3.402662e-05	9.998896e-04	4.144167e-05	7.948067e-04	8.628600e-04	4.144167e-05	-4.144167e-05	1.680422e-03	-3.193572e-04
88            	1.657675e-03	0.000000e+00	1.360942e-03	-3.402354e-05	1.000149e-03	4.144188e-05	7.948140e-04	8.628611e-04	4.144188e-05	-4.144188e-05	1.680620e-03	-3.196787e-04
89            	1.657683e-03	0.000000e+00	1.360831e-03	-3.402078e-05	1.000382e-03	4.144207e-05	7.948206e-04	8.628621e-04	4.144207e-05	-4.144207e-05	1.680798e-03	-3.199666e-04
90            	1.657690e-03	0.000000e+00	1.360733e-03	-3.401832e-05	1.000591e-03	4.144224e-05	7.948265e-04	8.628631e-04	4.144224e-05	-4.144224e-05	1.680957e-03	-3.202242e-04
91            	1.657696e-03	0.000000e+00	1.360645e-03	-3.401612e-05	1.000777e-03	4.144240e-05	7.948318e-04	8.628641e-04	4.144240e-05	-4.144240e-05	1.681099e-03	-3.204543e-04
92            	1.657702e-03	0.000000e+00	1.360566e-03	-3.401416e-05	1.000943e-03	4.144254e-05	7.948366e-04	8.628650e-04	4.144254e-05	-4.144254e-05	1.681226e-03	-3.206595e-04
93            	1.657707e-03	0.000000e+00	1.360497e-03	-3.401241e-05	1.001090e-03	4.144267e-05	7.948409e-04	8.628658e-04	4.144267e-05	-4.144267e-05	1.681339e-03	-3.208421e-04
94            	1.657711e-03	0.000000e+00	1.360435e-03	-3.401087e-05	1.001222e-03	4.144278e-05	7.948447e-04	8.628665e-04	4.144278e-05	-4.144278e-05	1.681439e-03	-3.210042e-04
95            	1.657715e-03	0.000000e+00	1.360381e-03	-3.400952e-05	1.001336e-03	4.144287e-05	7.948480e-04	8.628670e-04	4.144287e-05	-4.144287e-05	1.681526e-03	-3.211453e-04
96            	1.657718e-03	0.000000e+00	1.360333e-03	-3.400831e-05	1.001436e-03	4.144295e-05	7.948506e-04	8.628672e-04	4.144295e-05	-4.144295e-05	1.681602e-03	-3.212698e-04
97            	1.657720e-03	0.000000e+00	1.360290e-03	-3.400725e-05	1.001525e-03	4.144300e-05	7.948528e-04	8.628673e-04	4.144300e-05	-4.144300e-05	1.681670e-03	-3.213798e-04
98            	1.657722e-03	0.000000e+00	1.360252e-03	-3.400629e-05	1.001603e-03	4.144304e-05	7.948546e-04	8.628672e-04	4.144304e-05	-4.144304e-05	1.681729e-03	-3.214772e-04
99            	1.657723e-03	0.000000e+00	1.360218e-03	-3.400544e-05	1.001673e-03	4.144308e-05	7.948562e-04	8.628670e-04	4.144308e-05	-4.144308e-05	1.681782e-03	-3.215641e-04
100           	1.657725e-03	0.000000e+00	1.360187e-03	-3.400467e-05	1.001737e-03	4.144312e-05	7.948577e-04	8.628670e-04	4.144312e-05	-4.144312e-05	1.681830e-03	-3.216434e-04
101           	1.657726e-03	0.000000e+00	1.360159e-03	-3.400398e-05	1.001794e-03	4.144316e-05	7.948591e-04	8.628671e-04	4.144316e-05	-4.144316e-05	1.681874e-03	-3.217143e-04
102           	1.657728e-03	0.000000e+00	1.360134e-03	-3.400336e-05	1.001845e-03	4.144319e-05	7.948605e-04	8.628672e-04	4.144319e-05	-4.144319e-05	1.681913e-03	-3.217783e-04
103           	1.657729e-03	0.000000e+00	1.360112e-03	-3.400280e-05	1.001892e-03	4.144323e-05	7.948618e-04	8.628674e-04	4.144323e-05	-4.144323e-05	1.681948e-03	-3.218365e-04
104           	1.657731e-03	0.000000e+00	1.360092e-03	-3.400229e-05	1.001936e-03	4.144327e-05	7.948632e-04	8.628678e-04	4.144327e-05	-4.144327e-05	1.681981e-03	-3.218897e-04
105           	1.657733e-03	0.000000e+00	1.360074e-03	-3.400184e-05	1.001975e-03	4.144333e-05	7.948647e-04	8.628684e-04	4.144333e-05	-4.144333e-05	1.682012e-03	-3.219384e-04
106           	1.657735e-03	0.000000e+00	1.360058e-03	-3.400145e-05	1.002009e-03	4.144338e-05	7.948661e-04	8.628690e-04	4.144338e-05	-4.144338e-05	1.682039e-03	-3.219804e-04
107           	1.657737e-03	0.000000e+00	1.360045e-03	-3.400112e-05	1.002039e-03	4.144342e-05	7.948674e-04	8.628696e-04	4.144342e-05	-4.144342e-05	1.682062e-03	-3.220169e-04
108           	1.657739e-03	0.000000e+00	1.360033e-03	-3.400083e-05	1.002066e-03	4.144347e-05	7.948686e-04	8.628702e-04	4.144347e-05	-4.144347e-05	1.682082e-03	-3.220491e-04
109           	1.657740e-03	0.000000e+00	1.360023e-03	-3.400057e-05	1.002089e-03	4.144351e-05	7.948697e-04	8.628708e-04	4.144351e-05	-4.144351e-05	1.682100e-03	-3.220771e-04
110           	1.657742e-03	0.000000e+00	1.360014e-03	-3.400036e-05	1.002108e-03	4.144355e-05	7.948706e-04	8.628714e-04	4.144355e-05	-4.144355e-05	1.682115e-03	-3.221012e-04
111           	1.657743e-03	0.000000e+00	1.360007e-03	-3.400017e-05	1.002125e-03	4.144358e-05	7.948715e-04	8.628718e-04	4.144358e-05	-4.144358e-05	1.682129e-03	-3.221217e-04
112           	1.657744e-03	0.000000e+00	1.360000e-03	-3.400001e-05	1.002139e-03	4.144361e-05	7.948722e-04	8.628722e-04	4.144361e-05	-4.144361e-05	1.682140e-03	-3.221393e-04
113           	1.657745e-03	0.000000e+00	1.359995e-03	-3.399987e-05	1.002152e-03	4.144363e-05	7.948728e-04	8.628725e-04	4.144363e-05	-4.144363e-05	1.682149e-03	-3.221542e-04
114           	1.657746e-03	0.000000e+00	1.359990e-03	-3.399975e-05	1.002162e-03	4.144365e-05	7.948733e-04	8.628728e-04	4.144365e-05	-4.144365e-05	1.682157e-03	-3.221674e-04
115           	1.657747e-03	0.000000e+00	1.359985e-03	-3.399964e-05	1.002173e-03	4.144367e-05	7.948738e-04	8.628731e-04	4.144367e-05	-4.144367e-05	1.682166e-03	-3.221802e-04
116           	1.657748e-03	0.000000e+00	1.359981e-03	-3.399953e-05	1.002183e-03	4.144369e-05	7.948743e-04	8.628733e-04	4.144369e-05	-4.144369e-05	1.682173e-03	-3.221920e-04
117           	1.657748e-03	0.000000e+00	1.359977e-03	-3.399944e-05	1.002191e-03	4.144371e-05	7.948747e-04	8.628736e-04	4.144371e-05	-4.144371e-05	1.682180e-03	-3.222022e-04
118           	1.657749e-03	0.000000e+00	1.359974e-03	-3.399935e-05	1.002199e-03	4.144372e-05	7.948751e-04	8.628738e-04	4.144372e-05	-4.144372e-05	1.682186e-03	-3.222116e-04
119           	1.657749e-03	0.000000e+00	1.359971e-03	-3.399927e-05	1.002205e-03	4.144373e-05	7.948754e-04	8.628739e-04	4.144373e-05	-4.144373e-05	1.682191e-03	-3.222199e-04
120           	1.657750e-03	0.000000e+00	1.359968e-03	-3.399920e-05	1.002211e-03	4.144374e-05	7.948756e-04	8.628740e-04	4.144374e-05	-4.144374e-05	1.682195e-03	-3.222271e-04
121           	1.657750e-03	0.000000e+00	1.359965e-03	-3.399913e-05	1.002217e-03	4.144374e-05	7.948757e-04	8.628740e-04	4.144374e-05	-4.144374e-05	1.682199e-03	-3.222341e-04
122           	1.657750e-03	0.000000e+00	1.359963e-03	-3.399906e-05	1.002222e-03	4.144375e-05	7.948759e-04	8.628740e-04	4.144375e-05	-4.144375e-05	1.682204e-03	-3.222410e-04
123           	1.657750e-03	0.000000e+00	1.359960e-03	-3.399900e-05	1.002228e-03	4.144375e-05	7.948761e-04	8.628740e-04	4.144375e-05	-4.144375e-05	1.682208e-03	-3.222478e-04
124           	1.657750e-03	0.000000e+00	1.359957e-03	-3.399893e-05	1.002233e-03	4.144376e-05	7.948762e-04	8.628741e-04	4.144376e-05	-4.144376e-05	1.682212e-03	-3.222545e-04
125           	1.657751e-03	0.000000e+00	1.359954e-03	-3.399886e-05	1.002239e-03	4.144376e-05	7.948764e-04	8.628741e-04	4.144376e-05	-4.144376e-05	1.682216e-03	-3.222615e-04
126           	1.657751e-03	0.000000e+00	1.359952e-03	-3.399880e-05	1.002244e-03	4.144377e-05	7.948766e-04	8.628742e-04	4.144377e-05	-4.144377e-05	1.682220e-03	-3.222683e-04
127           	1.657751e-03	0.000000e+00	1.359949e-03	-3.399873e-05	1.002250e-03	4.144378e-05	7.948768e-04	8.628743e-04	4.144378e-05	-4.144378e-05	1.682224e-03	-3.222751e-04
128           	1.657751e-03	0.000000e+00	1.359947e-03	-3.399867e-05	1.002255e-03	4.144378e-05	7.948770e-04	8.628743e-04	4.144378e-05	-4.144378e-05	1.682229e-03	-3.222818e-04
129           	1.657752e-03	0.000000e+00	1.359944e-03	-3.399861e-05	1.002260e-03	4.144379e-05	7.948772e-04	8.628744e-04	4.144379e-05	-4.144379e-05	1.682232e-03	-3.222880e-04
130           	1.657752e-03	0.000000e+00	1.359942e-03	-3.399855e-05	1.002264e-03	4.144379e-05	7.948772e-04	8.628744e-04	4.144379e-05	-4.144379e-05	1.682236e-03	-3.222934e-04
131           	1.657752e-03	0.000000e+00	1.359940e-03	-3.399850e-05	1.002270e-03	4.144380e-05	7.948775e-04	8.628745e-04	4.144380e-05	-4.144380e-05	1.682240e-03	-3.222996e-04
132           	1.657753e-03	0.000000e+00	1.359938e-03	-3.399845e-05	1.002274e-03	4.144381e-05	7.948778e-04	8.628747e-04	4.144381e-05	-4.144381e-05	1.682243e-03	-3.223051e-04
133           	1.657753e-03	0.000000e+00	1.359936e-03	-3.399840e-05	1.002278e-03	4.144382e-05	7.948780e-04	8.628748e-04	4.144382e-05	-4.144382e-05	1.682246e-03	-3.223102e-04
134           	1.657753e-03	0.000000e+00	1.359934e-03	-3.399836e-05	1.002282e-03	4.144382e-05	7.948781e-04	8.628748e-04	4.144382e-05	-4.144382e-05	1.682249e-03	-3.223149e-04
135           	1.657753e-03	0.000000e+00	1.359933e-03	-3.399831e-05	1.002286e-03	4.144382e-05	7.948782e-04	8.628748e-04	4.144382e-05	-4.144382e-05	1.682252e-03	-3.223192e-04
136           	1.657753e-03	0.000000e+00	1.359931e-03	-3.399827e-05	1.002289e-03	4.144383e-05	7.948783e-04	8.628748e-04	4.144383e-05	-4.144383e-05	1.682255e-03	-3.223239e-04
137           	1.657753e-03	0.000000e+00	1.359929e-03	-3.399823e-05	1.002293e-03	4.144383e-05	7.948784e-04	8.628749e-04	4.144383e-05	-4.144383e-05	1.682257e-03	-3.223283e-04
138           	1.657753e-03	0.000000e+00	1.359927e-03	-3.399819e-05	1.002296e-03	4.144384e-05	7.948786e-04	8.628749e-04	4.144384e-05	-4.144384e-05	1.682260e-03	-3.223327e-04
139           	1.657754e-03	0.000000e+00	1.359926e-03	-3.399815e-05	1.002300e-03	4.144384e-05	7.948787e-04	8.628750e-04	4.144384e-05	-4.144384e-05	1.682263e-03	-3.223368e-04
140           	1.657754e-03	0.000000e+00	1.359925e-03	-3.399811e-05	1.002303e-03	4.144385e-05	7.948788e-04	8.628750e-04	4.144385e-05	-4.144385e-05	1.682265e-03	-3.223406e-04
141           	1.657754e-03	0.000000e+00	1.359923e-03	-3.399808e-05	1.002306e-03	4.144385e-05	7.948789e-04	8.628751e-04	4.144385e-05	-4.144385e-05	1.682267e-03	-3.223442e-04
142           	1.657754e-03	0.000000e+00	1.359922e-03	-3.399804e-05	1.002309e-03	4.144385e-05	7.948790e-04	8.628751e-04	4.144385e-05	-4.144385e-05	1.682269e-03	-3.223477e-04
143           	1.657754e-03	0.000000e+00	1.359920e-03	-3.399801e-05	1.002311e-03	4.144385e-05	7.948791e-04	8.628751e-04	4.144385e-05	-4.144385e-05	1.682272e-03	-3.223513e-04
144           	1.657754e-03	0.000000e+00	1.359919e-03	-3.399798e-05	1.002314e-03	4.144386e-05	7.948792e-04	8.628751e-04	4.144386e-05	-4.144386e-05	1.682274e-03	-3.223548e-04
145           	1.657754e-03	0.000000e+00	1.359918e-03	-3.399794e-05	1.002317e-03	4.144386e-05	7.948792e-04	8.628751e-04	4.144386e-05	-4.144386e-05	1.682276e-03	-3.223583e-04
146           	1.657754e-03	0.000000e+00	1.359916e-03	-3.399791e-05	1.002320e-03	4.144386e-05	7.948793e-04	8.628751e-04	4.144386e-05	-4.144386e-05	1.682278e-03	-3.223617e-04
147           	1.657755e-03	0.000000e+00	1.359915e-03	-3.399788e-05	1.002322e-03	4.144386e-05	7.948794e-04	8.628751e-04	4.144386e-05	-4.144386e-05	1.682280e-03	-3.223648e-04
148           	1.657755e-03	0.000000e+00	1.359914e-03	-3.399785e-05	1.002325e-03	4.144386e-05	7.948794e-04	8.628751e-04	4.144386e-05	-4.144386e-05	1.682282e-03	-3.223676e-04
149           	1.657755e-03	0.000000e+00	1.359913e-03	-3.399783e-05	1.002327e-03	4.144386e-05	7.948795e-04	8.628751e-04	4.144386e-05	-4.144386e-05	1.682283e-03	-3.223702e-04
150           	1.657755e-03	0.000000e+00	1.359912e-03	-3.399780e-05	1.002329e-03	4.144387e-05	7.948795e-04	8.628751e-04	4.144387e-05	-4.144387e-05	1.682285e-03	-3.223729e-04
151           	1.657755e-03	0.000000e+00	1.359911e-03	-3.399777e-05	1.002331e-03	4.144387e-05	7.948796e-04	8.628751e-04	4.144387e-05	-4.144387e-05	1.682287e-03	-3.223756e-04
152           	1.657755e-03	0.000000e+00	1.359910e-03	-3.399775e-05	1.002333e-03	4.144387e-05	7.948796e-04	8.628751e-04	4.144387e-05	-4.144387e-05	1.682288e-03	-3.223781e-04
153           	1.657755e-03	0.000000e+00	1.359909e-03	-3.399773e-05	1.002335e-03	4.144387e-05	7.948796e-04	8.628751e-04	4.144387e-05	-4.144387e-05	1.682289e-03	-3.223801e-04
154           	1.657755e-03	0.000000e+00	1.359908e-03	-3.399770e-05	1.002336e-03	4.144387e-05	7.948796e-04	8.628750e-04	4.144387e-05	-4.144387e-05	1.682290e-03	-3.223822e-04
155           	1.657755e-03	0.000000e+00	1.359907e-03	-3.399768e-05	1.002338e-03	4.144387e-05	7.948796e-04	8.628750e-04	4.144387e-05	-4.144387e-05	1.682292e-03	-3.223843e-04
156           	1.657755e-03	0.000000e+00	1.359906e-03	-3.399766e-05	1.002340e-03	4.144387e-05	7.948796e-04	8.628750e-04	4.144387e-05	-4.144387e-05	1.682293e-03	-3.223865e-04
157           	1.657755e-03	0.000000e+00	1.359905e-03	-3.399764e-05	1.002342e-03	4.144387e-05	7.948797e-04	8.628750e-04	4.144387e-05	-4.144387e-05	1.682294e-03	-3.223890e-04
158           	1.657755e-03	0.000000e+00	1.359905e-03	-3.399761e-05	1.002343e-03	4.144387e-05	7.948797e-04	8.628750e-04	4.144387e-05	-4.144387e-05	1.682296e-03	-3.223912e-04
159           	1.657755e-03	0.000000e+00	1.359904e-03	-3.399759e-05	1.002345e-03	4.144387e-05	7.948798e-04	8.628749e-04	4.144387e-05	-4.144387e-05	1.682297e-03	-3.223931e-04
160           	1.657755e-03	0.000000e+00	1.359903e-03	-3.399757e-05	1.002347e-03	4.144387e-05	7.948798e-04	8.628749e-04	4.144387e-05	-4.144387e-05	1.682298e-03	-3.223952e-04
161           	1.657755e-03	0.000000e+00	1.359902e-03	-3.399755e-05	1.002348e-03	4.144387e-05	7.948798e-04	8.628749e-04	4.144387e-05	-4.144387e-05	1.682299e-03	-3.223971e-04
162           	1.657755e-03	0.000000e+00	1.359901e-03	-3.399754e-05	1.002350e-03	4.144387e-05	7.948798e-04	8.628749e-04	4.144387e-05	-4.144387e-05	1.682300e-03	-3.223988e-04
163           	1.657755e-03	0.000000e+00	1.359901e-03	-3.399752e-05	1.002351e-03	4.144387e-05	7.948798e-04	8.628749e-04	4.144387e-05	-4.144387e-05	1.682301e-03	-3.224005e-04
164           	1.657755e-03	0.000000e+00	1.359900e-03	-3.399750e-05	1.002352e-03	4.144387e-05	7.948798e-04	8.628748e-04	4.144387e-05	-4.144387e-05	1.682302e-03	-3.224023e-04
165           	1.657755e-03	0.000000e+00	1.359899e-03	-3.399748e-05	1.002354e-03	4.144387e-05	7.948798e-04	8.628748e-04	4.144387e-05	-4.144387e-05	1.682303e-03	-3.224040e-04
166           	1.657755e-03	0.000000e+00	1.359899e-03	-3.399747e-05	1.002355e-03	4.144387e-05	7.948799e-04	8.628748e-04	4.144387e-05	-4.144387e-05	1.682304e-03	-3.224056e-04
167           	1.657755e-03	0.000000e+00	1.359898e-03	-3.399745e-05	1.002356e-03	4.144387e-05	7.948799e-04	8.628748e-04	4.144387e-05	-4.144387e-05	1.682305e-03	-3.224072e-04
168           	1.657755e-03	0.000000e+00	1.359897e-03	-3.399743e-05	1.002357e-03	4.144387e-05	7.948799e-04	8.628747e-04	4.144387e-05	-4.144387e-05	1.682306e-03	-3.224086e-04
169           	1.657755e-03	0.000000e+00	1.359897e-03	-3.399742e-05	1.002358e-03	4.144387e-05	7.948799e-04	8.628747e-04	4.144387e-05	-4.144387e-05	1.682307e-03	-3.224100e-04
170           	1.657755e-03	0.000000e+00	1.359896e-03	-3.399741e-05	1.002359e-03	4.144386e-05	7.948799e-04	8.628747e-04	4.144386e-05	-4.144386e-05	1.682308e-03	-3.224113e-04
171           	1.657755e-03	0.000000e+00	1.359896e-03	-3.399739e-05	1.002360e-03	4.144386e-05	7.948799e-04	8.628747e-04	4.144386e-05	-4.144386e-05	1.682308e-03	-3.224125e-04
172           	1.657755e-03	0.000000e+00	1.359895e-03	-3.399738e-05	1.002361e-03	4.144386e-05	7.948799e-04	8.628747e-04	4.144386e-05	-4.144386e-05	1.682309e-03	-3.224136e-04
173           	1.657755e-03	0.000000e+00	1.359895e-03	-3.399737e-05	1.002362e-03	4.144386e-05	7.948799e-04	8.628746e-04	4.144386e-05	-4.144386e-05	1.682309e-03	-3.224147e-04
174           	1.657754e-03	0.000000e+00	1.359894e-03	-3.399736e-05	1.002363e-03	4.144386e-05	7.948799e-04	8.628746e-04	4.144386e-05	-4.144386e-05	1.682310e-03	-3.224157e-04
175           	1.657754e-03	0.000000e+00	1.359894e-03	-3.399735e-05	1.002363e-03	4.144386e-05	7.948799e-04	8.628746e-04	4.144386e-05	-4.144386e-05	1.682310e-03	-3.224165e-04
176           	1.657754e-03	0.000000e+00	1.359894e-03	-3.399734e-05	1.002364e-03	4.144386e-05	7.948799e-04	8.628745e-04	4.144386e-05	-4.144386e-05	1.682311e-03	-3.224173e-04
177           	1.657754e-03	0.000000e+00	1.359893e-03	-3.399733e-05	1.002365e-03	4.144386e-05	7.948799e-04	8.628745e-04	4.144386e-05	-4.144386e-05	1.682311e-03	-3.224180e-04
178           	1.657754e-03	0.000000e+00	1.359893e-03	-3.399732e-05	1.002365e-03	4.144386e-05	7.948798e-04	8.628745e-04	4.144386e-05	-4.144386e-05	1.682312e-03	-3.224188e-04
179           	1.657754e-03	0.000000e+00	1.359893e-03	-3.399732e-05	1.002366e-03	4.144386e-05	7.948798e-04	8.628745e-04	4.144386e-05	-4.144386e-05	1.682312e-03	-3.224195e-04
180           	1.657754e-03	0.000000e+00	1.359892e-03	-3.399731e-05	1.002366e-03	4.144386e-05	7.948798e-04	8.628745e-04	4.144386e-05	-4.144386e-05	1.682313e-03	-3.224202e-04
181           	1.657754e-03	0.000000e+00	1.359892e-03	-3.399730e-05	1.002367e-03	4.144386e-05	7.948798e-04	8.628744e-04	4.144386e-05	-4.144386e-05	1.682313e-03	-3.224209e-04
182           	1.657754e-03	0.000000e+00	1.359892e-03	-3.399729e-05	1.002368e-03	4.144386e-05	7.948798e-04	8.628744e-04	4.144386e-05	-4.144386e-05	1.682313e-03	-3.224217e-04
183           	1.657754e-03	0.000000e+00	1.359891e-03	-3.399729e-05	1.002368e-03	4.144386e-05	7.948799e-04	8.628744e-04	4.144386e-05	-4.144386e-05	1.682314e-03	-3.224224e-04
184           	1.657754e-03	0.000000e+00	1.359891e-03	-3.399728e-05	1.002369e-03	4.144386e-05	7.948799e-04	8.628744e-04	4.144386e-05	-4.144386e-05	1.682314e-03	-3.224231e-04
185           	1.657754e-03	0.000000e+00	1.359891e-03	-3.399727e-05	1.002369e-03	4.144386e-05	7.948799e-04	8.628744e-04	4.144386e-05	-4.144386e-05	1.682315e-03	-3.224237e-04
186           	1.657754e-03	0.000000e+00	1.359891e-03	-3.399727e-05	1.002370e-03	4.144386e-05	7.948799e-04	8.628744e-04	4.144386e-05	-4.144386e-05	1.682315e-03	-3.224243e-04
187           	1.657754e-03	0.000000e+00	1.359890e-03	-3.399726e-05	1.002370e-03	4.144386e-05	7.948799e-04	8.628744e-04	4.144386e-05	-4.144386e-05	1.682315e-03	-3.224249e-04
188           	1.657754e-03	0.000000e+00	1.359890e-03	-3.399726e-05	1.002371e-03	4.144386e-05	7.948799e-04	8.628744e-04	4.144386e-05	-4.144386e-05	1.682316e-03	-3.224254e-04
189           	1.657754e-03	0.000000e+00	1.359890e-03	-3.399725e-05	1.002371e-03	4.144386e-05	7.948799e-04	8.628744e-04	4.144386e-05	-4.144386e-05	1.682316e-03	-3.224259e-04
190           	1.657754e-03	0.000000e+00	1.359890e-03	-3.399725e-05	1.002371e-03	4.144386e-05	7.948799e-04	8.628744e-04	4.144386e-05	-4.144386e-05	1.682316e-03	-3.224264e-04
191           	1.657754e-03	0.000000e+00	1.359890e-03	-3.399724e-05	1.002372e-03	4.144386e-05	7.948799e-04	8.628744e-04	4.144386e-05	-4.144386e-05	1.682317e-03	-3.224269e-04
192           	1.657754e-03	0.000000e+00	1.359889e-03	-3.399724e-05	1.002372e-03	4.144386e-05	7.948799e-04	8.628744e-04	4.144386e-05	-4.144386e-05	1.682317e-03	-3.224274e-04
193           	1.657754e-03	0.000000e+00	1.359889e-03	-3.399723e-05	1.002372e-03	4.144386e-05	7.948799e-04	8.628744e-04	4.144386e-05	-4.144386e-05	1.682317e-03	-3.224278e-04
194           	1.657754e-03	0.000000e+00	1.359889e-03	-3.399723e-05	1.002373e-03	4.144386e-05	7.948799e-04	8.628744e-04	4.144386e-05	-4.144386e-05	1.682317e-03	-3.224282e-04
195           	1.657754e-03	0.000000e+00	1.359889e-03	-3.399722e-05	1.002373e-03	4.144386e-05	7.948799e-04	8.628744e-04	4.144386e-05	-4.144386e-05	1.682318e-03	-3.224286e-04
196           	1.657754e-03	0.000000e+00	1.359889e-03	-3.399722e-05	1.002373e-03	4.144386e-05	7.948799e-04	8.628744e-04	4.144386e-05	-4.144386e-05	1.682318e-03	-3.224289e-04
197           	1.657754e-03	0.000000e+00	1.359889e-03	-3.399722e-05	1.002374e-03	4.144386e-05	7.948799e-04	8.628743e-04	4.144386e-05	-4.144386e-05	1.682318e-03	-3.224292e-04
198           	1.657754e-03	0.000000e+00	1.359889e-03	-3.399721e-05	1.002374e-03	4.144386e-05	7.948799e-04	8.628743e-04	4.144386e-05	-4.144386e-05	1.682318e-03	-3.224295e-04
199           	1.657754e-03	0.000000e+00	1.359888e-03	-3.399721e-05	1.002374e-03	4.144386e-05	7.948799e-04	8.628743e-04	4.144386e-05	-4.144386e-05	1.682318e-03	-3.224297e-04
200           	1.657754e-03	0.000000e+00	1.359888e-03	-3.399721e-05	1.002374e-03	4.144386e-05	7.948799e-04	8.628743e-04	4.144386e-05	-4.144386e-05	1.682318e-03	-3.224300e-04
201           	1.657754e-03	0.000000e+00	1.359888e-03	-3.399721e-05	1.002374e-03	4.144386e-05	7.948799e-04	8.628743e-04	4.144386e-05	-4.144386e-05	1.682318e-03	-3.224302e-04
