# Force coefficients
# dragDir     : (1.000000e+00 0.000000e+00 0.000000e+00)
# sideDir     : (0.000000e+00 0.000000e+00 -1.000000e+00)
# liftDir     : (0.000000e+00 1.000000e+00 0.000000e+00)
# rollAxis    : (1.000000e+00 0.000000e+00 0.000000e+00)
# pitchAxis   : (0.000000e+00 0.000000e+00 -1.000000e+00)
# yawAxis     : (0.000000e+00 1.000000e+00 0.000000e+00)
# magUInf     : 6.000000e-02
# lRef        : 1.000000e-01
# Aref        : 1.000000e-01
# CofR        : (0.000000e+00 0.000000e+00 0.000000e+00)
#
# Time        	Cd            	Cs            	Cl            	CmRoll        	CmPitch       	CmYaw         	Cd(f)         	Cd(r)         	Cs(f)         	Cs(r)         	Cl(f)         	Cl(r)         
1             	3.165365e-04	1.010459e-19	-6.649227e-04	1.662307e-05	1.819077e-03	7.913412e-06	1.748913e-04	1.416452e-04	7.913412e-06	-7.913412e-06	1.486616e-03	-2.151538e-03
2             	1.610928e-03	1.849098e-19	-2.768831e-03	6.922077e-05	8.029648e-03	4.027320e-05	8.746849e-04	7.362433e-04	4.027320e-05	-4.027320e-05	6.645233e-03	-9.414064e-03
3             	1.461892e-03	1.106009e-19	-2.002979e-03	5.007447e-05	6.315378e-03	3.654731e-05	7.810206e-04	6.808717e-04	3.654731e-05	-3.654731e-05	5.313889e-03	-7.316867e-03
4             	1.243541e-03	4.415023e-20	-1.444574e-03	3.611434e-05	4.876144e-03	3.108852e-05	6.578848e-04	5.856561e-04	3.108852e-05	-3.108852e-05	4.153857e-03	-5.598430e-03
5             	1.087136e-03	-2.228026e-21	-1.220387e-03	3.050967e-05	4.162136e-03	2.717840e-05	5.740776e-04	5.130583e-04	2.717840e-05	-2.717840e-05	3.551943e-03	-4.772330e-03
6             	1.102183e-03	-2.104091e-20	-1.536502e-03	3.841255e-05	4.760239e-03	2.755456e-05	5.895038e-04	5.126787e-04	2.755456e-05	-2.755456e-05	3.991988e-03	-5.528490e-03
7             	1.151891e-03	-1.886874e-20	-1.746328e-03	4.365820e-05	5.235866e-03	2.879726e-05	6.196035e-04	5.322871e-04	2.879726e-05	-2.879726e-05	4.362702e-03	-6.109030e-03
8             	1.281187e-03	-4.026143e-21	-1.995986e-03	4.989965e-05	5.920495e-03	3.202967e-05	6.904931e-04	5.906938e-04	3.202967e-05	-3.202967e-05	4.922502e-03	-6.918488e-03
9             	1.383578e-03	9.811962e-21	-2.169623e-03	5.424057e-05	6.406770e-03	3.458944e-05	7.460294e-04	6.375483e-04	3.458944e-05	-3.458944e-05	5.321959e-03	-7.491581e-03
10            	1.442070e-03	1.616099e-20	-2.302482e-03	5.756204e-05	6.730106e-03	3.605174e-05	7.785969e-04	6.634728e-04	3.605174e-05	-3.605174e-05	5.578865e-03	-7.881347e-03
11            	1.465573e-03	1.657989e-20	-2.383947e-03	5.959867e-05	6.898856e-03	3.663933e-05	7.923853e-04	6.731879e-04	3.663933e-05	-3.663933e-05	5.706883e-03	-8.090829e-03
12            	1.484097e-03	1.672911e-20	-2.469587e-03	6.173968e-05	7.070562e-03	3.710244e-05	8.037884e-04	6.803090e-04	3.710244e-05	-3.710244e-05	5.835768e-03	-8.305355e-03
13            	1.499360e-03	1.549432e-20	-2.527907e-03	6.319766e-05	7.190535e-03	3.748399e-05	8.128775e-04	6.864822e-04	3.748399e-05	-3.748399e-05	5.926581e-03	-8.454488e-03
14            	1.507033e-03	1.378954e-20	-2.553355e-03	6.383388e-05	7.240489e-03	3.767583e-05	8.173505e-04	6.896827e-04	3.767583e-05	-3.767583e-05	5.963811e-03	-8.517166e-03
15            	1.507032e-03	1.285150e-20	-2.548159e-03	6.370398e-05	7.223429e-03	3.767581e-05	8.172202e-04	6.898123e-04	3.767581e-05	-3.767581e-05	5.949349e-03	-8.497509e-03
16            	1.498475e-03	1.217905e-20	-2.521870e-03	6.304676e-05	7.154010e-03	3.746188e-05	8.122845e-04	6.861909e-04	3.746188e-05	-3.746188e-05	5.893075e-03	-8.414945e-03
17            	1.484856e-03	1.187832e-20	-2.486405e-03	6.216013e-05	7.059042e-03	3.712140e-05	8.045882e-04	6.802679e-04	3.712140e-05	-3.712140e-05	5.815839e-03	-8.302244e-03
18            	1.469290e-03	1.164897e-20	-2.448748e-03	6.121871e-05	6.957334e-03	3.673224e-05	7.958635e-04	6.734261e-04	3.673224e-05	-3.673224e-05	5.732960e-03	-8.181708e-03
19            	1.451538e-03	1.151025e-20	-2.409968e-03	6.024920e-05	6.850407e-03	3.628845e-05	7.860182e-04	6.655198e-04	3.628845e-05	-3.628845e-05	5.645423e-03	-8.055391e-03
20            	1.432910e-03	1.144724e-20	-2.374071e-03	5.935178e-05	6.748314e-03	3.582275e-05	7.758068e-04	6.571033e-04	3.582275e-05	-3.582275e-05	5.561278e-03	-7.935349e-03
21            	1.415862e-03	1.160340e-20	-2.338474e-03	5.846184e-05	6.651048e-03	3.539656e-05	7.663930e-04	6.494694e-04	3.539656e-05	-3.539656e-05	5.481811e-03	-7.820285e-03
22            	1.402573e-03	1.147042e-20	-2.309240e-03	5.773100e-05	6.573947e-03	3.506433e-05	7.590176e-04	6.435556e-04	3.506433e-05	-3.506433e-05	5.419328e-03	-7.728567e-03
23            	1.387932e-03	1.175673e-20	-2.269285e-03	5.673212e-05	6.475513e-03	3.469830e-05	7.506982e-04	6.372340e-04	3.469830e-05	-3.469830e-05	5.340871e-03	-7.610156e-03
24            	1.377530e-03	1.160299e-20	-2.240972e-03	5.602430e-05	6.406916e-03	3.443825e-05	7.447893e-04	6.327407e-04	3.443825e-05	-3.443825e-05	5.286430e-03	-7.527401e-03
25            	1.363392e-03	1.153317e-20	-2.197707e-03	5.494267e-05	6.304423e-03	3.408480e-05	7.366386e-04	6.267533e-04	3.408480e-05	-3.408480e-05	5.205570e-03	-7.403277e-03
26            	1.352775e-03	1.142602e-20	-2.170835e-03	5.427088e-05	6.238225e-03	3.381938e-05	7.306585e-04	6.221168e-04	3.381938e-05	-3.381938e-05	5.152807e-03	-7.323643e-03
27            	1.340547e-03	1.123043e-20	-2.132792e-03	5.331980e-05	6.149077e-03	3.351368e-05	7.235934e-04	6.169538e-04	3.351368e-05	-3.351368e-05	5.082681e-03	-7.215473e-03
28            	1.331578e-03	1.102383e-20	-2.109119e-03	5.272799e-05	6.091775e-03	3.328946e-05	7.185172e-04	6.130612e-04	3.328946e-05	-3.328946e-05	5.037215e-03	-7.146334e-03
29            	1.320691e-03	1.073309e-20	-2.074855e-03	5.187138e-05	6.011823e-03	3.301727e-05	7.122168e-04	6.084741e-04	3.301727e-05	-3.301727e-05	4.974395e-03	-7.049251e-03
30            	1.314160e-03	1.057884e-20	-2.056461e-03	5.141153e-05	5.968639e-03	3.285400e-05	7.084916e-04	6.056686e-04	3.285400e-05	-3.285400e-05	4.940408e-03	-6.996869e-03
31            	1.307624e-03	1.042785e-20	-2.030177e-03	5.075442e-05	5.911252e-03	3.269060e-05	7.045663e-04	6.030575e-04	3.269060e-05	-3.269060e-05	4.896163e-03	-6.926340e-03
32            	1.301501e-03	1.025618e-20	-2.011186e-03	5.027964e-05	5.867390e-03	3.253753e-05	7.010303e-04	6.004710e-04	3.253753e-05	-3.253753e-05	4.861797e-03	-6.872983e-03
33            	1.297045e-03	1.008470e-20	-1.992658e-03	4.981645e-05	5.827676e-03	3.242612e-05	6.983388e-04	5.987059e-04	3.242612e-05	-3.242612e-05	4.831347e-03	-6.824004e-03
34            	1.293085e-03	9.924193e-21	-1.975974e-03	4.939936e-05	5.791934e-03	3.232712e-05	6.959417e-04	5.971430e-04	3.232712e-05	-3.232712e-05	4.803947e-03	-6.779922e-03
35            	1.289595e-03	9.776715e-21	-1.960800e-03	4.902000e-05	5.759597e-03	3.223987e-05	6.938173e-04	5.957773e-04	3.223987e-05	-3.223987e-05	4.779197e-03	-6.739997e-03
36            	1.286474e-03	9.653229e-21	-1.947260e-03	4.868149e-05	5.730643e-03	3.216184e-05	6.919184e-04	5.945554e-04	3.216184e-05	-3.216184e-05	4.757013e-03	-6.704272e-03
37            	1.283616e-03	9.530739e-21	-1.935052e-03	4.837630e-05	5.704363e-03	3.209040e-05	6.901843e-04	5.934317e-04	3.209040e-05	-3.209040e-05	4.736837e-03	-6.671889e-03
38            	1.281009e-03	9.411963e-21	-1.924076e-03	4.810190e-05	5.680592e-03	3.202522e-05	6.886064e-04	5.924026e-04	3.202522e-05	-3.202522e-05	4.718554e-03	-6.642630e-03
39            	1.278690e-03	9.296053e-21	-1.914255e-03	4.785638e-05	5.659305e-03	3.196725e-05	6.872013e-04	5.914885e-04	3.196725e-05	-3.196725e-05	4.702177e-03	-6.616433e-03
40            	1.276646e-03	9.182523e-21	-1.905390e-03	4.763475e-05	5.640151e-03	3.191616e-05	6.859580e-04	5.906885e-04	3.191616e-05	-3.191616e-05	4.687456e-03	-6.592846e-03
41            	1.274789e-03	9.071184e-21	-1.897186e-03	4.742964e-05	5.622443e-03	3.186972e-05	6.848241e-04	5.899648e-04	3.186972e-05	-3.186972e-05	4.673850e-03	-6.571036e-03
42            	1.273051e-03	8.966282e-21	-1.889555e-03	4.723886e-05	5.605897e-03	3.182626e-05	6.837641e-04	5.892864e-04	3.182626e-05	-3.182626e-05	4.661120e-03	-6.550675e-03
43            	1.271401e-03	8.896519e-21	-1.882549e-03	4.706372e-05	5.590557e-03	3.178502e-05	6.827641e-04	5.886367e-04	3.178502e-05	-3.178502e-05	4.649283e-03	-6.531832e-03
44            	1.270040e-03	8.830864e-21	-1.876513e-03	4.691283e-05	5.577421e-03	3.175099e-05	6.819327e-04	5.881070e-04	3.175099e-05	-3.175099e-05	4.639164e-03	-6.515677e-03
45            	1.268794e-03	8.768418e-21	-1.871115e-03	4.677787e-05	5.565552e-03	3.171985e-05	6.811749e-04	5.876192e-04	3.171985e-05	-3.171985e-05	4.629994e-03	-6.501109e-03
46            	1.267655e-03	8.708544e-21	-1.866427e-03	4.666067e-05	5.555073e-03	3.169138e-05	6.804882e-04	5.871669e-04	3.169138e-05	-3.169138e-05	4.621860e-03	-6.488287e-03
47            	1.266644e-03	8.651130e-21	-1.862407e-03	4.656016e-05	5.545972e-03	3.166609e-05	6.798819e-04	5.867616e-04	3.166609e-05	-3.166609e-05	4.614769e-03	-6.477176e-03
48            	1.265753e-03	8.584395e-21	-1.858916e-03	4.647290e-05	5.538006e-03	3.164384e-05	6.793496e-04	5.864038e-04	3.164384e-05	-3.164384e-05	4.608548e-03	-6.467464e-03
49            	1.264984e-03	8.535544e-21	-1.855946e-03	4.639865e-05	5.531174e-03	3.162461e-05	6.788908e-04	5.860935e-04	3.162461e-05	-3.162461e-05	4.603200e-03	-6.459147e-03
50            	1.264360e-03	8.475381e-21	-1.853402e-03	4.633505e-05	5.525359e-03	3.160901e-05	6.785153e-04	5.858452e-04	3.160901e-05	-3.160901e-05	4.598658e-03	-6.452060e-03
51            	1.263764e-03	8.420640e-21	-1.851059e-03	4.627648e-05	5.519933e-03	3.159409e-05	6.781583e-04	5.856054e-04	3.159409e-05	-3.159409e-05	4.594403e-03	-6.445462e-03
52            	1.263264e-03	8.382677e-21	-1.849143e-03	4.622858e-05	5.515442e-03	3.158160e-05	6.778606e-04	5.854034e-04	3.158160e-05	-3.158160e-05	4.590870e-03	-6.440014e-03
53            	1.262821e-03	8.334086e-21	-1.847437e-03	4.618593e-05	5.511419e-03	3.157054e-05	6.775967e-04	5.852248e-04	3.157054e-05	-3.157054e-05	4.587701e-03	-6.435138e-03
54            	1.262396e-03	8.303334e-21	-1.845979e-03	4.614948e-05	5.507863e-03	3.155991e-05	6.773477e-04	5.850488e-04	3.155991e-05	-3.155991e-05	4.584873e-03	-6.430852e-03
55            	1.262055e-03	8.272491e-21	-1.844859e-03	4.612147e-05	5.505064e-03	3.155138e-05	6.771491e-04	5.849062e-04	3.155138e-05	-3.155138e-05	4.582635e-03	-6.427494e-03
56            	1.261742e-03	8.243393e-21	-1.843903e-03	4.609757e-05	5.502612e-03	3.154356e-05	6.769687e-04	5.847736e-04	3.154356e-05	-3.154356e-05	4.580661e-03	-6.424563e-03
57            	1.261446e-03	8.208866e-21	-1.843103e-03	4.607758e-05	5.500472e-03	3.153615e-05	6.768005e-04	5.846453e-04	3.153615e-05	-3.153615e-05	4.578920e-03	-6.422023e-03
58            	1.261194e-03	8.186793e-21	-1.842517e-03	4.606292e-05	5.498807e-03	3.152985e-05	6.766598e-04	5.845340e-04	3.152985e-05	-3.152985e-05	4.577549e-03	-6.420065e-03
59            	1.261003e-03	8.164608e-21	-1.842118e-03	4.605296e-05	5.497605e-03	3.152508e-05	6.765545e-04	5.844486e-04	3.152508e-05	-3.152508e-05	4.576545e-03	-6.418664e-03
60            	1.260826e-03	8.143662e-21	-1.841790e-03	4.604474e-05	5.496559e-03	3.152065e-05	6.764578e-04	5.843683e-04	3.152065e-05	-3.152065e-05	4.575664e-03	-6.417454e-03
61            	1.260647e-03	8.119873e-21	-1.841527e-03	4.603817e-05	5.495634e-03	3.151618e-05	6.763617e-04	5.842854e-04	3.151618e-05	-3.151618e-05	4.574871e-03	-6.416397e-03
62            	1.260491e-03	8.103952e-21	-1.841394e-03	4.603485e-05	5.494995e-03	3.151228e-05	6.762805e-04	5.842108e-04	3.151228e-05	-3.151228e-05	4.574298e-03	-6.415692e-03
63            	1.260358e-03	8.084621e-21	-1.841349e-03	4.603371e-05	5.494565e-03	3.150896e-05	6.762129e-04	5.841455e-04	3.150896e-05	-3.150896e-05	4.573890e-03	-6.415239e-03
64            	1.260233e-03	8.071364e-21	-1.841363e-03	4.603406e-05	5.494263e-03	3.150583e-05	6.761506e-04	5.840825e-04	3.150583e-05	-3.150583e-05	4.573582e-03	-6.414945e-03
65            	1.260132e-03	8.059650e-21	-1.841473e-03	4.603683e-05	5.494191e-03	3.150331e-05	6.761030e-04	5.840293e-04	3.150331e-05	-3.150331e-05	4.573454e-03	-6.414927e-03
66            	1.260051e-03	8.049493e-21	-1.841641e-03	4.604102e-05	5.494267e-03	3.150127e-05	6.760664e-04	5.839843e-04	3.150127e-05	-3.150127e-05	4.573447e-03	-6.415087e-03
67            	1.259978e-03	8.039571e-21	-1.841858e-03	4.604644e-05	5.494458e-03	3.149944e-05	6.760352e-04	5.839424e-04	3.149944e-05	-3.149944e-05	4.573530e-03	-6.415387e-03
68            	1.259933e-03	8.029872e-21	-1.842137e-03	4.605343e-05	5.494825e-03	3.149832e-05	6.760198e-04	5.839130e-04	3.149832e-05	-3.149832e-05	4.573757e-03	-6.415894e-03
69            	1.259896e-03	8.021649e-21	-1.842433e-03	4.606084e-05	5.495243e-03	3.149740e-05	6.760089e-04	5.838872e-04	3.149740e-05	-3.149740e-05	4.574027e-03	-6.416460e-03
70            	1.259861e-03	8.014868e-21	-1.842745e-03	4.606862e-05	5.495699e-03	3.149654e-05	6.759993e-04	5.838621e-04	3.149654e-05	-3.149654e-05	4.574327e-03	-6.417071e-03
71            	1.259832e-03	8.010975e-21	-1.843072e-03	4.607679e-05	5.496198e-03	3.149579e-05	6.759926e-04	5.838390e-04	3.149579e-05	-3.149579e-05	4.574663e-03	-6.417734e-03
72            	1.259818e-03	8.006518e-21	-1.843436e-03	4.608591e-05	5.496803e-03	3.149545e-05	6.759949e-04	5.838231e-04	3.149545e-05	-3.149545e-05	4.575085e-03	-6.418521e-03
73            	1.259820e-03	8.003058e-21	-1.843822e-03	4.609555e-05	5.497480e-03	3.149549e-05	6.760054e-04	5.838143e-04	3.149549e-05	-3.149549e-05	4.575569e-03	-6.419391e-03
74            	1.259825e-03	8.000484e-21	-1.844206e-03	4.610514e-05	5.498164e-03	3.149564e-05	6.760178e-04	5.838076e-04	3.149564e-05	-3.149564e-05	4.576061e-03	-6.420267e-03
75            	1.259835e-03	7.998732e-21	-1.844593e-03	4.611482e-05	5.498867e-03	3.149588e-05	6.760324e-04	5.838027e-04	3.149588e-05	-3.149588e-05	4.576570e-03	-6.421163e-03
76            	1.259850e-03	7.997699e-21	-1.844979e-03	4.612448e-05	5.499581e-03	3.149624e-05	6.760493e-04	5.838004e-04	3.149624e-05	-3.149624e-05	4.577092e-03	-6.422071e-03
77            	1.259869e-03	7.997236e-21	-1.845362e-03	4.613405e-05	5.500303e-03	3.149673e-05	6.760687e-04	5.838006e-04	3.149673e-05	-3.149673e-05	4.577622e-03	-6.422984e-03
78            	1.259896e-03	7.997317e-21	-1.845742e-03	4.614354e-05	5.501035e-03	3.149740e-05	6.760916e-04	5.838045e-04	3.149740e-05	-3.149740e-05	4.578165e-03	-6.423906e-03
79            	1.259928e-03	7.998023e-21	-1.846123e-03	4.615307e-05	5.501784e-03	3.149820e-05	6.761172e-04	5.838110e-04	3.149820e-05	-3.149820e-05	4.578722e-03	-6.424845e-03
80            	1.259961e-03	7.999268e-21	-1.846499e-03	4.616247e-05	5.502526e-03	3.149904e-05	6.761432e-04	5.838182e-04	3.149904e-05	-3.149904e-05	4.579277e-03	-6.425776e-03
81            	1.260006e-03	8.001004e-21	-1.846878e-03	4.617195e-05	5.503300e-03	3.150016e-05	6.761751e-04	5.838312e-04	3.150016e-05	-3.150016e-05	4.579861e-03	-6.426739e-03
82            	1.260039e-03	8.002727e-21	-1.847230e-03	4.618076e-05	5.504004e-03	3.150098e-05	6.762003e-04	5.838388e-04	3.150098e-05	-3.150098e-05	4.580388e-03	-6.427619e-03
83            	1.260088e-03	8.005043e-21	-1.847584e-03	4.618961e-05	5.504741e-03	3.150221e-05	6.762338e-04	5.838546e-04	3.150221e-05	-3.150221e-05	4.580949e-03	-6.428533e-03
84            	1.260134e-03	8.007645e-21	-1.847922e-03	4.619804e-05	5.505443e-03	3.150336e-05	6.762652e-04	5.838692e-04	3.150336e-05	-3.150336e-05	4.581482e-03	-6.429404e-03
85            	1.260184e-03	8.010354e-21	-1.848253e-03	4.620633e-05	5.506143e-03	3.150460e-05	6.762983e-04	5.838857e-04	3.150460e-05	-3.150460e-05	4.582016e-03	-6.430269e-03
86            	1.260236e-03	8.013150e-21	-1.848568e-03	4.621421e-05	5.506817e-03	3.150590e-05	6.763321e-04	5.839037e-04	3.150590e-05	-3.150590e-05	4.582533e-03	-6.431101e-03
87            	1.260288e-03	8.016048e-21	-1.848870e-03	4.622175e-05	5.507468e-03	3.150720e-05	6.763657e-04	5.839222e-04	3.150720e-05	-3.150720e-05	4.583033e-03	-6.431903e-03
88            	1.260341e-03	8.019044e-21	-1.849161e-03	4.622901e-05	5.508099e-03	3.150852e-05	6.763994e-04	5.839413e-04	3.150852e-05	-3.150852e-05	4.583519e-03	-6.432679e-03
89            	1.260393e-03	8.022045e-21	-1.849437e-03	4.623593e-05	5.508705e-03	3.150984e-05	6.764327e-04	5.839608e-04	3.150984e-05	-3.150984e-05	4.583987e-03	-6.433424e-03
90            	1.260445e-03	8.025032e-21	-1.849699e-03	4.624248e-05	5.509282e-03	3.151113e-05	6.764651e-04	5.839801e-04	3.151113e-05	-3.151113e-05	4.584432e-03	-6.434132e-03
91            	1.260496e-03	8.027984e-21	-1.849946e-03	4.624865e-05	5.509830e-03	3.151240e-05	6.764966e-04	5.839993e-04	3.151240e-05	-3.151240e-05	4.584857e-03	-6.434803e-03
92            	1.260546e-03	8.030895e-21	-1.850180e-03	4.625450e-05	5.510352e-03	3.151366e-05	6.765276e-04	5.840186e-04	3.151366e-05	-3.151366e-05	4.585262e-03	-6.435442e-03
93            	1.260595e-03	8.033724e-21	-1.850398e-03	4.625996e-05	5.510844e-03	3.151488e-05	6.765576e-04	5.840377e-04	3.151488e-05	-3.151488e-05	4.585645e-03	-6.436044e-03
94            	1.260642e-03	8.036478e-21	-1.850601e-03	4.626502e-05	5.511304e-03	3.151606e-05	6.765862e-04	5.840562e-04	3.151606e-05	-3.151606e-05	4.586003e-03	-6.436604e-03
95            	1.260688e-03	8.039132e-21	-1.850790e-03	4.626976e-05	5.511736e-03	3.151720e-05	6.766138e-04	5.840743e-04	3.151720e-05	-3.151720e-05	4.586341e-03	-6.437131e-03
96            	1.260731e-03	8.041364e-21	-1.850965e-03	4.627413e-05	5.512137e-03	3.151829e-05	6.766399e-04	5.840916e-04	3.151829e-05	-3.151829e-05	4.586655e-03	-6.437620e-03
97            	1.260772e-03	8.043575e-21	-1.851126e-03	4.627816e-05	5.512508e-03	3.151931e-05	6.766643e-04	5.841080e-04	3.151931e-05	-3.151931e-05	4.586945e-03	-6.438071e-03
98            	1.260811e-03	8.046093e-21	-1.851276e-03	4.628189e-05	5.512853e-03	3.152028e-05	6.766874e-04	5.841236e-04	3.152028e-05	-3.152028e-05	4.587215e-03	-6.438491e-03
99            	1.260849e-03	8.048531e-21	-1.851415e-03	4.628537e-05	5.513177e-03	3.152121e-05	6.767097e-04	5.841389e-04	3.152121e-05	-3.152121e-05	4.587470e-03	-6.438885e-03
100           	1.260885e-03	8.050911e-21	-1.851545e-03	4.628863e-05	5.513484e-03	3.152213e-05	6.767313e-04	5.841540e-04	3.152213e-05	-3.152213e-05	4.587711e-03	-6.439256e-03
101           	1.260921e-03	8.053232e-21	-1.851667e-03	4.629168e-05	5.513773e-03	3.152302e-05	6.767522e-04	5.841688e-04	3.152302e-05	-3.152302e-05	4.587939e-03	-6.439607e-03
102           	1.260955e-03	8.055495e-21	-1.851781e-03	4.629451e-05	5.514043e-03	3.152388e-05	6.767721e-04	5.841831e-04	3.152388e-05	-3.152388e-05	4.588153e-03	-6.439933e-03
103           	1.260988e-03	8.057703e-21	-1.851887e-03	4.629718e-05	5.514299e-03	3.152471e-05	6.767913e-04	5.841969e-04	3.152471e-05	-3.152471e-05	4.588355e-03	-6.440243e-03
104           	1.261020e-03	8.059847e-21	-1.851989e-03	4.629972e-05	5.514543e-03	3.152551e-05	6.768099e-04	5.842105e-04	3.152551e-05	-3.152551e-05	4.588549e-03	-6.440537e-03
105           	1.261052e-03	8.061923e-21	-1.852085e-03	4.630212e-05	5.514775e-03	3.152629e-05	6.768279e-04	5.842237e-04	3.152629e-05	-3.152629e-05	4.588733e-03	-6.440817e-03
106           	1.261082e-03	8.063935e-21	-1.852177e-03	4.630442e-05	5.514998e-03	3.152705e-05	6.768454e-04	5.842365e-04	3.152705e-05	-3.152705e-05	4.588909e-03	-6.441086e-03
107           	1.261111e-03	8.065868e-21	-1.852265e-03	4.630662e-05	5.515210e-03	3.152777e-05	6.768620e-04	5.842488e-04	3.152777e-05	-3.152777e-05	4.589077e-03	-6.441342e-03
108           	1.261139e-03	8.067731e-21	-1.852349e-03	4.630871e-05	5.515412e-03	3.152846e-05	6.768780e-04	5.842606e-04	3.152846e-05	-3.152846e-05	4.589237e-03	-6.441586e-03
109           	1.261166e-03	8.069543e-21	-1.852430e-03	4.631075e-05	5.515608e-03	3.152914e-05	6.768936e-04	5.842721e-04	3.152914e-05	-3.152914e-05	4.589393e-03	-6.441823e-03
110           	1.261192e-03	8.071275e-21	-1.852509e-03	4.631272e-05	5.515799e-03	3.152981e-05	6.769090e-04	5.842835e-04	3.152981e-05	-3.152981e-05	4.589544e-03	-6.442053e-03
111           	1.261220e-03	8.072947e-21	-1.852587e-03	4.631467e-05	5.515990e-03	3.153049e-05	6.769245e-04	5.842952e-04	3.153049e-05	-3.153049e-05	4.589696e-03	-6.442283e-03
112           	1.261248e-03	8.074543e-21	-1.852664e-03	4.631660e-05	5.516180e-03	3.153119e-05	6.769404e-04	5.843072e-04	3.153119e-05	-3.153119e-05	4.589848e-03	-6.442512e-03
113           	1.261275e-03	8.076058e-21	-1.852739e-03	4.631848e-05	5.516367e-03	3.153188e-05	6.769561e-04	5.843192e-04	3.153188e-05	-3.153188e-05	4.589997e-03	-6.442736e-03
114           	1.261302e-03	8.077491e-21	-1.852812e-03	4.632029e-05	5.516547e-03	3.153256e-05	6.769715e-04	5.843309e-04	3.153256e-05	-3.153256e-05	4.590141e-03	-6.442952e-03
115           	1.261328e-03	8.078844e-21	-1.852880e-03	4.632201e-05	5.516718e-03	3.153321e-05	6.769861e-04	5.843421e-04	3.153321e-05	-3.153321e-05	4.590278e-03	-6.443158e-03
116           	1.261353e-03	8.080122e-21	-1.852946e-03	4.632365e-05	5.516880e-03	3.153382e-05	6.770001e-04	5.843528e-04	3.153382e-05	-3.153382e-05	4.590407e-03	-6.443353e-03
117           	1.261376e-03	8.081327e-21	-1.853009e-03	4.632523e-05	5.517037e-03	3.153441e-05	6.770134e-04	5.843630e-04	3.153441e-05	-3.153441e-05	4.590532e-03	-6.443541e-03
118           	1.261399e-03	8.082437e-21	-1.853070e-03	4.632675e-05	5.517186e-03	3.153498e-05	6.770263e-04	5.843728e-04	3.153498e-05	-3.153498e-05	4.590651e-03	-6.443722e-03
119           	1.261420e-03	8.083460e-21	-1.853128e-03	4.632819e-05	5.517328e-03	3.153551e-05	6.770383e-04	5.843819e-04	3.153551e-05	-3.153551e-05	4.590764e-03	-6.443891e-03
120           	1.261438e-03	8.084442e-21	-1.853178e-03	4.632946e-05	5.517450e-03	3.153596e-05	6.770486e-04	5.843897e-04	3.153596e-05	-3.153596e-05	4.590860e-03	-6.444039e-03
121           	1.261456e-03	8.085034e-21	-1.853229e-03	4.633072e-05	5.517571e-03	3.153641e-05	6.770589e-04	5.843974e-04	3.153641e-05	-3.153641e-05	4.590957e-03	-6.444186e-03
122           	1.261472e-03	8.085953e-21	-1.853276e-03	4.633191e-05	5.517684e-03	3.153680e-05	6.770680e-04	5.844042e-04	3.153680e-05	-3.153680e-05	4.591045e-03	-6.444322e-03
123           	1.261485e-03	8.086772e-21	-1.853319e-03	4.633298e-05	5.517782e-03	3.153713e-05	6.770756e-04	5.844096e-04	3.153713e-05	-3.153713e-05	4.591122e-03	-6.444441e-03
124           	1.261498e-03	8.087546e-21	-1.853361e-03	4.633402e-05	5.517878e-03	3.153745e-05	6.770830e-04	5.844150e-04	3.153745e-05	-3.153745e-05	4.591197e-03	-6.444558e-03
125           	1.261511e-03	8.088320e-21	-1.853402e-03	4.633505e-05	5.517973e-03	3.153778e-05	6.770907e-04	5.844206e-04	3.153778e-05	-3.153778e-05	4.591272e-03	-6.444675e-03
126           	1.261524e-03	8.089060e-21	-1.853442e-03	4.633606e-05	5.518067e-03	3.153810e-05	6.770981e-04	5.844260e-04	3.153810e-05	-3.153810e-05	4.591346e-03	-6.444789e-03
127           	1.261536e-03	8.089766e-21	-1.853482e-03	4.633704e-05	5.518158e-03	3.153841e-05	6.771052e-04	5.844311e-04	3.153841e-05	-3.153841e-05	4.591417e-03	-6.444899e-03
128           	1.261548e-03	8.090446e-21	-1.853519e-03	4.633799e-05	5.518245e-03	3.153870e-05	6.771120e-04	5.844360e-04	3.153870e-05	-3.153870e-05	4.591485e-03	-6.445005e-03
129           	1.261559e-03	8.091103e-21	-1.853556e-03	4.633890e-05	5.518328e-03	3.153897e-05	6.771184e-04	5.844406e-04	3.153897e-05	-3.153897e-05	4.591550e-03	-6.445106e-03
130           	1.261569e-03	8.091737e-21	-1.853591e-03	4.633978e-05	5.518408e-03	3.153923e-05	6.771244e-04	5.844449e-04	3.153923e-05	-3.153923e-05	4.591613e-03	-6.445204e-03
131           	1.261579e-03	8.092349e-21	-1.853625e-03	4.634062e-05	5.518484e-03	3.153948e-05	6.771302e-04	5.844489e-04	3.153948e-05	-3.153948e-05	4.591672e-03	-6.445297e-03
132           	1.261588e-03	8.092942e-21	-1.853657e-03	4.634142e-05	5.518557e-03	3.153971e-05	6.771356e-04	5.844527e-04	3.153971e-05	-3.153971e-05	4.591728e-03	-6.445385e-03
133           	1.261597e-03	8.093515e-21	-1.853687e-03	4.634218e-05	5.518625e-03	3.153992e-05	6.771407e-04	5.844563e-04	3.153992e-05	-3.153992e-05	4.591782e-03	-6.445469e-03
134           	1.261605e-03	8.094073e-21	-1.853716e-03	4.634290e-05	5.518689e-03	3.154012e-05	6.771454e-04	5.844596e-04	3.154012e-05	-3.154012e-05	4.591831e-03	-6.445547e-03
135           	1.261613e-03	8.094623e-21	-1.853744e-03	4.634360e-05	5.518751e-03	3.154032e-05	6.771500e-04	5.844628e-04	3.154032e-05	-3.154032e-05	4.591880e-03	-6.445623e-03
136           	1.261620e-03	8.095155e-21	-1.853771e-03	4.634427e-05	5.518811e-03	3.154050e-05	6.771543e-04	5.844658e-04	3.154050e-05	-3.154050e-05	4.591926e-03	-6.445697e-03
137           	1.261628e-03	8.095807e-21	-1.853798e-03	4.634494e-05	5.518871e-03	3.154069e-05	6.771588e-04	5.844689e-04	3.154069e-05	-3.154069e-05	4.591973e-03	-6.445770e-03
138           	1.261635e-03	8.096418e-21	-1.853823e-03	4.634558e-05	5.518929e-03	3.154089e-05	6.771633e-04	5.844721e-04	3.154089e-05	-3.154089e-05	4.592018e-03	-6.445841e-03
139           	1.261642e-03	8.096972e-21	-1.853846e-03	4.634616e-05	5.518980e-03	3.154104e-05	6.771670e-04	5.844747e-04	3.154104e-05	-3.154104e-05	4.592057e-03	-6.445903e-03
140           	1.261647e-03	8.097428e-21	-1.853868e-03	4.634670e-05	5.519027e-03	3.154118e-05	6.771704e-04	5.844770e-04	3.154118e-05	-3.154118e-05	4.592093e-03	-6.445961e-03
141           	1.261652e-03	8.097845e-21	-1.853888e-03	4.634719e-05	5.519070e-03	3.154131e-05	6.771734e-04	5.844790e-04	3.154131e-05	-3.154131e-05	4.592126e-03	-6.446014e-03
142           	1.261657e-03	8.098243e-21	-1.853907e-03	4.634767e-05	5.519111e-03	3.154143e-05	6.771762e-04	5.844809e-04	3.154143e-05	-3.154143e-05	4.592158e-03	-6.446065e-03
143           	1.261661e-03	8.098614e-21	-1.853925e-03	4.634813e-05	5.519150e-03	3.154154e-05	6.771789e-04	5.844826e-04	3.154154e-05	-3.154154e-05	4.592187e-03	-6.446113e-03
144           	1.261666e-03	8.098955e-21	-1.853943e-03	4.634857e-05	5.519188e-03	3.154165e-05	6.771815e-04	5.844843e-04	3.154165e-05	-3.154165e-05	4.592216e-03	-6.446159e-03
145           	1.261670e-03	8.099268e-21	-1.853960e-03	4.634900e-05	5.519224e-03	3.154175e-05	6.771840e-04	5.844860e-04	3.154175e-05	-3.154175e-05	4.592244e-03	-6.446204e-03
146           	1.261674e-03	8.099559e-21	-1.853976e-03	4.634940e-05	5.519259e-03	3.154185e-05	6.771865e-04	5.844877e-04	3.154185e-05	-3.154185e-05	4.592271e-03	-6.446247e-03
147           	1.261678e-03	8.099825e-21	-1.853991e-03	4.634979e-05	5.519292e-03	3.154195e-05	6.771888e-04	5.844892e-04	3.154195e-05	-3.154195e-05	4.592296e-03	-6.446288e-03
148           	1.261682e-03	8.100064e-21	-1.854006e-03	4.635015e-05	5.519323e-03	3.154204e-05	6.771910e-04	5.844907e-04	3.154204e-05	-3.154204e-05	4.592320e-03	-6.446326e-03
149           	1.261685e-03	8.100268e-21	-1.854020e-03	4.635051e-05	5.519353e-03	3.154213e-05	6.771931e-04	5.844921e-04	3.154213e-05	-3.154213e-05	4.592343e-03	-6.446364e-03
150           	1.261688e-03	8.100348e-21	-1.854033e-03	4.635082e-05	5.519380e-03	3.154221e-05	6.771950e-04	5.844933e-04	3.154221e-05	-3.154221e-05	4.592363e-03	-6.446396e-03
151           	1.261691e-03	8.100415e-21	-1.854044e-03	4.635110e-05	5.519403e-03	3.154227e-05	6.771965e-04	5.844943e-04	3.154227e-05	-3.154227e-05	4.592381e-03	-6.446425e-03
152           	1.261693e-03	8.100468e-21	-1.854055e-03	4.635138e-05	5.519425e-03	3.154233e-05	6.771979e-04	5.844951e-04	3.154233e-05	-3.154233e-05	4.592398e-03	-6.446453e-03
153           	1.261695e-03	8.100522e-21	-1.854065e-03	4.635163e-05	5.519446e-03	3.154238e-05	6.771993e-04	5.844960e-04	3.154238e-05	-3.154238e-05	4.592414e-03	-6.446479e-03
154           	1.261697e-03	8.100569e-21	-1.854075e-03	4.635187e-05	5.519466e-03	3.154243e-05	6.772005e-04	5.844968e-04	3.154243e-05	-3.154243e-05	4.592428e-03	-6.446503e-03
155           	1.261699e-03	8.100610e-21	-1.854084e-03	4.635209e-05	5.519483e-03	3.154248e-05	6.772016e-04	5.844974e-04	3.154248e-05	-3.154248e-05	4.592442e-03	-6.446525e-03
156           	1.261701e-03	8.100656e-21	-1.854092e-03	4.635230e-05	5.519500e-03	3.154251e-05	6.772026e-04	5.844980e-04	3.154251e-05	-3.154251e-05	4.592454e-03	-6.446546e-03
157           	1.261702e-03	8.100706e-21	-1.854100e-03	4.635250e-05	5.519515e-03	3.154255e-05	6.772035e-04	5.844985e-04	3.154255e-05	-3.154255e-05	4.592466e-03	-6.446565e-03
158           	1.261703e-03	8.100758e-21	-1.854107e-03	4.635268e-05	5.519530e-03	3.154258e-05	6.772043e-04	5.844989e-04	3.154258e-05	-3.154258e-05	4.592476e-03	-6.446584e-03
159           	1.261704e-03	8.100811e-21	-1.854114e-03	4.635286e-05	5.519543e-03	3.154261e-05	6.772050e-04	5.844993e-04	3.154261e-05	-3.154261e-05	4.592486e-03	-6.446601e-03
160           	1.261705e-03	8.100899e-21	-1.854121e-03	4.635303e-05	5.519556e-03	3.154263e-05	6.772057e-04	5.844996e-04	3.154263e-05	-3.154263e-05	4.592496e-03	-6.446617e-03
161           	1.261706e-03	8.100972e-21	-1.854127e-03	4.635319e-05	5.519568e-03	3.154265e-05	6.772063e-04	5.844999e-04	3.154265e-05	-3.154265e-05	4.592504e-03	-6.446632e-03
162           	1.261707e-03	8.101040e-21	-1.854134e-03	4.635334e-05	5.519579e-03	3.154268e-05	6.772069e-04	5.845002e-04	3.154268e-05	-3.154268e-05	4.592513e-03	-6.446646e-03
163           	1.261708e-03	8.101100e-21	-1.854139e-03	4.635349e-05	5.519591e-03	3.154270e-05	6.772075e-04	5.845005e-04	3.154270e-05	-3.154270e-05	4.592521e-03	-6.446660e-03
164           	1.261709e-03	8.101152e-21	-1.854145e-03	4.635363e-05	5.519602e-03	3.154272e-05	6.772081e-04	5.845008e-04	3.154272e-05	-3.154272e-05	4.592529e-03	-6.446675e-03
165           	1.261710e-03	8.101198e-21	-1.854151e-03	4.635377e-05	5.519613e-03	3.154275e-05	6.772087e-04	5.845011e-04	3.154275e-05	-3.154275e-05	4.592537e-03	-6.446688e-03
166           	1.261711e-03	8.101237e-21	-1.854156e-03	4.635390e-05	5.519623e-03	3.154277e-05	6.772093e-04	5.845015e-04	3.154277e-05	-3.154277e-05	4.592545e-03	-6.446701e-03
167           	1.261712e-03	8.101195e-21	-1.854161e-03	4.635402e-05	5.519632e-03	3.154279e-05	6.772098e-04	5.845017e-04	3.154279e-05	-3.154279e-05	4.592552e-03	-6.446713e-03
168           	1.261712e-03	8.101158e-21	-1.854165e-03	4.635414e-05	5.519641e-03	3.154280e-05	6.772102e-04	5.845019e-04	3.154280e-05	-3.154280e-05	4.592558e-03	-6.446724e-03
169           	1.261713e-03	8.101122e-21	-1.854170e-03	4.635424e-05	5.519649e-03	3.154282e-05	6.772106e-04	5.845021e-04	3.154282e-05	-3.154282e-05	4.592564e-03	-6.446734e-03
170           	1.261713e-03	8.101155e-21	-1.854174e-03	4.635435e-05	5.519656e-03	3.154283e-05	6.772109e-04	5.845022e-04	3.154283e-05	-3.154283e-05	4.592570e-03	-6.446743e-03
171           	1.261713e-03	8.101121e-21	-1.854178e-03	4.635444e-05	5.519663e-03	3.154284e-05	6.772112e-04	5.845023e-04	3.154284e-05	-3.154284e-05	4.592574e-03	-6.446752e-03
172           	1.261714e-03	8.101186e-21	-1.854181e-03	4.635453e-05	5.519670e-03	3.154285e-05	6.772115e-04	5.845024e-04	3.154285e-05	-3.154285e-05	4.592579e-03	-6.446761e-03
173           	1.261714e-03	8.101250e-21	-1.854185e-03	4.635462e-05	5.519676e-03	3.154285e-05	6.772117e-04	5.845024e-04	3.154285e-05	-3.154285e-05	4.592584e-03	-6.446769e-03
174           	1.261714e-03	8.101319e-21	-1.854188e-03	4.635471e-05	5.519683e-03	3.154286e-05	6.772119e-04	5.845025e-04	3.154286e-05	-3.154286e-05	4.592588e-03	-6.446777e-03
175           	1.261715e-03	8.101389e-21	-1.854192e-03	4.635479e-05	5.519689e-03	3.154287e-05	6.772122e-04	5.845026e-04	3.154287e-05	-3.154287e-05	4.592593e-03	-6.446785e-03
176           	1.261715e-03	8.101455e-21	-1.854195e-03	4.635488e-05	5.519695e-03	3.154288e-05	6.772125e-04	5.845027e-04	3.154288e-05	-3.154288e-05	4.592597e-03	-6.446792e-03
177           	1.261716e-03	8.101510e-21	-1.854198e-03	4.635495e-05	5.519700e-03	3.154289e-05	6.772127e-04	5.845028e-04	3.154289e-05	-3.154289e-05	4.592601e-03	-6.446800e-03
178           	1.261716e-03	8.101558e-21	-1.854201e-03	4.635503e-05	5.519706e-03	3.154290e-05	6.772130e-04	5.845029e-04	3.154290e-05	-3.154290e-05	4.592605e-03	-6.446807e-03
179           	1.261716e-03	8.101597e-21	-1.854204e-03	4.635510e-05	5.519711e-03	3.154290e-05	6.772132e-04	5.845030e-04	3.154290e-05	-3.154290e-05	4.592609e-03	-6.446813e-03
180           	1.261716e-03	8.101627e-21	-1.854207e-03	4.635517e-05	5.519716e-03	3.154291e-05	6.772134e-04	5.845030e-04	3.154291e-05	-3.154291e-05	4.592613e-03	-6.446820e-03
181           	1.261717e-03	8.101622e-21	-1.854209e-03	4.635523e-05	5.519721e-03	3.154292e-05	6.772135e-04	5.845031e-04	3.154292e-05	-3.154292e-05	4.592616e-03	-6.446825e-03
182           	1.261717e-03	8.101620e-21	-1.854212e-03	4.635529e-05	5.519725e-03	3.154292e-05	6.772137e-04	5.845031e-04	3.154292e-05	-3.154292e-05	4.592619e-03	-6.446831e-03
183           	1.261717e-03	8.101642e-21	-1.854214e-03	4.635535e-05	5.519729e-03	3.154292e-05	6.772138e-04	5.845031e-04	3.154292e-05	-3.154292e-05	4.592622e-03	-6.446836e-03
184           	1.261717e-03	8.101658e-21	-1.854216e-03	4.635541e-05	5.519733e-03	3.154293e-05	6.772140e-04	5.845032e-04	3.154293e-05	-3.154293e-05	4.592625e-03	-6.446841e-03
185           	1.261717e-03	8.101669e-21	-1.854218e-03	4.635546e-05	5.519737e-03	3.154293e-05	6.772141e-04	5.845032e-04	3.154293e-05	-3.154293e-05	4.592628e-03	-6.446846e-03
186           	1.261717e-03	8.101678e-21	-1.854220e-03	4.635551e-05	5.519740e-03	3.154293e-05	6.772142e-04	5.845031e-04	3.154293e-05	-3.154293e-05	4.592630e-03	-6.446850e-03
187           	1.261717e-03	8.101684e-21	-1.854222e-03	4.635555e-05	5.519743e-03	3.154293e-05	6.772142e-04	5.845031e-04	3.154293e-05	-3.154293e-05	4.592632e-03	-6.446854e-03
188           	1.261717e-03	8.101675e-21	-1.854224e-03	4.635559e-05	5.519746e-03	3.154293e-05	6.772142e-04	5.845031e-04	3.154293e-05	-3.154293e-05	4.592634e-03	-6.446858e-03
189           	1.261717e-03	8.101667e-21	-1.854225e-03	4.635563e-05	5.519748e-03	3.154293e-05	6.772143e-04	5.845030e-04	3.154293e-05	-3.154293e-05	4.592636e-03	-6.446861e-03
190           	1.261717e-03	8.101659e-21	-1.854227e-03	4.635567e-05	5.519750e-03	3.154293e-05	6.772143e-04	5.845029e-04	3.154293e-05	-3.154293e-05	4.592637e-03	-6.446864e-03
191           	1.261717e-03	8.101650e-21	-1.854228e-03	4.635570e-05	5.519753e-03	3.154293e-05	6.772143e-04	5.845029e-04	3.154293e-05	-3.154293e-05	4.592639e-03	-6.446867e-03
192           	1.261717e-03	8.101642e-21	-1.854229e-03	4.635574e-05	5.519755e-03	3.154293e-05	6.772144e-04	5.845029e-04	3.154293e-05	-3.154293e-05	4.592640e-03	-6.446870e-03
193           	1.261717e-03	8.101646e-21	-1.854231e-03	4.635577e-05	5.519757e-03	3.154293e-05	6.772144e-04	5.845028e-04	3.154293e-05	-3.154293e-05	4.592642e-03	-6.446872e-03
194           	1.261717e-03	8.101635e-21	-1.854232e-03	4.635579e-05	5.519758e-03	3.154293e-05	6.772143e-04	5.845027e-04	3.154293e-05	-3.154293e-05	4.592642e-03	-6.446874e-03
195           	1.261717e-03	8.101628e-21	-1.854233e-03	4.635582e-05	5.519760e-03	3.154292e-05	6.772143e-04	5.845026e-04	3.154292e-05	-3.154292e-05	4.592643e-03	-6.446876e-03
196           	1.261717e-03	8.101620e-21	-1.854234e-03	4.635584e-05	5.519761e-03	3.154292e-05	6.772142e-04	5.845026e-04	3.154292e-05	-3.154292e-05	4.592644e-03	-6.446878e-03
197           	1.261717e-03	8.101612e-21	-1.854234e-03	4.635586e-05	5.519762e-03	3.154292e-05	6.772142e-04	5.845025e-04	3.154292e-05	-3.154292e-05	4.592645e-03	-6.446879e-03
198           	1.261717e-03	8.101604e-21	-1.854235e-03	4.635588e-05	5.519763e-03	3.154292e-05	6.772142e-04	5.845024e-04	3.154292e-05	-3.154292e-05	4.592646e-03	-6.446881e-03
199           	1.261717e-03	8.101597e-21	-1.854236e-03	4.635590e-05	5.519765e-03	3.154291e-05	6.772142e-04	5.845024e-04	3.154291e-05	-3.154291e-05	4.592646e-03	-6.446883e-03
200           	1.261716e-03	8.101589e-21	-1.854237e-03	4.635592e-05	5.519766e-03	3.154291e-05	6.772142e-04	5.845023e-04	3.154291e-05	-3.154291e-05	4.592647e-03	-6.446884e-03
201           	1.261716e-03	8.101583e-21	-1.854238e-03	4.635594e-05	5.519767e-03	3.154291e-05	6.772142e-04	5.845023e-04	3.154291e-05	-3.154291e-05	4.592648e-03	-6.446886e-03
202           	1.261716e-03	8.101576e-21	-1.854238e-03	4.635596e-05	5.519768e-03	3.154291e-05	6.772142e-04	5.845023e-04	3.154291e-05	-3.154291e-05	4.592649e-03	-6.446887e-03
203           	1.261716e-03	8.101568e-21	-1.854239e-03	4.635598e-05	5.519769e-03	3.154291e-05	6.772142e-04	5.845022e-04	3.154291e-05	-3.154291e-05	4.592650e-03	-6.446889e-03
204           	1.261716e-03	8.101560e-21	-1.854240e-03	4.635599e-05	5.519770e-03	3.154291e-05	6.772142e-04	5.845022e-04	3.154291e-05	-3.154291e-05	4.592650e-03	-6.446890e-03
205           	1.261716e-03	8.101552e-21	-1.854240e-03	4.635601e-05	5.519771e-03	3.154291e-05	6.772142e-04	5.845022e-04	3.154291e-05	-3.154291e-05	4.592651e-03	-6.446891e-03
206           	1.261716e-03	8.101543e-21	-1.854241e-03	4.635602e-05	5.519772e-03	3.154291e-05	6.772142e-04	5.845021e-04	3.154291e-05	-3.154291e-05	4.592652e-03	-6.446892e-03
207           	1.261716e-03	8.101534e-21	-1.854241e-03	4.635603e-05	5.519773e-03	3.154291e-05	6.772142e-04	5.845021e-04	3.154291e-05	-3.154291e-05	4.592652e-03	-6.446893e-03
208           	1.261716e-03	8.101524e-21	-1.854242e-03	4.635604e-05	5.519773e-03	3.154291e-05	6.772142e-04	5.845021e-04	3.154291e-05	-3.154291e-05	4.592652e-03	-6.446894e-03
209           	1.261716e-03	8.101506e-21	-1.854242e-03	4.635605e-05	5.519774e-03	3.154291e-05	6.772142e-04	5.845021e-04	3.154291e-05	-3.154291e-05	4.592653e-03	-6.446895e-03
210           	1.261716e-03	8.101487e-21	-1.854242e-03	4.635606e-05	5.519774e-03	3.154290e-05	6.772141e-04	5.845020e-04	3.154290e-05	-3.154290e-05	4.592653e-03	-6.446896e-03
211           	1.261716e-03	8.101467e-21	-1.854243e-03	4.635607e-05	5.519775e-03	3.154290e-05	6.772141e-04	5.845020e-04	3.154290e-05	-3.154290e-05	4.592653e-03	-6.446896e-03
212           	1.261716e-03	8.101445e-21	-1.854243e-03	4.635607e-05	5.519775e-03	3.154290e-05	6.772141e-04	5.845019e-04	3.154290e-05	-3.154290e-05	4.592654e-03	-6.446896e-03
213           	1.261716e-03	8.101424e-21	-1.854243e-03	4.635608e-05	5.519775e-03	3.154290e-05	6.772141e-04	5.845019e-04	3.154290e-05	-3.154290e-05	4.592654e-03	-6.446897e-03
214           	1.261716e-03	8.101403e-21	-1.854243e-03	4.635608e-05	5.519775e-03	3.154290e-05	6.772140e-04	5.845019e-04	3.154290e-05	-3.154290e-05	4.592654e-03	-6.446897e-03
215           	1.261716e-03	8.101383e-21	-1.854243e-03	4.635609e-05	5.519776e-03	3.154289e-05	6.772140e-04	5.845018e-04	3.154289e-05	-3.154289e-05	4.592654e-03	-6.446897e-03
216           	1.261716e-03	8.101366e-21	-1.854244e-03	4.635609e-05	5.519776e-03	3.154289e-05	6.772140e-04	5.845018e-04	3.154289e-05	-3.154289e-05	4.592654e-03	-6.446898e-03
217           	1.261716e-03	8.101349e-21	-1.854244e-03	4.635609e-05	5.519776e-03	3.154289e-05	6.772140e-04	5.845018e-04	3.154289e-05	-3.154289e-05	4.592654e-03	-6.446898e-03
218           	1.261716e-03	8.101334e-21	-1.854244e-03	4.635610e-05	5.519776e-03	3.154289e-05	6.772139e-04	5.845017e-04	3.154289e-05	-3.154289e-05	4.592654e-03	-6.446898e-03
219           	1.261716e-03	8.101321e-21	-1.854244e-03	4.635610e-05	5.519776e-03	3.154289e-05	6.772139e-04	5.845017e-04	3.154289e-05	-3.154289e-05	4.592654e-03	-6.446898e-03
220           	1.261716e-03	8.101313e-21	-1.854244e-03	4.635610e-05	5.519776e-03	3.154289e-05	6.772139e-04	5.845017e-04	3.154289e-05	-3.154289e-05	4.592654e-03	-6.446898e-03
221           	1.261715e-03	8.101304e-21	-1.854244e-03	4.635610e-05	5.519776e-03	3.154289e-05	6.772138e-04	5.845016e-04	3.154289e-05	-3.154289e-05	4.592654e-03	-6.446898e-03
222           	1.261715e-03	8.101296e-21	-1.854244e-03	4.635610e-05	5.519776e-03	3.154289e-05	6.772138e-04	5.845016e-04	3.154289e-05	-3.154289e-05	4.592654e-03	-6.446898e-03
223           	1.261715e-03	8.101288e-21	-1.854244e-03	4.635611e-05	5.519776e-03	3.154288e-05	6.772138e-04	5.845016e-04	3.154288e-05	-3.154288e-05	4.592654e-03	-6.446898e-03
224           	1.261715e-03	8.101280e-21	-1.854244e-03	4.635611e-05	5.519776e-03	3.154288e-05	6.772138e-04	5.845016e-04	3.154288e-05	-3.154288e-05	4.592654e-03	-6.446898e-03
225           	1.261715e-03	8.101273e-21	-1.854244e-03	4.635611e-05	5.519776e-03	3.154288e-05	6.772137e-04	5.845015e-04	3.154288e-05	-3.154288e-05	4.592654e-03	-6.446898e-03
226           	1.261715e-03	8.101265e-21	-1.854244e-03	4.635611e-05	5.519776e-03	3.154288e-05	6.772137e-04	5.845015e-04	3.154288e-05	-3.154288e-05	4.592654e-03	-6.446898e-03
227           	1.261715e-03	8.101259e-21	-1.854244e-03	4.635611e-05	5.519776e-03	3.154288e-05	6.772137e-04	5.845015e-04	3.154288e-05	-3.154288e-05	4.592654e-03	-6.446898e-03
228           	1.261715e-03	8.101252e-21	-1.854244e-03	4.635611e-05	5.519776e-03	3.154288e-05	6.772137e-04	5.845015e-04	3.154288e-05	-3.154288e-05	4.592654e-03	-6.446898e-03
229           	1.261715e-03	8.101246e-21	-1.854245e-03	4.635611e-05	5.519776e-03	3.154288e-05	6.772137e-04	5.845014e-04	3.154288e-05	-3.154288e-05	4.592654e-03	-6.446898e-03
230           	1.261715e-03	8.101240e-21	-1.854245e-03	4.635611e-05	5.519776e-03	3.154288e-05	6.772137e-04	5.845014e-04	3.154288e-05	-3.154288e-05	4.592654e-03	-6.446898e-03
231           	1.261715e-03	8.101233e-21	-1.854245e-03	4.635611e-05	5.519776e-03	3.154288e-05	6.772136e-04	5.845014e-04	3.154288e-05	-3.154288e-05	4.592654e-03	-6.446898e-03
232           	1.261715e-03	8.101228e-21	-1.854245e-03	4.635612e-05	5.519776e-03	3.154288e-05	6.772136e-04	5.845014e-04	3.154288e-05	-3.154288e-05	4.592654e-03	-6.446898e-03
233           	1.261715e-03	8.101225e-21	-1.854245e-03	4.635612e-05	5.519776e-03	3.154287e-05	6.772136e-04	5.845014e-04	3.154287e-05	-3.154287e-05	4.592654e-03	-6.446899e-03
234           	1.261715e-03	8.101222e-21	-1.854245e-03	4.635612e-05	5.519776e-03	3.154287e-05	6.772136e-04	5.845014e-04	3.154287e-05	-3.154287e-05	4.592654e-03	-6.446899e-03
235           	1.261715e-03	8.101220e-21	-1.854245e-03	4.635612e-05	5.519776e-03	3.154287e-05	6.772136e-04	5.845014e-04	3.154287e-05	-3.154287e-05	4.592654e-03	-6.446899e-03
236           	1.261715e-03	8.101218e-21	-1.854245e-03	4.635612e-05	5.519777e-03	3.154287e-05	6.772136e-04	5.845014e-04	3.154287e-05	-3.154287e-05	4.592654e-03	-6.446899e-03
237           	1.261715e-03	8.101216e-21	-1.854245e-03	4.635612e-05	5.519777e-03	3.154287e-05	6.772136e-04	5.845014e-04	3.154287e-05	-3.154287e-05	4.592654e-03	-6.446899e-03
238           	1.261715e-03	8.101214e-21	-1.854245e-03	4.635612e-05	5.519777e-03	3.154287e-05	6.772136e-04	5.845014e-04	3.154287e-05	-3.154287e-05	4.592654e-03	-6.446899e-03
239           	1.261715e-03	8.101212e-21	-1.854245e-03	4.635612e-05	5.519777e-03	3.154287e-05	6.772136e-04	5.845014e-04	3.154287e-05	-3.154287e-05	4.592654e-03	-6.446899e-03
240           	1.261715e-03	8.101210e-21	-1.854245e-03	4.635612e-05	5.519777e-03	3.154287e-05	6.772136e-04	5.845014e-04	3.154287e-05	-3.154287e-05	4.592654e-03	-6.446899e-03
241           	1.261715e-03	8.101208e-21	-1.854245e-03	4.635612e-05	5.519777e-03	3.154287e-05	6.772136e-04	5.845013e-04	3.154287e-05	-3.154287e-05	4.592654e-03	-6.446899e-03
242           	1.261715e-03	8.101206e-21	-1.854245e-03	4.635612e-05	5.519777e-03	3.154287e-05	6.772136e-04	5.845013e-04	3.154287e-05	-3.154287e-05	4.592654e-03	-6.446899e-03
243           	1.261715e-03	8.101203e-21	-1.854245e-03	4.635612e-05	5.519777e-03	3.154287e-05	6.772136e-04	5.845013e-04	3.154287e-05	-3.154287e-05	4.592654e-03	-6.446899e-03
244           	1.261715e-03	8.101202e-21	-1.854245e-03	4.635612e-05	5.519777e-03	3.154287e-05	6.772136e-04	5.845013e-04	3.154287e-05	-3.154287e-05	4.592654e-03	-6.446899e-03
245           	1.261715e-03	8.101199e-21	-1.854245e-03	4.635612e-05	5.519777e-03	3.154287e-05	6.772136e-04	5.845013e-04	3.154287e-05	-3.154287e-05	4.592654e-03	-6.446899e-03
246           	1.261715e-03	8.101197e-21	-1.854245e-03	4.635612e-05	5.519777e-03	3.154287e-05	6.772136e-04	5.845013e-04	3.154287e-05	-3.154287e-05	4.592654e-03	-6.446899e-03
247           	1.261715e-03	8.101196e-21	-1.854245e-03	4.635612e-05	5.519777e-03	3.154287e-05	6.772136e-04	5.845013e-04	3.154287e-05	-3.154287e-05	4.592654e-03	-6.446899e-03
248           	1.261715e-03	8.101194e-21	-1.854245e-03	4.635612e-05	5.519777e-03	3.154287e-05	6.772136e-04	5.845013e-04	3.154287e-05	-3.154287e-05	4.592654e-03	-6.446899e-03
249           	1.261715e-03	8.101192e-21	-1.854245e-03	4.635612e-05	5.519777e-03	3.154287e-05	6.772136e-04	5.845013e-04	3.154287e-05	-3.154287e-05	4.592654e-03	-6.446899e-03
250           	1.261715e-03	8.101191e-21	-1.854245e-03	4.635612e-05	5.519777e-03	3.154287e-05	6.772136e-04	5.845013e-04	3.154287e-05	-3.154287e-05	4.592654e-03	-6.446899e-03
251           	1.261715e-03	8.101189e-21	-1.854245e-03	4.635612e-05	5.519777e-03	3.154287e-05	6.772136e-04	5.845013e-04	3.154287e-05	-3.154287e-05	4.592654e-03	-6.446899e-03
252           	1.261715e-03	8.101188e-21	-1.854245e-03	4.635612e-05	5.519777e-03	3.154287e-05	6.772135e-04	5.845013e-04	3.154287e-05	-3.154287e-05	4.592654e-03	-6.446899e-03
253           	1.261715e-03	8.101186e-21	-1.854245e-03	4.635612e-05	5.519777e-03	3.154287e-05	6.772135e-04	5.845013e-04	3.154287e-05	-3.154287e-05	4.592654e-03	-6.446899e-03
254           	1.261715e-03	8.101184e-21	-1.854245e-03	4.635612e-05	5.519777e-03	3.154287e-05	6.772135e-04	5.845013e-04	3.154287e-05	-3.154287e-05	4.592654e-03	-6.446899e-03
255           	1.261715e-03	8.101183e-21	-1.854245e-03	4.635612e-05	5.519776e-03	3.154287e-05	6.772135e-04	5.845013e-04	3.154287e-05	-3.154287e-05	4.592654e-03	-6.446899e-03
256           	1.261715e-03	8.101181e-21	-1.854245e-03	4.635612e-05	5.519776e-03	3.154287e-05	6.772135e-04	5.845013e-04	3.154287e-05	-3.154287e-05	4.592654e-03	-6.446899e-03
257           	1.261715e-03	8.101180e-21	-1.854245e-03	4.635612e-05	5.519776e-03	3.154287e-05	6.772135e-04	5.845013e-04	3.154287e-05	-3.154287e-05	4.592654e-03	-6.446899e-03
258           	1.261715e-03	8.101179e-21	-1.854245e-03	4.635611e-05	5.519776e-03	3.154287e-05	6.772135e-04	5.845013e-04	3.154287e-05	-3.154287e-05	4.592654e-03	-6.446898e-03
259           	1.261715e-03	8.101178e-21	-1.854245e-03	4.635611e-05	5.519776e-03	3.154287e-05	6.772135e-04	5.845013e-04	3.154287e-05	-3.154287e-05	4.592654e-03	-6.446898e-03
260           	1.261715e-03	8.101177e-21	-1.854244e-03	4.635611e-05	5.519776e-03	3.154287e-05	6.772135e-04	5.845013e-04	3.154287e-05	-3.154287e-05	4.592654e-03	-6.446898e-03
261           	1.261715e-03	8.101176e-21	-1.854244e-03	4.635611e-05	5.519776e-03	3.154287e-05	6.772135e-04	5.845013e-04	3.154287e-05	-3.154287e-05	4.592654e-03	-6.446898e-03
262           	1.261715e-03	8.101175e-21	-1.854244e-03	4.635611e-05	5.519776e-03	3.154287e-05	6.772135e-04	5.845012e-04	3.154287e-05	-3.154287e-05	4.592654e-03	-6.446898e-03
263           	1.261715e-03	8.101174e-21	-1.854244e-03	4.635611e-05	5.519776e-03	3.154287e-05	6.772135e-04	5.845012e-04	3.154287e-05	-3.154287e-05	4.592653e-03	-6.446898e-03
264           	1.261715e-03	8.101174e-21	-1.854244e-03	4.635611e-05	5.519775e-03	3.154287e-05	6.772134e-04	5.845012e-04	3.154287e-05	-3.154287e-05	4.592653e-03	-6.446898e-03
265           	1.261715e-03	8.101173e-21	-1.854244e-03	4.635611e-05	5.519775e-03	3.154287e-05	6.772134e-04	5.845012e-04	3.154287e-05	-3.154287e-05	4.592653e-03	-6.446897e-03
266           	1.261715e-03	8.101173e-21	-1.854244e-03	4.635610e-05	5.519775e-03	3.154287e-05	6.772134e-04	5.845012e-04	3.154287e-05	-3.154287e-05	4.592653e-03	-6.446897e-03
267           	1.261715e-03	8.101172e-21	-1.854244e-03	4.635610e-05	5.519775e-03	3.154287e-05	6.772134e-04	5.845012e-04	3.154287e-05	-3.154287e-05	4.592653e-03	-6.446897e-03
268           	1.261715e-03	8.101171e-21	-1.854244e-03	4.635610e-05	5.519775e-03	3.154287e-05	6.772134e-04	5.845012e-04	3.154287e-05	-3.154287e-05	4.592653e-03	-6.446897e-03
269           	1.261715e-03	8.101170e-21	-1.854244e-03	4.635610e-05	5.519775e-03	3.154287e-05	6.772134e-04	5.845012e-04	3.154287e-05	-3.154287e-05	4.592653e-03	-6.446897e-03
270           	1.261715e-03	8.101169e-21	-1.854244e-03	4.635610e-05	5.519775e-03	3.154287e-05	6.772134e-04	5.845012e-04	3.154287e-05	-3.154287e-05	4.592653e-03	-6.446897e-03
271           	1.261715e-03	8.101168e-21	-1.854244e-03	4.635610e-05	5.519775e-03	3.154287e-05	6.772134e-04	5.845012e-04	3.154287e-05	-3.154287e-05	4.592653e-03	-6.446897e-03
272           	1.261715e-03	8.101166e-21	-1.854244e-03	4.635610e-05	5.519775e-03	3.154286e-05	6.772134e-04	5.845012e-04	3.154286e-05	-3.154286e-05	4.592653e-03	-6.446897e-03
273           	1.261715e-03	8.101165e-21	-1.854244e-03	4.635610e-05	5.519775e-03	3.154286e-05	6.772134e-04	5.845012e-04	3.154286e-05	-3.154286e-05	4.592653e-03	-6.446897e-03
274           	1.261715e-03	8.101164e-21	-1.854244e-03	4.635609e-05	5.519775e-03	3.154286e-05	6.772134e-04	5.845012e-04	3.154286e-05	-3.154286e-05	4.592653e-03	-6.446896e-03
275           	1.261715e-03	8.101163e-21	-1.854244e-03	4.635609e-05	5.519774e-03	3.154286e-05	6.772134e-04	5.845012e-04	3.154286e-05	-3.154286e-05	4.592653e-03	-6.446896e-03
276           	1.261715e-03	8.101161e-21	-1.854244e-03	4.635609e-05	5.519774e-03	3.154286e-05	6.772134e-04	5.845012e-04	3.154286e-05	-3.154286e-05	4.592653e-03	-6.446896e-03
277           	1.261715e-03	8.101160e-21	-1.854244e-03	4.635609e-05	5.519774e-03	3.154286e-05	6.772134e-04	5.845012e-04	3.154286e-05	-3.154286e-05	4.592652e-03	-6.446896e-03
278           	1.261715e-03	8.101160e-21	-1.854244e-03	4.635609e-05	5.519774e-03	3.154286e-05	6.772134e-04	5.845012e-04	3.154286e-05	-3.154286e-05	4.592652e-03	-6.446896e-03
